       223:    525090.000000           1         -205.7519   
       224:    525120.000000           1         -205.7446   
       225:    525150.000000           1         -205.7302   
       227:    525210.000000           1         -205.7020   
       228:    525240.000000           1         -205.7274   
       229:    525270.000000           1         -205.7274   
       230:    525300.000000           1         -205.7245   
       231:    525330.000000           1         -205.7357   
       235:    525450.000000           1         -205.6673   
       236:    525480.000000           1         -205.5970   
       237:    525510.000000           1         -205.6061   
       238:    525540.000000           1         -205.5998   
       239:    525570.000000           1         -205.5814   
       240:    525600.000000           1         -205.5891   
       241:    525630.000000           1         -205.6092   
       242:    525660.000000           1         -205.5855   
       243:    525690.000000           1         -205.5716   
       244:    525720.000000           1         -205.5645   
       245:    525750.000000           1         -205.5713   
       246:    525780.000000           1         -205.5676   
       247:    525810.000000           1         -205.5550   
       248:    525840.000000           1         -205.5579   
       249:    525870.000000           1         -205.5719   
       250:    525900.000000           1         -205.5745   
       251:    525930.000000           1         -205.5741   
       252:    525960.000000           1         -205.5594   
       253:    525990.000000           1         -205.5602   
       254:    526020.000000           1         -205.5672   
       255:    526050.000000           1         -205.5729   
       256:    526080.000000           1         -205.5603   
       257:    526110.000000           1         -205.5674   
       258:    526140.000000           1         -205.5751   
       259:    526170.000000           1         -205.5852   
       260:    526200.000000           1         -205.5850   
       261:    526230.000000           1         -205.5827   
       262:    526260.000000           1         -205.5857   
       263:    526290.000000           1         -205.5895   
       265:    526350.000000           1         -205.6183   
       266:    526380.000000           1         -205.6213   
       267:    526410.000000           1         -205.6230   
       269:    526470.000000           1         -205.6558   
       270:    526500.000000           1         -205.6679   
       272:    526560.000000           1         -205.7557   
       273:    526590.000000           1         -205.7654   
       274:    526620.000000           1         -205.7743   
       275:    526650.000000           1         -205.7853   
       276:    526680.000000           1         -205.7933   
       278:    526740.000000           1         -205.8551   
       279:    526770.000000           1         -205.8632   
       280:    526800.000000           1         -205.8659   
       281:    526830.000000           1         -205.8764   
       283:    526890.000000           1         -205.9119   
       285:    526950.000000           1         -205.9548   
       560:    535200.000000           1         -206.1877   
       565:    535350.000000           1         -206.1917   
       566:    535380.000000           1         -206.1899   
       567:    535410.000000           1         -206.1886   
       568:    535440.000000           1         -206.1898   
       569:    535470.000000           1         -206.1958   
       574:    535620.000000           1         -206.2086   
      2483:    592890.000000           1         -199.0752   
      2484:    592920.000000           1         -199.0740   
      2485:    592950.000000           1         -199.0715   
      2486:    592980.000000           1         -199.0700   
      2487:    593010.000000           1         -199.0691   
      2488:    593040.000000           1         -199.0688   
      2489:    593070.000000           1         -199.0690   
      2490:    593100.000000           1         -199.0692   
      2491:    593130.000000           1         -199.0693   
      2492:    593160.000000           1         -199.0695   
      2493:    593190.000000           1         -199.0696   
      2494:    593220.000000           1         -199.0679   
      2495:    593250.000000           1         -199.0678   
      2496:    593280.000000           1         -199.0677   
      2497:    593310.000000           1         -199.0681   
      2498:    593340.000000           1         -199.0667   
      2501:    593430.000000           1         -199.0639   
      2502:    593460.000000           1         -199.0639   
      2503:    593490.000000           1         -199.0632   
      2505:    593550.000000           1         -199.0578   
      2506:    593580.000000           1         -199.0572   
      2507:    593610.000000           1         -199.0567   
      2508:    593640.000000           1         -199.0559   
      2509:    593670.000000           1         -199.0554   
      2510:    593700.000000           1         -199.0550   
      2511:    593730.000000           1         -199.0555   
      2512:    593760.000000           1         -199.0563   
      2513:    593790.000000           1         -199.0572   
      2514:    593820.000000           1         -199.0581   
      2515:    593850.000000           1         -199.0586   
      2516:    593880.000000           1         -199.0593   
      2518:    593940.000000           1         -199.0615   
      2519:    593970.000000           1         -199.0615   
      2520:    594000.000000           1         -199.0618   
      2521:    594030.000000           1         -199.0634   
      2522:    594060.000000           1         -199.0645   
      2523:    594090.000000           1         -199.0649   
      2524:    594120.000000           1         -199.0655   
      2525:    594150.000000           1         -199.0659   
      2526:    594180.000000           1         -199.0672   
      2527:    594210.000000           1         -199.0686   
      2528:    594240.000000           1         -199.0700   
      2530:    594300.000000           1         -199.0729   
      2531:    594330.000000           1         -199.0733   
      2532:    594360.000000           1         -199.0728   
