       897:    545310.000000           1         -209.2041   
       898:    545340.000000           1         -209.2172   
       899:    545370.000000           1         -209.2267   
       900:    545400.000000           1         -213.2487   
       901:    545430.000000           1         -222.5013   
       902:    545460.000000           1         -222.5138   
       903:    545490.000000           1         -222.5266   
       904:    545520.000000           1         -213.2909   
       905:    545550.000000           1         -213.2993   
       906:    545580.000000           1         -209.3097   
       907:    545610.000000           1         -222.5859   
       908:    545640.000000           1         -213.3567   
       909:    545670.000000           1         -222.6310   
       910:    545700.000000           1         -222.6620   
       911:    545730.000000           1         -213.4503   
       912:    545760.000000           1         -222.7144   
       913:    545790.000000           1         -222.7375   
       914:    545820.000000           1         -213.5163   
       915:    545850.000000           1         -222.7816   
       916:    545880.000000           1         -213.5608   
       917:    545910.000000           1         -222.8258   
       918:    545940.000000           1         -212.2246   
       919:    545970.000000           1         -213.6336   
       920:    546000.000000           1         -212.2790   
       921:    546030.000000           1         -212.2945   
       922:    546060.000000           1         -212.3074   
       923:    546090.000000           1         -204.7205   
       924:    546120.000000           1         -213.7434   
       925:    546150.000000           1         -204.7809   
       926:    546180.000000           1         -212.4187   
       927:    546210.000000           1         -204.8367   
       928:    546240.000000           1         -204.8504   
       929:    546270.000000           1         -204.8698   
       930:    546300.000000           1         -204.8826   
       931:    546330.000000           1         -212.5203   
       932:    546360.000000           1         -212.5484   
       933:    546390.000000           1         -213.9613   
       934:    546420.000000           1         -212.6002   
       935:    546450.000000           1         -212.6112   
       936:    546480.000000           1         -212.6236   
       937:    546510.000000           1         -223.2900   
       938:    546540.000000           1         -214.0632   
       939:    546570.000000           1         -212.7033   
       940:    546600.000000           1         -212.7159   
       941:    546630.000000           1         -212.7310   
       942:    546660.000000           1         -223.3984   
       943:    546690.000000           1         -214.1780   
       944:    546720.000000           1         -214.1932   
       945:    546750.000000           1         -214.2039   
       946:    546780.000000           1         -223.4808   
       947:    546810.000000           1         -214.2628   
       948:    546840.000000           1         -214.2747   
       949:    546870.000000           1         -214.2889   
       950:    546900.000000           1         -223.5675   
       951:    546930.000000           1         -223.5817   
       952:    546960.000000           1         -223.5942   
       953:    546990.000000           1         -223.6057   
       954:    547020.000000           1         -214.3674   
       955:    547050.000000           1         -214.3798   
       956:    547080.000000           1         -214.3950   
       957:    547110.000000           1         -214.4059   
       958:    547140.000000           1         -214.4203   
       959:    547170.000000           1         -214.4337   
       960:    547200.000000           1         -214.4440   
       961:    547230.000000           1         -214.4580   
       962:    547260.000000           1         -214.4715   
       963:    547290.000000           1         -214.4847   
       964:    547320.000000           1         -214.4972   
       965:    547350.000000           1         -223.7722   
       966:    547380.000000           1         -214.5516   
       967:    547410.000000           1         -223.8259   
       968:    547440.000000           1         -213.2090   
       969:    547470.000000           1         -205.6407   
       970:    547500.000000           1         -213.2651   
       971:    547530.000000           1         -205.6919   
       972:    547560.000000           1         -223.9496   
       973:    547590.000000           1         -205.7425   
       974:    547620.000000           1         -213.3643   
       975:    547650.000000           1         -205.7964   
       976:    547680.000000           1         -205.8249   
       977:    547710.000000           1         -205.8468   
       978:    547740.000000           1         -205.8727   
       979:    547770.000000           1         -163.5666   
       980:    547800.000000           1         -205.9234   
       981:    547830.000000           1         -205.9464   
       982:    547860.000000           1         -163.6427   
       983:    547890.000000           1         -205.9983   
       984:    547920.000000           1         -206.0181   
       985:    547950.000000           1         -206.0281   
       986:    547980.000000           1         -206.0375   
       987:    548010.000000           1         -206.0463   
       988:    548040.000000           1         -215.0605   
       989:    548070.000000           1         -206.1000   
       990:    548100.000000           1         -206.1128   
       991:    548130.000000           1         -206.1242   
       992:    548160.000000           1         -206.1391   
       993:    548190.000000           1         -206.1536   
       994:    548220.000000           1         -206.1644   
       995:    548250.000000           1         -215.1710   
       996:    548280.000000           1         -206.2039   
       997:    548310.000000           1         -206.2162   
       998:    548340.000000           1         -206.2266   
       999:    548370.000000           1         -206.2383   
      1000:    548400.000000           1         -206.2526   
      1001:    548430.000000           1         -206.2640   
      1002:    548460.000000           1         -206.2757   
      1003:    548490.000000           1         -206.2900   
      1004:    548520.000000           1         -213.9018   
      1005:    548550.000000           1         -206.3355   
      1006:    548580.000000           1         -164.0212   
      1007:    548610.000000           1         -164.0314   
      1008:    548640.000000           1         -206.3738   
      1009:    548670.000000           1         -213.9725   
      1010:    548700.000000           1         -213.9955   
      1011:    548730.000000           1         -206.4339   
      1012:    548760.000000           1         -206.4469   
      1013:    548790.000000           1         -214.0598   
      1014:    548820.000000           1         -214.0800   
      1015:    548850.000000           1         -214.0887   
      1016:    548880.000000           1         -215.5031   
      1017:    548910.000000           1         -214.1232   
      1018:    548940.000000           1         -214.1304   
      1019:    548970.000000           1         -215.5468   
      1020:    549000.000000           1         -206.5830   
      1021:    549030.000000           1         -206.5908   
      1022:    549060.000000           1         -214.1948   
      1023:    549090.000000           1         -206.6296   
      1024:    549120.000000           1         -214.2310   
      1025:    549150.000000           1         -206.6702   
      1026:    549180.000000           1         -214.2779   
      1027:    549210.000000           1         -206.7162   
      1028:    549240.000000           1         -214.3209   
      1029:    549270.000000           1         -206.7527   
      1030:    549300.000000           1         -206.7619   
      1031:    549330.000000           1         -206.7714   
      1032:    549360.000000           1         -206.7808   
      1033:    549390.000000           1         -206.7877   
      1034:    549420.000000           1         -164.4641   
      1035:    549450.000000           1         -164.4766   
      1036:    549480.000000           1         -206.8131   
      1037:    549510.000000           1         -206.8205   
      1038:    549540.000000           1         -214.4257   
      1039:    549570.000000           1         -206.8560   
      1040:    549600.000000           1         -214.4630   
      1041:    549630.000000           1         -164.5659   
      1042:    549660.000000           1         -164.5727   
      1043:    549690.000000           1         -164.5840   
      1044:    549720.000000           1         -206.9161   
      1045:    549750.000000           1         -206.9253   
      1046:    549780.000000           1         -206.9325   
      1047:    549810.000000           1         -206.9396   
      1048:    549840.000000           1         -206.9481   
      1049:    549870.000000           1         -214.5487   
      1050:    549900.000000           1         -206.9781   
      1051:    549930.000000           1         -206.9859   
      1052:    549960.000000           1         -214.5962   
      1053:    549990.000000           1         -207.0290   
      1054:    550020.000000           1         -207.0362   
      1055:    550050.000000           1         -207.0434   
      1056:    550080.000000           1         -207.0507   
      1057:    550110.000000           1         -207.0597   
      1058:    550140.000000           1         -214.6635   
      1059:    550170.000000           1         -207.0872   
      1060:    550200.000000           1         -207.0967   
      1061:    550230.000000           1         -207.1055   
      1062:    550260.000000           1         -207.1116   
      1063:    550290.000000           1         -207.1183   
      1064:    550320.000000           1         -207.1238   
      1065:    550350.000000           1         -207.1313   
      1066:    550380.000000           1         -207.1385   
      1067:    550410.000000           1         -207.1432   
      1068:    550440.000000           1         -214.7447   
      1069:    550470.000000           1         -207.1614   
      1070:    550500.000000           1         -216.1972   
      1071:    550530.000000           1         -214.7799   
      1072:    550560.000000           1         -214.7857   
      1073:    550590.000000           1         -216.2205   
      1074:    550620.000000           1         -216.2384   
      1075:    550650.000000           1         -216.2424   
      1076:    550680.000000           1         -216.2482   
      1077:    550710.000000           1         -216.2537   
      1078:    550740.000000           1         -225.5271   
      1079:    550770.000000           1         -225.5351   
      1080:    550800.000000           1         -225.5436   
      1081:    550830.000000           1         -225.5510   
      1082:    550860.000000           1         -225.5543   
      1083:    550890.000000           1         -225.5563   
      1084:    550920.000000           1         -225.5611   
      1085:    550950.000000           1         -216.3063   
      1086:    550980.000000           1         -216.3116   
      1087:    551010.000000           1         -216.3139   
      1088:    551040.000000           1         -216.3196   
      1089:    551070.000000           1         -216.3238   
      1090:    551100.000000           1         -216.3288   
      1091:    551130.000000           1         -216.3351   
      1092:    551160.000000           1         -216.3402   
      1093:    551190.000000           1         -216.3457   
      1094:    551220.000000           1         -216.3515   
      1095:    551250.000000           1         -216.3583   
      1096:    551280.000000           1         -214.9250   
      1097:    551310.000000           1         -216.3749   
      1098:    551340.000000           1         -214.9435   
      1099:    551370.000000           1         -216.3911   
      1100:    551400.000000           1         -207.3563   
      1101:    551430.000000           1         -216.4094   
      1102:    551460.000000           1         -207.3752   
      1103:    551490.000000           1         -214.9874   
      1104:    551520.000000           1         -207.3949   
      1105:    551550.000000           1         -215.0102   
      1106:    551580.000000           1         -207.4161   
      1107:    551610.000000           1         -215.0271   
      1108:    551640.000000           1         -207.4282   
      1109:    551670.000000           1         -215.0337   
      1110:    551700.000000           1         -207.4346   
      1111:    551730.000000           1         -216.4879   
      1112:    551760.000000           1         -207.4429   
      1113:    551790.000000           1         -207.4473   
      1114:    551820.000000           1         -215.0621   
      1115:    551850.000000           1         -215.0647   
      1116:    551880.000000           1         -215.0708   
      1117:    551910.000000           1         -215.0755   
      1118:    551940.000000           1         -207.4769   
      1119:    551970.000000           1         -165.1838   
      1120:    552000.000000           1         -165.1884   
      1121:    552030.000000           1         -215.1009   
      1122:    552060.000000           1         -207.5001   
      1123:    552090.000000           1         -215.1070   
      1124:    552120.000000           1         -207.5102   
      1125:    552150.000000           1         -215.1227   
      1126:    552180.000000           1         -215.1274   
      1127:    552210.000000           1         -207.5227   
      1128:    552240.000000           1         -207.5240   
      1129:    552270.000000           1         -207.5260   
      1130:    552300.000000           1         -207.5274   
      1131:    552330.000000           1         -207.5271   
      1132:    552360.000000           1         -207.5283   
      1133:    552390.000000           1         -207.5312   
      1134:    552420.000000           1         -216.6010   
      1135:    552450.000000           1         -216.6022   
      1136:    552480.000000           1         -216.6050   
      1137:    552510.000000           1         -216.6097   
      1138:    552540.000000           1         -216.6124   
      1139:    552570.000000           1         -216.6159   
      1140:    552600.000000           1         -225.8881   
      1141:    552630.000000           1         -225.8891   
      1142:    552660.000000           1         -225.8904   
      1143:    552690.000000           1         -212.3480   
      1144:    552720.000000           1         -225.8995   
      1145:    552750.000000           1         -212.3507   
      1146:    552780.000000           1         -225.9004   
      1147:    552810.000000           1         -225.9002   
      1148:    552840.000000           1         -225.9004   
      1149:    552870.000000           1         -212.3419   
      1150:    552900.000000           1         -225.8947   
      1151:    552930.000000           1         -212.3353   
      1152:    552960.000000           1         -225.8856   
      1153:    552990.000000           1         -225.8859   
      1154:    553020.000000           1         -225.8874   
      1155:    553050.000000           1         -216.6220   
      1156:    553080.000000           1         -216.6238   
      1157:    553110.000000           1         -216.6239   
      1158:    553140.000000           1         -216.6245   
      1159:    553170.000000           1         -216.6256   
      1160:    553200.000000           1         -216.6259   
      1161:    553230.000000           1         -225.8993   
      1162:    553260.000000           1         -216.6322   
      1163:    553290.000000           1         -216.6309   
      1164:    553320.000000           1         -216.6307   
      1165:    553350.000000           1         -216.6305   
      1166:    553380.000000           1         -215.1551   
      1167:    553410.000000           1         -215.1542   
      1168:    553440.000000           1         -215.1560   
      1169:    553470.000000           1         -215.1552   
      1170:    553500.000000           1         -215.1535   
      1171:    553530.000000           1         -215.1508   
      1172:    553560.000000           1         -215.1473   
      1173:    553590.000000           1         -215.1457   
      1174:    553620.000000           1         -215.1439   
      1175:    553650.000000           1         -215.1409   
      1176:    553680.000000           1         -215.1390   
      1177:    553710.000000           1         -216.6086   
      1178:    553740.000000           1         -216.6047   
      1179:    553770.000000           1         -216.6013   
      1180:    553800.000000           1         -216.5994   
      1181:    553830.000000           1         -216.5980   
      1182:    553860.000000           1         -225.8557   
      1183:    553890.000000           1         -212.2794   
      1184:    553920.000000           1         -216.5830   
      1185:    553950.000000           1         -216.5813   
      1186:    553980.000000           1         -225.8408   
      1187:    554010.000000           1         -215.0901   
      1188:    554040.000000           1         -215.0902   
      1189:    554070.000000           1         -215.0885   
      1190:    554100.000000           1         -215.0852   
      1191:    554130.000000           1         -215.0823   
      1192:    554160.000000           1         -215.0775   
      1193:    554190.000000           1         -225.8139   
      1194:    554220.000000           1         -216.5384   
      1195:    554250.000000           1         -215.0536   
      1196:    554280.000000           1         -216.5288   
      1197:    554310.000000           1         -216.5245   
      1198:    554340.000000           1         -216.5199   
      1199:    554370.000000           1         -216.5163   
      1200:    554400.000000           1         -216.5070   
      1201:    554430.000000           1         -215.0164   
      1202:    554460.000000           1         -216.4863   
      1203:    554490.000000           1         -225.7440   
      1204:    554520.000000           1         -216.4720   
      1205:    554550.000000           1         -214.9867   
      1206:    554580.000000           1         -214.9817   
      1207:    554610.000000           1         -214.9766   
      1208:    554640.000000           1         -214.9714   
      1209:    554670.000000           1         -214.9642   
      1210:    554700.000000           1         -214.9593   
      1211:    554730.000000           1         -214.9546   
      1212:    554760.000000           1         -214.9499   
      1213:    554790.000000           1         -214.9444   
      1214:    554820.000000           1         -214.9391   
      1215:    554850.000000           1         -214.9359   
      1216:    554880.000000           1         -214.9351   
      1217:    554910.000000           1         -214.9317   
      1218:    554940.000000           1         -207.3126   
      1219:    554970.000000           1         -207.3067   
      1220:    555000.000000           1         -207.3000   
      1221:    555030.000000           1         -214.8979   
      1222:    555060.000000           1         -207.2815   
      1223:    555090.000000           1         -207.2745   
      1224:    555120.000000           1         -207.2684   
      1225:    555150.000000           1         -207.2619   
      1226:    555180.000000           1         -219.8135   
      1227:    555210.000000           1         -207.2397   
      1228:    555240.000000           1         -207.2332   
      1229:    555270.000000           1         -219.7194   
      1230:    555300.000000           1         -207.2064   
      1231:    555330.000000           1         -207.1990   
      1232:    555360.000000           1         -166.7710   
      1233:    555390.000000           1         -207.1737   
      1234:    555420.000000           1         -166.7093   
      1235:    555450.000000           1         -166.7879   
      1236:    555480.000000           1         -166.8159   
      1237:    555510.000000           1         -166.9952   
      1238:    555540.000000           1         -207.1439   
      1239:    555570.000000           1         -207.1388   
      1240:    555600.000000           1         -214.7015   
      1241:    555630.000000           1         -214.6899   
      1242:    555660.000000           1         -207.1154   
      1243:    555690.000000           1         -207.1095   
      1244:    555720.000000           1         -214.6607   
      1245:    555750.000000           1         -207.0808   
      1246:    555780.000000           1         -214.6358   
      1247:    555810.000000           1         -214.6304   
      1248:    555840.000000           1         -214.6230   
      1249:    555870.000000           1         -214.6164   
      1250:    555900.000000           1         -214.6120   
      1251:    555930.000000           1         -214.6061   
      1252:    555960.000000           1         -219.3547   
      1253:    555990.000000           1         -214.5811   
      1254:    556020.000000           1         -219.4211   
      1255:    556050.000000           1         -219.4279   
      1256:    556080.000000           1         -219.3933   
      1257:    556110.000000           1         -216.0588   
      1258:    556140.000000           1         -216.0482   
      1259:    556170.000000           1         -219.1939   
      1260:    556200.000000           1         -219.1547   
      1261:    556230.000000           1         -216.0193   
      1262:    556260.000000           1         -219.2196   
      1263:    556290.000000           1         -219.2223   
      1264:    556320.000000           1         -219.2970   
      1265:    556350.000000           1         -214.4484   
      1266:    556380.000000           1         -214.4402   
      1267:    556410.000000           1         -214.4330   
      1268:    556440.000000           1         -219.1923   
      1269:    556470.000000           1         -214.4034   
      1270:    556500.000000           1         -214.3963   
      1271:    556530.000000           1         -214.3917   
      1272:    556560.000000           1         -214.3850   
      1273:    556590.000000           1         -214.3742   
      1274:    556620.000000           1         -215.8864   
      1275:    556650.000000           1         -219.3882   
      1276:    556680.000000           1         -211.5092   
      1277:    556710.000000           1         -225.0889   
      1278:    556740.000000           1         -215.8469   
      1279:    556770.000000           1         -215.8407   
      1280:    556800.000000           1         -225.0628   
      1281:    556830.000000           1         -215.8164   
      1282:    556860.000000           1         -215.8100   
      1283:    556890.000000           1         -215.8042   
      1284:    556920.000000           1         -215.7975   
      1286:    556980.000000           1         -215.7715   
      1287:    557010.000000           1         -215.7627   
      1288:    557040.000000           1         -215.7555   
      1289:    557070.000000           1         -215.7470   
      1290:    557100.000000           1         -215.7389   
      1291:    557130.000000           1         -215.7315   
      1292:    557160.000000           1         -215.7239   
      1293:    557190.000000           1         -215.7153   
      1294:    557220.000000           1         -215.7011   
      1295:    557250.000000           1         -224.9232   
      1296:    557280.000000           1         -224.9124   
      1297:    557310.000000           1         -211.2978   
      1298:    557340.000000           1         -211.2853   
      1299:    557370.000000           1         -224.8701   
      1300:    557400.000000           1         -224.8643   
      1301:    557430.000000           1         -218.7318   
      1302:    557460.000000           1         -218.7248   
      1303:    557490.000000           1         -218.7207   
      1304:    557520.000000           1         -218.7148   
      1305:    557550.000000           1         -218.7142   
      1306:    557580.000000           1         -215.5770   
      1307:    557610.000000           1         -218.6849   
      1308:    557640.000000           1         -218.6742   
      1309:    557670.000000           1         -218.6649   
      1310:    557700.000000           1         -218.6566   
      1311:    557730.000000           1         -218.6500   
      1312:    557760.000000           1         -215.5188   
      1313:    557790.000000           1         -224.7463   
      1314:    557820.000000           1         -218.5676   
      1315:    557850.000000           1         -218.5511   
      1316:    557880.000000           1         -224.7189   
      1317:    557910.000000           1         -218.5078   
      1318:    557940.000000           1         -218.4944   
      1319:    557970.000000           1         -215.4392   
      1320:    558000.000000           1         -215.4251   
      1321:    558030.000000           1         -218.1608   
      1322:    558060.000000           1         -224.6402   
      1323:    558090.000000           1         -224.6287   
      1324:    558120.000000           1         -215.3737   
      1325:    558150.000000           1         -215.3659   
      1326:    558180.000000           1         -215.3609   
      1327:    558210.000000           1         -215.3533   
      1328:    558240.000000           1         -215.3450   
      1329:    558270.000000           1         -224.5795   
      1330:    558300.000000           1         -210.9368   
      1331:    558330.000000           1         -215.3071   
      1332:    558360.000000           1         -215.3004   
      1333:    558390.000000           1         -210.9007   
      1334:    558420.000000           1         -210.8915   
      1335:    558450.000000           1         -224.5085   
      1336:    558480.000000           1         -210.8637   
      1338:    558540.000000           1         -210.8335   
      1339:    558570.000000           1         -210.8210   
      1340:    558600.000000           1         -210.8166   
      1351:    558930.000000           1         -210.6924   
      1361:    559230.000000           1         -210.6039   
      1362:    559260.000000           1         -210.5975   
      1363:    559290.000000           1         -210.5916   
      1364:    559320.000000           1         -210.5834   
      1365:    559350.000000           1         -210.5797   
      1366:    559380.000000           1         -210.5740   
      1367:    559410.000000           1         -224.2133   
      1368:    559440.000000           1         -224.2062   
      1369:    559470.000000           1         -224.2012   
      1370:    559500.000000           1         -224.1960   
      1371:    559530.000000           1         -210.5512   
      1372:    559560.000000           1         -210.5549   
      1379:    559770.000000           1         -210.5849   
      1381:    559830.000000           1         -210.5995   
      1382:    559860.000000           1         -210.6035   
      1383:    559890.000000           1         -210.6056   
      1384:    559920.000000           1         -210.6035   
      1385:    559950.000000           1         -224.2682   
      1386:    559980.000000           1         -210.6201   
      1387:    560010.000000           1         -210.6282   
      1888:    575040.000000           1         -206.6762   
      1890:    575100.000000           1         -206.6329   
      1891:    575130.000000           1         -206.6234   
      1893:    575190.000000           1         -206.5835   
      1894:    575220.000000           1         -206.5758   
      1895:    575250.000000           1         -206.5562   
      1897:    575310.000000           1         -206.5162   
      1899:    575370.000000           1         -206.4817   
      1901:    575430.000000           1         -206.4494   
      1907:    575610.000000           1         -206.3260   
      1908:    575640.000000           1         -206.3058   
      1910:    575700.000000           1         -206.2638   
      1913:    575790.000000           1         -206.1984   
      1915:    575850.000000           1         -206.1539   
      1916:    575880.000000           1         -206.1438   
      1938:    576540.000000           1         -205.8011   
      1940:    576600.000000           1         -205.7612   
      1941:    576630.000000           1         -205.7500   
      1943:    576690.000000           1         -205.7082   
      1944:    576720.000000           1         -205.6982   
      1947:    576810.000000           1         -205.6341   
      1948:    576840.000000           1         -205.6243   
      1949:    576870.000000           1         -205.6143   
      1950:    576900.000000           1         -205.6041   
      1951:    576930.000000           1         -205.5935   
      1953:    576990.000000           1         -205.5536   
      1954:    577020.000000           1         -205.5441   
      1955:    577050.000000           1         -205.5332   
      2060:    580200.000000           1         -204.1221   
      2062:    580260.000000           1         -206.2188   
      2063:    580290.000000           1         -204.0813   
      2064:    580320.000000           1         -204.0641   
      2065:    580350.000000           1         -204.0451   
      2066:    580380.000000           1         -205.6844   
      2067:    580410.000000           1         -204.0085   
      2068:    580440.000000           1         -205.4740   
      2069:    580470.000000           1         -205.4002   
      2070:    580500.000000           1         -203.9697   
      2072:    580560.000000           1         -203.9337   
      2074:    580620.000000           1         -203.8975   
      2075:    580650.000000           1         -203.8878   
      2076:    580680.000000           1         -205.1782   
      2077:    580710.000000           1         -205.1252   
      2078:    580740.000000           1         -217.6531   
      2079:    580770.000000           1         -217.6445   
      2080:    580800.000000           1         -203.8452   
      2081:    580830.000000           1         -203.8363   
      2083:    580890.000000           1         -203.8014   
      2084:    580920.000000           1         -203.7924   
      2085:    580950.000000           1         -203.7834   
      2103:    581490.000000           1         -203.5600   
      2104:    581520.000000           1         -203.5514   
      2105:    581550.000000           1         -203.5428   
      2106:    581580.000000           1         -203.5329   
      2107:    581610.000000           1         -203.5241   
      2108:    581640.000000           1         -203.5138   
      2109:    581670.000000           1         -203.5050   
      2110:    581700.000000           1         -203.4955   
      2113:    581790.000000           1         -203.4394   
      2114:    581820.000000           1         -203.4305   
      2115:    581850.000000           1         -203.4215   
      2116:    581880.000000           1         -203.4136   
      2117:    581910.000000           1         -203.3976   
      2119:    581970.000000           1         -203.5263   
      2121:    582030.000000           1         -203.6188   
      2122:    582060.000000           1         -203.6153   
      2123:    582090.000000           1         -203.3099   
      2124:    582120.000000           1         -203.3024   
      2125:    582150.000000           1         -203.2936   
      2126:    582180.000000           1         -203.2850   
      2130:    582300.000000           1         -203.2147   
      2152:    582960.000000           1         -202.9702   
      2172:    583560.000000           1         -202.7070   
      2173:    583590.000000           1         -202.6960   
      2174:    583620.000000           1         -202.6853   
      2175:    583650.000000           1         -202.6755   
      2176:    583680.000000           1         -202.6646   
      2177:    583710.000000           1         -202.6529   
      2179:    583770.000000           1         -202.6074   
      2180:    583800.000000           1         -202.5964   
      2181:    583830.000000           1         -202.5859   
      2183:    583890.000000           1         -202.5409   
      2184:    583920.000000           1         -202.5287   
      2186:    583980.000000           1         -202.4849   
      2187:    584010.000000           1         -202.4735   
      2188:    584040.000000           1         -202.4625   
      2189:    584070.000000           1         -202.4525   
      2190:    584100.000000           1         -202.4418   
      2191:    584130.000000           1         -202.4306   
      2192:    584160.000000           1         -202.4197   
      2193:    584190.000000           1         -202.4088   
      2194:    584220.000000           1         -202.3985   
      2195:    584250.000000           1         -202.3883   
      2291:    587130.000000           1         -200.9267   
      2292:    587160.000000           1         -200.9172   
      2294:    587220.000000           1         -200.8700   
      2296:    587280.000000           1         -200.8254   
      2297:    587310.000000           1         -200.8150   
      2298:    587340.000000           1         -200.8047   
      2299:    587370.000000           1         -200.7943   
      2302:    587460.000000           1         -200.7269   
      2303:    587490.000000           1         -200.7165   
      2304:    587520.000000           1         -200.7052   
      2305:    587550.000000           1         -200.6943   
      2308:    587640.000000           1         -200.4154   
      2309:    587670.000000           1         -200.4033   
      2310:    587700.000000           1         -200.3920   
      2311:    587730.000000           1         -200.3792   
      2312:    587760.000000           1         -200.3665   
      2313:    587790.000000           1         -200.5583   
      2314:    587820.000000           1         -200.3160   
      2315:    587850.000000           1         -200.3039   
      2316:    587880.000000           1         -200.5142   
      2317:    587910.000000           1         -200.5019   
      2318:    587940.000000           1         -200.4903   
      2320:    588000.000000           1         -200.4481   
      2321:    588030.000000           1         -200.4374   
      2325:    588150.000000           1         -200.3522   
      2326:    588180.000000           1         -200.3419   
      2327:    588210.000000           1         -200.3327   
      2334:    588420.000000           1         -200.2396   
      2336:    588480.000000           1         -200.1994   
      2337:    588510.000000           1         -200.1887   
      2340:    588600.000000           1         -200.1595   
      2349:    588870.000000           1         -199.7930   
      2350:    588900.000000           1         -200.0498   
      2352:    588960.000000           1         -200.0153   
      2353:    588990.000000           1         -200.0056   
      2355:    589050.000000           1         -199.6937   
      2358:    589140.000000           1         -199.9179   
      2359:    589170.000000           1         -199.9105   
      2372:    589560.000000           1         -199.7488   
      2373:    589590.000000           1         -199.7414   
      2374:    589620.000000           1         -199.7341   
      2376:    589680.000000           1         -199.7040   
      2377:    589710.000000           1         -199.6961   
      2378:    589740.000000           1         -199.6895   
      2379:    589770.000000           1         -199.3798   
      2381:    589830.000000           1         -199.3466   
      2382:    589860.000000           1         -199.6444   
      2383:    589890.000000           1         -199.3302   
      2384:    589920.000000           1         -199.6301   
      2385:    589950.000000           1         -199.3146   
      2387:    590010.000000           1         -199.5923   
      2388:    590040.000000           1         -199.5860   
      2389:    590070.000000           1         -199.5793   
      2391:    590130.000000           1         -199.5516   
      2392:    590160.000000           1         -199.5446   
      2393:    590190.000000           1         -199.2247   
      2394:    590220.000000           1         -199.2166   
      2395:    590250.000000           1         -199.5232   
      2396:    590280.000000           1         -199.5105   
      2397:    590310.000000           1         -199.1855   
      2398:    590340.000000           1         -199.4888   
      2399:    590370.000000           1         -199.1629   
      2400:    590400.000000           1         -199.1567   
      2401:    590430.000000           1         -199.4572   
      2402:    590460.000000           1         -199.4442   
      2404:    590520.000000           1         -199.4206   
      2405:    590550.000000           1         -199.4146   
      2406:    590580.000000           1         -199.4079   
      2407:    590610.000000           1         -199.4029   
      2410:    590700.000000           1         -199.3709   
      2412:    590760.000000           1         -199.3512   
      2413:    590790.000000           1         -199.3474   
      2417:    590910.000000           1         -199.3131   
      2418:    590940.000000           1         -199.3085   
      2419:    590970.000000           1         -199.3037   
      2420:    591000.000000           1         -199.2980   
      2421:    591030.000000           1         -199.2927   
      2423:    591090.000000           1         -199.2686   
      2436:    591480.000000           1         -199.2027   
      2452:    591960.000000           1         -199.1346   
      2453:    591990.000000           1         -199.1321   
      2454:    592020.000000           1         -199.1298   
      2455:    592050.000000           1         -199.1284   
      2456:    592080.000000           1         -199.1257   
      2457:    592110.000000           1         -199.1243   
      2458:    592140.000000           1         -199.1224   
      2459:    592170.000000           1         -199.1212   
      2460:    592200.000000           1         -199.1189   
      2461:    592230.000000           1         -199.1170   
      2462:    592260.000000           1         -199.1135   
      2463:    592290.000000           1         -199.1106   
      2464:    592320.000000           1         -198.7747   
      2465:    592350.000000           1         -198.7750   
      2466:    592380.000000           1         -199.1090   
      2467:    592410.000000           1         -199.1080   
      2468:    592440.000000           1         -199.1064   
      2469:    592470.000000           1         -199.1044   
      2470:    592500.000000           1         -199.1029   
      2472:    592560.000000           1         -199.0956   
      2473:    592590.000000           1         -198.7599   
      2474:    592620.000000           1         -198.7586   
      2475:    592650.000000           1         -198.7563   
      2476:    592680.000000           1         -212.8561   
      2477:    592710.000000           1         -212.8535   
      2478:    592740.000000           1         -212.8522   
      2479:    592770.000000           1         -212.8501   
      2480:    592800.000000           1         -212.8477   
      2481:    592830.000000           1         -212.8459   
      2482:    592860.000000           1         -212.8452   
      2483:    592890.000000           1         -162.5359   
      2484:    592920.000000           1         -162.5346   
      2485:    592950.000000           1         -162.5319   
      2486:    592980.000000           1         -162.5304   
      2487:    593010.000000           1         -162.5295   
      2488:    593040.000000           1         -162.5291   
      2489:    593070.000000           1         -162.5291   
      2490:    593100.000000           1         -162.5291   
      2491:    593130.000000           1         -162.5292   
      2492:    593160.000000           1         -162.5294   
      2493:    593190.000000           1         -162.5295   
      2494:    593220.000000           1         -162.5279   
      2495:    593250.000000           1         -162.5278   
      2496:    593280.000000           1         -162.5277   
      2497:    593310.000000           1         -162.5278   
      2498:    593340.000000           1         -162.5264   
      2499:    593370.000000           1         -212.8303   
      2500:    593400.000000           1         -212.8286   
      2501:    593430.000000           1         -162.5231   
      2502:    593460.000000           1         -162.5231   
      2503:    593490.000000           1         -162.5225   
      2504:    593520.000000           1         -212.8248   
      2505:    593550.000000           1         -162.5181   
      2506:    593580.000000           1         -162.5177   
      2507:    593610.000000           1         -162.5174   
      2508:    593640.000000           1         -162.5169   
      2509:    593670.000000           1         -162.5164   
      2510:    593700.000000           1         -162.5159   
      2511:    593730.000000           1         -162.5164   
      2512:    593760.000000           1         -162.5172   
      2513:    593790.000000           1         -162.5182   
      2514:    593820.000000           1         -162.5189   
      2515:    593850.000000           1         -162.5194   
      2516:    593880.000000           1         -162.5200   
      2517:    593910.000000           1         -212.8255   
      2518:    593940.000000           1         -162.5216   
      2519:    593970.000000           1         -162.5216   
      2520:    594000.000000           1         -162.5218   
      2521:    594030.000000           1         -162.5231   
      2522:    594060.000000           1         -162.5240   
      2523:    594090.000000           1         -162.5241   
      2524:    594120.000000           1         -162.5245   
      2525:    594150.000000           1         -162.5246   
      2526:    594180.000000           1         -162.5258   
      2527:    594210.000000           1         -162.5273   
      2528:    594240.000000           1         -162.5288   
      2529:    594270.000000           1         -212.8331   
      2530:    594300.000000           1         -162.5310   
      2531:    594330.000000           1         -162.5314   
      2532:    594360.000000           1         -162.5307   
      2533:    594390.000000           1         -212.8352   
      2534:    594420.000000           1         -212.8363   
      2535:    594450.000000           1         -212.8357   
      2536:    594480.000000           1         -212.8369   
      2537:    594510.000000           1         -212.8378   
      2538:    594540.000000           1         -212.8386   
      2539:    594570.000000           1         -212.8400   
      2540:    594600.000000           1         -198.7495   
      2541:    594630.000000           1         -198.7504   
      2542:    594660.000000           1         -199.0880   
      2543:    594690.000000           1         -198.7582   
      2544:    594720.000000           1         -198.7599   
      2545:    594750.000000           1         -198.7622   
      2546:    594780.000000           1         -198.7632   
      2547:    594810.000000           1         -198.7646   
      2548:    594840.000000           1         -198.7669   
      2550:    594900.000000           1         -199.1141   
      2551:    594930.000000           1         -199.1160   
      2552:    594960.000000           1         -199.1180   
      2553:    594990.000000           1         -199.1203   
      2554:    595020.000000           1         -199.1220   
      2555:    595050.000000           1         -199.1234   
      2556:    595080.000000           1         -199.1246   
      2557:    595110.000000           1         -199.1261   
      2558:    595140.000000           1         -199.1273   
      2559:    595170.000000           1         -199.1297   
      2560:    595200.000000           1         -199.1313   
      2561:    595230.000000           1         -199.1346   
      2562:    595260.000000           1         -199.1378   
      2563:    595290.000000           1         -199.1418   
      2564:    595320.000000           1         -198.8090   
      2565:    595350.000000           1         -199.1475   
      2566:    595380.000000           1         -199.1498   
      2567:    595410.000000           1         -199.1561   
      2568:    595440.000000           1         -198.8284   
      2569:    595470.000000           1         -198.8317   
      2570:    595500.000000           1         -198.8350   
      2571:    595530.000000           1         -198.8377   
      2572:    595560.000000           1         -198.8395   
      2573:    595590.000000           1         -198.8438   
      2574:    595620.000000           1         -212.9380   
      2575:    595650.000000           1         -198.8532   
      2576:    595680.000000           1         -212.9482   
      2577:    595710.000000           1         -199.1987   
      2578:    595740.000000           1         -198.8621   
      2580:    595800.000000           1         -198.8729   
      2581:    595830.000000           1         -198.8764   
      2582:    595860.000000           1         -212.9730   
      2583:    595890.000000           1         -198.8815   
      2584:    595920.000000           1         -198.8842   
      2585:    595950.000000           1         -198.8874   
      2586:    595980.000000           1         -198.8898   
      2587:    596010.000000           1         -198.8929   
      2588:    596040.000000           1         -212.9934   
      2589:    596070.000000           1         -212.9958   
      2590:    596100.000000           1         -198.9081   
      2591:    596130.000000           1         -213.0099   
      2592:    596160.000000           1         -213.0129   
      2593:    596190.000000           1         -213.0179   
      2594:    596220.000000           1         -213.0211   
      2595:    596250.000000           1         -198.9316   
      2596:    596280.000000           1         -199.2858   
      2597:    596310.000000           1         -199.2927   
      2598:    596340.000000           1         -199.2953   
      2599:    596370.000000           1         -199.2986   
      2600:    596400.000000           1         -199.3026   
      2601:    596430.000000           1         -199.3057   
      2620:    597000.000000           1         -199.3890   
