         0:         0.000000           1         -116.6853   
         1:        30.000000           1         -109.2052   
         2:        60.000000           1         -111.2454   
         3:        90.000000           1           54.9905   
         4:       120.000000           1           54.5106   
         5:       150.000000           1           55.2428   
         6:       180.000000           1           56.1319   
         7:       210.000000           1           57.0217   
         8:       240.000000           1           58.0304   
         9:       270.000000           1           57.0484   
        10:       300.000000           1           56.7115   
        11:       330.000000           1           56.3923   
        12:       360.000000           1           55.9745   
        13:       390.000000           1           55.0591   
        14:       420.000000           1           55.0677   
        15:       450.000000           1           55.4169   
        16:       480.000000           1           54.8850   
        17:       510.000000           1           54.5237   
        18:       540.000000           1           54.6286   
        19:       570.000000           1           53.9784   
        20:       600.000000           1           53.7605   
        21:       630.000000           1           53.7283   
        22:       660.000000           1           53.8696   
        23:       690.000000           1           53.5811   
        24:       720.000000           1           53.6249   
        25:       750.000000           1           53.5253   
        26:       780.000000           1           53.5925   
        27:       810.000000           1           53.3541   
        28:       840.000000           1           53.2118   
        29:       870.000000           1         -122.0900   
        30:       900.000000           1           53.2501   
        31:       930.000000           1           53.2649   
        32:       960.000000           1           53.2474   
        33:       990.000000           1           53.2330   
        34:      1020.000000           1           53.1113   
        35:      1050.000000           1           53.0427   
        36:      1080.000000           1           52.8722   
        37:      1110.000000           1          142.6270   
        38:      1140.000000           1           52.8223   
        39:      1170.000000           1           52.9967   
        40:      1200.000000           1           53.0449   
        41:      1230.000000           1           53.5469   
        42:      1260.000000           1           53.6968   
        43:      1290.000000           1           53.7046   
        44:      1320.000000           1           53.7337   
        45:      1350.000000           1          143.8072   
        46:      1380.000000           1           53.6719   
        47:      1410.000000           1           53.6057   
        48:      1440.000000           1          143.7130   
        49:      1470.000000           1           53.7382   
        50:      1500.000000           1           53.5687   
        51:      1530.000000           1           53.5773   
        52:      1560.000000           1           53.6375   
        53:      1590.000000           1           53.7396   
        54:      1620.000000           1           53.8010   
        55:      1650.000000           1           53.7791   
        56:      1680.000000           1           53.6551   
        57:      1710.000000           1           53.7095   
        58:      1740.000000           1           53.6167   
        59:      1770.000000           1           53.7163   
        60:      1800.000000           1           53.6925   
        61:      1830.000000           1           53.6444   
        62:      1860.000000           1           53.6648   
        63:      1890.000000           1           53.6044   
        64:      1920.000000           1           53.5258   
        65:      1950.000000           1           53.5539   
        66:      1980.000000           1           53.4708   
        67:      2010.000000           1           53.3957   
        68:      2040.000000           1           53.3658   
        69:      2070.000000           1           53.2551   
        70:      2100.000000           1           53.2559   
        71:      2130.000000           1           53.1907   
        72:      2160.000000           1           53.1233   
        73:      2190.000000           1           53.0676   
        74:      2220.000000           1           52.9471   
        75:      2250.000000           1           52.9506   
        76:      2280.000000           1           52.9055   
        77:      2310.000000           1           52.9247   
        78:      2340.000000           1           52.8504   
        79:      2370.000000           1           52.8018   
        80:      2400.000000           1          142.5485   
        81:      2430.000000           1          142.5422   
        82:      2460.000000           1          142.5574   
        83:      2490.000000           1          142.5264   
        84:      2520.000000           1          142.5455   
        85:      2550.000000           1          142.6449   
        86:      2580.000000           1          142.6521   
        87:      2610.000000           1          142.7033   
        88:      2640.000000           1          142.6370   
        89:      2670.000000           1          142.7017   
        90:      2700.000000           1          142.6406   
        91:      2730.000000           1          142.6508   
        92:      2760.000000           1          142.6597   
        93:      2790.000000           1          142.6848   
        94:      2820.000000           1          142.6031   
        95:      2850.000000           1          142.6931   
        96:      2880.000000           1          142.6989   
        97:      2910.000000           1          142.7302   
        98:      2940.000000           1          142.7375   
        99:      2970.000000           1          142.7760   
       100:      3000.000000           1          142.7036   
       101:      3030.000000           1          142.6831   
       102:      3060.000000           1          142.7054   
       103:      3090.000000           1          142.6965   
       104:      3120.000000           1          142.7294   
       105:      3150.000000           1          142.7784   
       106:      3180.000000           1          142.7508   
       107:      3210.000000           1           53.0109   
       108:      3240.000000           1           53.0021   
       109:      3270.000000           1           52.9808   
       110:      3300.000000           1           52.9764   
       111:      3330.000000           1           52.9360   
       112:      3360.000000           1           52.8733   
       113:      3390.000000           1           52.8247   
       114:      3420.000000           1           52.8125   
       115:      3450.000000           1           52.8303   
       116:      3480.000000           1           52.8210   
       117:      3510.000000           1           52.7527   
       118:      3540.000000           1           52.7320   
       119:      3570.000000           1           52.7371   
       120:      3600.000000           1           52.7346   
       121:      3630.000000           1           52.7716   
       122:      3660.000000           1           52.8320   
       123:      3690.000000           1           52.7765   
       124:      3720.000000           1           52.7997   
       125:      3750.000000           1           52.7646   
       126:      3780.000000           1           52.7839   
       127:      3810.000000           1           52.8235   
       128:      3840.000000           1           52.8709   
       129:      3870.000000           1           52.9223   
       130:      3900.000000           1           53.0011   
       131:      3930.000000           1           53.0511   
       132:      3960.000000           1           53.0451   
       133:      3990.000000           1           53.0206   
       134:      4020.000000           1           53.0453   
       135:      4050.000000           1           53.0481   
       136:      4080.000000           1           53.0093   
       137:      4110.000000           1           53.0026   
       138:      4140.000000           1           53.0085   
       139:      4170.000000           1           53.0257   
       140:      4200.000000           1           53.0169   
       141:      4230.000000           1           52.9924   
       142:      4260.000000           1           53.0023   
       143:      4290.000000           1           53.0036   
       144:      4320.000000           1           52.9913   
       145:      4350.000000           1           53.0210   
       146:      4380.000000           1           53.0221   
       147:      4410.000000           1           52.9851   
       148:      4440.000000           1           52.9473   
       149:      4470.000000           1           52.9159   
       150:      4500.000000           1           52.9151   
       151:      4530.000000           1           52.9967   
       152:      4560.000000           1           53.0380   
       153:      4590.000000           1           53.0243   
       154:      4620.000000           1           53.0035   
       155:      4650.000000           1           53.0037   
       156:      4680.000000           1           53.0437   
       157:      4710.000000           1           53.0407   
       158:      4740.000000           1           53.0291   
       159:      4770.000000           1           53.0302   
       160:      4800.000000           1           53.0150   
       161:      4830.000000           1           53.0334   
       162:      4860.000000           1           53.0288   
       163:      4890.000000           1           53.0495   
       164:      4920.000000           1           53.0630   
       165:      4950.000000           1           53.0520   
       166:      4980.000000           1           53.0167   
       167:      5010.000000           1           53.0189   
       168:      5040.000000           1           53.0224   
       169:      5070.000000           1           53.0379   
       170:      5100.000000           1           53.0713   
       171:      5130.000000           1           53.1005   
       172:      5160.000000           1           53.1425   
       173:      5190.000000           1           53.1643   
       174:      5220.000000           1           53.1914   
       175:      5250.000000           1           53.2117   
       176:      5280.000000           1           53.2174   
       177:      5310.000000           1           53.2216   
       178:      5340.000000           1           53.2193   
       179:      5370.000000           1           53.1992   
       180:      5400.000000           1           53.2208   
       181:      5430.000000           1           53.2472   
       182:      5460.000000           1           53.2517   
       183:      5490.000000           1           53.2550   
       184:      5520.000000           1           53.2465   
       185:      5550.000000           1           53.2332   
       186:      5580.000000           1           53.2363   
       187:      5610.000000           1           53.2160   
       188:      5640.000000           1           53.1927   
       189:      5670.000000           1           53.1741   
       190:      5700.000000           1           53.1708   
       191:      5730.000000           1           53.1538   
       192:      5760.000000           1           53.1432   
       193:      5790.000000           1           53.1405   
       194:      5820.000000           1           53.1229   
       195:      5850.000000           1           53.1171   
       196:      5880.000000           1           53.1161   
       197:      5910.000000           1           53.1076   
       198:      5940.000000           1           53.0816   
       199:      5970.000000           1           53.1269   
       200:      6000.000000           1           53.1203   
       201:      6030.000000           1           53.1316   
       202:      6060.000000           1           53.1516   
       203:      6090.000000           1           53.1912   
       204:      6120.000000           1           53.1919   
       205:      6150.000000           1           53.2065   
       206:      6180.000000           1           53.1820   
       207:      6210.000000           1           53.1561   
       208:      6240.000000           1           53.1130   
       209:      6270.000000           1           53.0889   
       210:      6300.000000           1           53.0701   
       211:      6330.000000           1           53.0848   
       212:      6360.000000           1           53.1098   
       213:      6390.000000           1           53.1137   
       214:      6420.000000           1           53.1324   
       215:      6450.000000           1           53.1456   
       216:      6480.000000           1           53.1563   
       217:      6510.000000           1           53.1711   
       218:      6540.000000           1           53.1701   
       219:      6570.000000           1           53.1413   
       220:      6600.000000           1           53.1326   
       221:      6630.000000           1           53.1600   
       222:      6660.000000           1           53.1600   
       223:      6690.000000           1           53.1695   
       224:      6720.000000           1           53.1723   
       225:      6750.000000           1           53.1813   
       226:      6780.000000           1           53.1660   
       227:      6810.000000           1           53.1552   
       228:      6840.000000           1           53.1544   
       229:      6870.000000           1           53.1596   
       230:      6900.000000           1           53.1678   
       231:      6930.000000           1           53.1553   
       232:      6960.000000           1           53.1610   
       233:      6990.000000           1           53.1575   
       234:      7020.000000           1           53.1597   
       235:      7050.000000           1           53.1399   
       236:      7080.000000           1           53.1287   
       237:      7110.000000           1           53.1138   
       238:      7140.000000           1           53.0904   
       239:      7170.000000           1           53.0756   
       240:      7200.000000           1           53.0785   
       241:      7230.000000           1           53.1088   
       242:      7260.000000           1           53.1223   
       243:      7290.000000           1           53.1636   
       244:      7320.000000           1           53.1636   
       245:      7350.000000           1           53.1213   
       246:      7380.000000           1           53.0953   
       247:      7410.000000           1           53.0494   
       248:      7440.000000           1           53.0039   
       249:      7470.000000           1           52.9949   
       250:      7500.000000           1           52.9993   
       251:      7530.000000           1           52.9870   
       252:      7560.000000           1           52.9925   
       253:      7590.000000           1           53.0129   
       254:      7620.000000           1           53.0077   
       255:      7650.000000           1           52.9812   
       256:      7680.000000           1           52.9712   
       257:      7710.000000           1           52.9573   
       258:      7740.000000           1           52.9437   
       259:      7770.000000           1           52.9353   
       260:      7800.000000           1           52.9261   
       261:      7830.000000           1           52.9195   
       262:      7860.000000           1           52.9267   
       263:      7890.000000           1           52.9312   
       264:      7920.000000           1           52.9354   
       265:      7950.000000           1           52.9234   
       266:      7980.000000           1           52.9359   
       267:      8010.000000           1           52.9427   
       268:      8040.000000           1           52.9471   
       269:      8070.000000           1           52.9508   
       270:      8100.000000           1           52.9323   
       271:      8130.000000           1           52.9334   
       272:      8160.000000           1           52.9591   
       273:      8190.000000           1           52.9891   
       274:      8220.000000           1           53.0046   
       275:      8250.000000           1           53.0170   
       276:      8280.000000           1           53.0443   
       277:      8310.000000           1           53.0607   
       278:      8340.000000           1           53.0721   
       279:      8370.000000           1           53.0623   
       280:      8400.000000           1           53.0581   
       281:      8430.000000           1           53.0595   
       282:      8460.000000           1           53.0704   
       283:      8490.000000           1           53.0664   
       284:      8520.000000           1           53.0522   
       285:      8550.000000           1           53.0400   
       286:      8580.000000           1           53.0306   
       287:      8610.000000           1           53.0301   
       288:      8640.000000           1           53.0396   
       289:      8670.000000           1           53.0536   
       290:      8700.000000           1           53.0597   
       291:      8730.000000           1           53.0665   
       292:      8760.000000           1           53.0867   
       293:      8790.000000           1           53.0974   
       294:      8820.000000           1           53.0993   
       295:      8850.000000           1           53.1053   
       296:      8880.000000           1           53.0783   
       297:      8910.000000           1           53.0782   
       298:      8940.000000           1           53.0818   
       299:      8970.000000           1           53.0805   
       300:      9000.000000           1           53.0718   
       301:      9030.000000           1           53.0671   
       302:      9060.000000           1           53.0541   
       303:      9090.000000           1           53.0451   
       304:      9120.000000           1           53.0545   
       305:      9150.000000           1           53.0576   
       306:      9180.000000           1           53.0529   
       307:      9210.000000           1           53.0454   
       308:      9240.000000           1           53.0370   
       309:      9270.000000           1           53.0196   
       310:      9300.000000           1           52.9963   
       311:      9330.000000           1           52.9725   
       312:      9360.000000           1           52.9510   
       313:      9390.000000           1           52.9353   
       314:      9420.000000           1           52.9210   
       315:      9450.000000           1           52.9349   
       316:      9480.000000           1           52.9194   
       317:      9510.000000           1           52.9170   
       318:      9540.000000           1           52.9101   
       319:      9570.000000           1           52.9120   
       320:      9600.000000           1           52.9204   
       321:      9630.000000           1           52.9224   
       322:      9660.000000           1           52.9387   
       323:      9690.000000           1           52.9461   
       324:      9720.000000           1           52.9580   
       325:      9750.000000           1           52.9721   
       326:      9780.000000           1           52.9668   
       327:      9810.000000           1           52.9587   
       328:      9840.000000           1           52.9642   
       329:      9870.000000           1           52.9782   
       330:      9900.000000           1           52.9886   
       331:      9930.000000           1           52.9850   
       332:      9960.000000           1           52.9703   
       333:      9990.000000           1           52.9627   
       334:     10020.000000           1           52.9554   
       335:     10050.000000           1           52.9589   
       336:     10080.000000           1           52.9583   
       337:     10110.000000           1           52.9656   
       338:     10140.000000           1           52.9689   
       339:     10170.000000           1           52.9677   
       340:     10200.000000           1           52.9583   
       341:     10230.000000           1           52.9475   
       342:     10260.000000           1           52.9541   
       343:     10290.000000           1           52.9510   
       344:     10320.000000           1           52.9561   
       345:     10350.000000           1           52.9539   
       346:     10380.000000           1           52.9650   
       347:     10410.000000           1           52.9799   
       348:     10440.000000           1           52.9940   
       349:     10470.000000           1           52.9953   
       350:     10500.000000           1           53.0071   
       351:     10530.000000           1           53.0112   
       352:     10560.000000           1           53.0321   
       353:     10590.000000           1           53.0244   
       354:     10620.000000           1           53.0373   
       355:     10650.000000           1           53.0414   
       356:     10680.000000           1           53.0275   
       357:     10710.000000           1           53.0043   
       358:     10740.000000           1           52.9945   
       359:     10770.000000           1           52.9858   
       360:     10800.000000           1           52.9757   
       361:     10830.000000           1           52.9839   
       362:     10860.000000           1           52.9936   
       363:     10890.000000           1           52.9859   
       364:     10920.000000           1           52.9841   
       365:     10950.000000           1           52.9798   
       366:     10980.000000           1           52.9701   
       367:     11010.000000           1           59.0522   
       368:     11040.000000           1           52.9473   
       369:     11070.000000           1           52.9441   
       370:     11100.000000           1           59.0201   
       371:     11130.000000           1           52.9431   
       372:     11160.000000           1           52.9399   
       373:     11190.000000           1           52.9405   
       374:     11220.000000           1           52.9400   
       375:     11250.000000           1           59.0571   
       376:     11280.000000           1           53.0051   
       377:     11310.000000           1           53.0001   
       378:     11340.000000           1           59.1098   
       379:     11370.000000           1           59.1164   
       380:     11400.000000           1           53.0558   
       381:     11430.000000           1           53.0651   
       382:     11460.000000           1           53.0713   
       383:     11490.000000           1           53.0569   
       384:     11520.000000           1           53.0539   
       385:     11550.000000           1           53.0678   
       386:     11580.000000           1           53.0535   
       387:     11610.000000           1           59.1359   
       388:     11640.000000           1           53.0240   
       389:     11670.000000           1           59.1229   
       390:     11700.000000           1           53.0205   
       391:     11730.000000           1           53.0264   
       392:     11760.000000           1           53.0155   
       393:     11790.000000           1           53.0128   
       394:     11820.000000           1           53.0234   
       395:     11850.000000           1           59.1607   
       396:     11880.000000           1           59.1612   
       397:     11910.000000           1           59.1511   
       398:     11940.000000           1           59.1489   
       399:     11970.000000           1           59.1419   
       400:     12000.000000           1           59.1472   
       401:     12030.000000           1           59.1490   
       402:     12060.000000           1           59.1478   
       403:     12090.000000           1           59.1478   
       404:     12120.000000           1           59.1399   
       405:     12150.000000           1           59.1417   
       406:     12180.000000           1          112.2118   
       407:     12210.000000           1          112.2100   
       408:     12240.000000           1          112.2207   
       409:     12270.000000           1          112.2348   
       410:     12300.000000           1          112.2613   
       411:     12330.000000           1          112.2681   
       412:     12360.000000           1          112.2708   
       413:     12390.000000           1          112.2677   
       414:     12420.000000           1          112.2752   
       415:     12450.000000           1          112.2885   
       416:     12480.000000           1          112.3155   
       417:     12510.000000           1          112.3289   
       418:     12540.000000           1          112.3382   
       419:     12570.000000           1          112.3383   
       420:     12600.000000           1          112.3394   
       421:     12630.000000           1          112.3508   
       422:     12660.000000           1          112.3561   
       423:     12690.000000           1          112.3670   
       424:     12720.000000           1          112.3754   
       425:     12750.000000           1          112.3708   
       426:     12780.000000           1          112.3832   
       427:     12810.000000           1          112.3878   
       428:     12840.000000           1          112.3952   
       429:     12870.000000           1          112.4008   
       430:     12900.000000           1          112.4143   
       431:     12930.000000           1          112.4261   
       432:     12960.000000           1          112.4274   
       433:     12990.000000           1           59.3598   
       434:     13020.000000           1           59.3599   
       435:     13050.000000           1           59.3603   
       436:     13080.000000           1           53.2464   
       437:     13110.000000           1           59.3778   
       438:     13140.000000           1           59.3729   
       439:     13170.000000           1           59.3788   
       440:     13200.000000           1           59.4028   
       441:     13230.000000           1           53.2746   
       442:     13260.000000           1           59.4129   
       443:     13290.000000           1           53.2794   
       444:     13320.000000           1           59.4082   
       445:     13350.000000           1           59.4122   
       446:     13380.000000           1           59.4198   
       447:     13410.000000           1           59.4082   
       448:     13440.000000           1           59.4091   
       449:     13470.000000           1           59.4123   
       450:     13500.000000           1           59.4155   
       451:     13530.000000           1           59.4276   
       452:     13560.000000           1           59.4240   
       453:     13590.000000           1           59.4126   
       454:     13620.000000           1           59.4142   
       455:     13650.000000           1           59.4104   
       456:     13680.000000           1           59.4037   
       457:     13710.000000           1           59.3904   
       458:     13740.000000           1           59.3719   
       459:     13770.000000           1           59.3660   
       460:     13800.000000           1           59.3745   
       461:     13830.000000           1           59.3752   
       462:     13860.000000           1           59.3816   
       463:     13890.000000           1           59.3886   
       464:     13920.000000           1           59.3941   
       465:     13950.000000           1           59.3936   
       466:     13980.000000           1           59.3838   
       467:     14010.000000           1           59.3930   
       468:     14040.000000           1           59.4084   
       469:     14070.000000           1           59.4010   
       470:     14100.000000           1           59.4175   
       471:     14130.000000           1           59.4533   
       472:     14160.000000           1           59.4492   
       473:     14190.000000           1           59.4489   
       474:     14220.000000           1           59.4479   
       475:     14250.000000           1           59.4436   
       476:     14280.000000           1           59.4558   
       477:     14310.000000           1           59.4542   
       478:     14340.000000           1           59.4525   
       479:     14370.000000           1           59.4548   
       480:     14400.000000           1           53.2568   
       481:     14430.000000           1           59.4194   
       482:     14460.000000           1           53.2455   
       483:     14490.000000           1           59.3810   
       484:     14520.000000           1           53.1876   
       485:     14550.000000           1           59.3456   
       486:     14580.000000           1           59.3425   
       487:     14610.000000           1           59.3445   
       488:     14640.000000           1           59.3481   
       489:     14670.000000           1          112.4656   
       490:     14700.000000           1          112.4726   
       491:     14730.000000           1           59.3625   
       492:     14760.000000           1           59.3540   
       493:     14790.000000           1           59.3465   
       494:     14820.000000           1           59.3455   
       495:     14850.000000           1           59.3352   
       496:     14880.000000           1           59.3351   
       497:     14910.000000           1           59.3461   
       498:     14940.000000           1           59.3429   
       499:     14970.000000           1           59.3437   
       500:     15000.000000           1           59.3401   
       501:     15030.000000           1           59.3332   
       502:     15060.000000           1           59.3468   
       503:     15090.000000           1           59.3422   
       504:     15120.000000           1          112.4720   
       505:     15150.000000           1           59.3930   
       506:     15180.000000           1           59.3929   
       507:     15210.000000           1           59.4035   
       508:     15240.000000           1           59.3980   
       509:     15270.000000           1           59.4003   
       510:     15300.000000           1           59.3833   
       511:     15330.000000           1           59.3896   
      2796:     83880.000000           1           81.8922   
      2799:     83970.000000           1           81.8095   
      2801:     84030.000000           1           82.0559   
      2802:     84060.000000           1           81.8298   
      2803:     84090.000000           1            9.6863   
      2804:     84120.000000           1            9.6793   
      2805:     84150.000000           1            9.6752   
      2806:     84180.000000           1            9.6750   
      2807:     84210.000000           1            9.6765   
      2808:     84240.000000           1            9.6719   
      2809:     84270.000000           1            9.6684   
      2810:     84300.000000           1            9.6640   
      2811:     84330.000000           1            9.6659   
      2812:     84360.000000           1            9.6635   
      2813:     84390.000000           1            9.6608   
      2814:     84420.000000           1            9.6587   
      2815:     84450.000000           1            9.6541   
      2816:     84480.000000           1            9.6474   
      2817:     84510.000000           1            9.6436   
      2818:     84540.000000           1            9.6391   
      2819:     84570.000000           1           81.5801   
      2820:     84600.000000           1           81.5743   
      2821:     84630.000000           1            9.6316   
      2822:     84660.000000           1           81.5548   
      2823:     84690.000000           1           81.5549   
      2824:     84720.000000           1           81.5566   
      2825:     84750.000000           1            9.6260   
      2826:     84780.000000           1           81.5471   
      2827:     84810.000000           1           81.5407   
      2828:     84840.000000           1           81.5338   
      2829:     84870.000000           1            9.6123   
      2830:     84900.000000           1           81.5166   
      2831:     84930.000000           1           81.5109   
      2832:     84960.000000           1           81.5044   
      2833:     84990.000000           1           81.4887   
      2834:     85020.000000           1           81.4819   
      2835:     85050.000000           1           81.4792   
      2836:     85080.000000           1           81.4828   
      2837:     85110.000000           1           81.4787   
      2838:     85140.000000           1           81.4681   
      2839:     85170.000000           1           81.4556   
      2840:     85200.000000           1           81.4554   
      2841:     85230.000000           1           81.4616   
      2842:     85260.000000           1           81.4582   
      2843:     85290.000000           1           81.4550   
      2844:     85320.000000           1           81.4523   
      2845:     85350.000000           1           81.4491   
      2846:     85380.000000           1           81.4456   
      2847:     85410.000000           1           81.4501   
      2848:     85440.000000           1           81.4520   
      2849:     85470.000000           1           81.4486   
      2850:     85500.000000           1           81.4437   
      2851:     85530.000000           1           81.4451   
      2852:     85560.000000           1           81.4486   
      2853:     85590.000000           1           81.4559   
      2854:     85620.000000           1           81.4597   
      2855:     85650.000000           1           81.4598   
      2856:     85680.000000           1           81.4612   
      2857:     85710.000000           1           81.4641   
      2858:     85740.000000           1           81.4659   
      2859:     85770.000000           1           81.4638   
      2860:     85800.000000           1           81.4635   
      2861:     85830.000000           1           81.4653   
      2862:     85860.000000           1           81.4649   
      2863:     85890.000000           1           81.4672   
      2864:     85920.000000           1           81.4682   
      2865:     85950.000000           1           81.4704   
      2866:     85980.000000           1           81.4753   
      2867:     86010.000000           1           81.4814   
      2869:     86070.000000           1           81.4990   
      2870:     86100.000000           1           81.5016   
      2871:     86130.000000           1           81.5019   
      2872:     86160.000000           1           81.5019   
      2873:     86190.000000           1           81.5048   
      2874:     86220.000000           1           81.5067   
      2875:     86250.000000           1            9.6395   
      2876:     86280.000000           1            9.6338   
      2877:     86310.000000           1            9.6261   
      2878:     86340.000000           1            9.6205   
      2879:     86370.000000           1            9.6133   
