      1368:    559530.000000           1    229686560.1638   
      1369:    559560.000000           1    225776625.0285   
      1370:    559590.000000           1    225776625.0371   
      1371:    559620.000000           1    225776625.0550   
      1372:    559650.000000           1    225776625.0629   
      1373:    559680.000000           1    225776625.0744   
      1374:    559710.000000           1    225776625.0767   
      1375:    559740.000000           1    225776625.0853   
      1376:    559770.000000           1    225776625.0991   
      1377:    559800.000000           1    225776625.1070   
      1378:    559830.000000           1    225776625.1173   
      1379:    559860.000000           1    225776625.1315   
      1380:    559890.000000           1    225776625.1410   
      1381:    559920.000000           1    225776625.1518   
      1382:    559950.000000           1    225776625.1694   
      1383:    559980.000000           1    225776625.1864   
      1384:    560010.000000           1    225776625.1968   
      1385:    560040.000000           1    225776625.2096   
      1386:    560070.000000           1    225776625.2147   
      1387:    560100.000000           1    225776625.2269   
      1388:    560130.000000           1    225776625.2347   
      1389:    560160.000000           1    225776625.2411   
      1390:    560190.000000           1    225776625.2452   
      1391:    560220.000000           1    225776625.2507   
      1392:    560250.000000           1    225776625.2553   
      1393:    560280.000000           1    225776625.2612   
      1394:    560310.000000           1    225776625.2663   
      1395:    560340.000000           1    225776625.2712   
      1396:    560370.000000           1    225776625.2760   
      1397:    560400.000000           1    225776625.2827   
      1398:    560430.000000           1    225776625.2890   
      1399:    560460.000000           1    225776625.2960   
      1400:    560490.000000           1    225776625.3103   
      1401:    560520.000000           1    225776625.3159   
      1402:    560550.000000           1    225776625.3230   
      1403:    560580.000000           1    225776625.3276   
      1404:    560610.000000           1    225776625.3322   
      1405:    560640.000000           1    225776625.3349   
      1406:    560670.000000           1    225776625.3368   
      1407:    560700.000000           1    225776625.3392   
      1408:    560730.000000           1    225776625.3423   
      1409:    560760.000000           1    225776625.3459   
      1410:    560790.000000           1    225776625.3475   
      1411:    560820.000000           1    225776625.3507   
      1412:    560850.000000           1    225776625.3542   
      1413:    560880.000000           1    225776625.3582   
      1414:    560910.000000           1    225776625.3620   
      1415:    560940.000000           1    225776625.3644   
      1416:    560970.000000           1    225776625.3691   
      1417:    561000.000000           1    225776625.3723   
      1418:    561030.000000           1    225776625.3772   
      1419:    561060.000000           1    225776625.3788   
      1420:    561090.000000           1    225776625.3809   
      1421:    561120.000000           1    225776625.3844   
      1422:    561150.000000           1    225776625.3876   
      1423:    561180.000000           1    225776625.3894   
      1424:    561210.000000           1    225776625.3918   
      1425:    561240.000000           1    225776625.3936   
      1426:    561270.000000           1    225776625.3956   
      1427:    561300.000000           1    225776625.3973   
      1428:    561330.000000           1    225776625.3970   
      1429:    561360.000000           1    225776625.3992   
      1430:    561390.000000           1    225776625.4003   
      1431:    561420.000000           1    225776625.4017   
      1432:    561450.000000           1    225776625.4030   
      1433:    561480.000000           1    225776625.4053   
      1434:    561510.000000           1    225776625.4066   
      1435:    561540.000000           1    225776625.4062   
      1436:    561570.000000           1    225776625.4061   
      1437:    561600.000000           1    225776625.4060   
      1438:    561630.000000           1    225776625.4055   
      1439:    561660.000000           1    225776625.4064   
      1440:    561690.000000           1    225776625.4052   
      1441:    561720.000000           1    225776625.4062   
      1442:    561750.000000           1    225776625.4069   
      1443:    561780.000000           1    229686560.2481   
      1444:    561810.000000           1    225776625.4114   
      1445:    561840.000000           1    225776625.4131   
      1446:    561870.000000           1    225776625.4154   
      1447:    561900.000000           1    225776625.4177   
      1448:    561930.000000           1    225776625.4204   
      1449:    561960.000000           1    225776625.4237   
      1450:    561990.000000           1    225776625.4285   
      1451:    562020.000000           1    225776625.4316   
      1452:    562050.000000           1    225776625.4358   
      1453:    562080.000000           1    225776625.4404   
      1454:    562110.000000           1    225776625.4429   
      1455:    562140.000000           1    225776625.4457   
      1456:    562170.000000           1    225776625.4476   
      1457:    562200.000000           1    225776625.4492   
      1458:    562230.000000           1    225776625.4508   
      1459:    562260.000000           1    225776625.4522   
      1460:    562290.000000           1    225776625.4539   
      1461:    562320.000000           1    225776625.4565   
      1462:    562350.000000           1    225776625.4591   
      1463:    562380.000000           1    225776625.4607   
      1464:    562410.000000           1    225776625.4620   
      1465:    562440.000000           1    225776625.4632   
      1466:    562470.000000           1    225776625.4653   
      1467:    562500.000000           1    225776625.4653   
      1468:    562530.000000           1    225776625.4659   
      1469:    562560.000000           1    225776625.4654   
      1470:    562590.000000           1    225776625.4644   
      1471:    562620.000000           1    225776625.4627   
      1472:    562650.000000           1    225776625.4648   
      1473:    562680.000000           1    225776625.4667   
      1474:    562710.000000           1    225776625.4682   
      1475:    562740.000000           1    225776625.4696   
      1476:    562770.000000           1    225776625.4724   
      1477:    562800.000000           1    225776625.4751   
      1478:    562830.000000           1    225776625.4773   
      1479:    562860.000000           1    225776625.4796   
      1480:    562890.000000           1    225776625.4821   
      1481:    562920.000000           1    229686560.3138   
      1482:    562950.000000           1    225776625.4898   
      1483:    562980.000000           1    229686560.3176   
      1484:    563010.000000           1    225776625.4904   
      1485:    563040.000000           1    225776625.4907   
      1486:    563070.000000           1    225776625.4910   
      1487:    563100.000000           1    229686560.3205   
      1488:    563130.000000           1    225776625.4985   
      1489:    563160.000000           1    225776625.5000   
      1490:    563190.000000           1    225776625.5003   
      1491:    563220.000000           1    225776625.5013   
      1492:    563250.000000           1    225776625.5021   
      1493:    563280.000000           1    225776625.5024   
      1494:    563310.000000           1    225776625.5039   
      1495:    563340.000000           1    225776625.5034   
      1496:    563370.000000           1    225776625.5025   
      1497:    563400.000000           1    225776625.5028   
      1498:    563430.000000           1    225776625.5052   
      1499:    563460.000000           1    225776625.5060   
      1500:    563490.000000           1    225776625.5062   
      1501:    563520.000000           1    225776625.5056   
      1502:    563550.000000           1    225776625.5045   
      1503:    563580.000000           1    225776625.5053   
      1504:    563610.000000           1    225776625.5056   
      1505:    563640.000000           1    225776625.5061   
      1506:    563670.000000           1    229686560.3433   
      1507:    563700.000000           1    225776625.5074   
      1508:    563730.000000           1    225776625.5097   
      1509:    563760.000000           1    225776625.5121   
      1510:    563790.000000           1    229686560.3542   
      1511:    563820.000000           1    225776625.5197   
      1512:    563850.000000           1    225776625.5228   
      1513:    563880.000000           1    225776625.5245   
      1514:    563910.000000           1    225776625.5263   
      1515:    563940.000000           1    225776625.5273   
      1516:    563970.000000           1    225776625.5280   
      1517:    564000.000000           1    229686560.3660   
      1518:    564030.000000           1    225776625.5294   
      1519:    564060.000000           1    225776625.5303   
      1520:    564090.000000           1    229686560.3685   
      1521:    564120.000000           1    225776625.5337   
      1522:    564150.000000           1    225776625.5342   
      1523:    564180.000000           1    225776625.5357   
      1524:    564210.000000           1    229686560.3749   
      1525:    564240.000000           1    225776625.5391   
      1526:    564270.000000           1    229686560.3810   
      1527:    564300.000000           1    225776625.5392   
      1528:    564330.000000           1    225776625.5390   
      1529:    564360.000000           1    225776625.5385   
      1530:    564390.000000           1    225776625.5374   
      1531:    564420.000000           1    225776625.5377   
      1532:    564450.000000           1    229686560.3870   
      1533:    564480.000000           1    225776625.5415   
      1534:    564510.000000           1    225776625.5436   
      1535:    564540.000000           1    225776625.5458   
      1536:    564570.000000           1    225776625.5480   
      1537:    564600.000000           1    225776625.5507   
      1538:    564630.000000           1    225776625.5532   
      1539:    564660.000000           1    225776625.5543   
      1540:    564690.000000           1    225776625.5578   
      1541:    564720.000000           1    225776625.5602   
      1542:    564750.000000           1    229686560.4070   
      1543:    564780.000000           1    225776625.5681   
      1544:    564810.000000           1    225776625.5704   
      1545:    564840.000000           1    225776625.5737   
      1546:    564870.000000           1    225776625.5763   
      1547:    564900.000000           1    225776625.5776   
      1548:    564930.000000           1    225776625.5802   
      1549:    564960.000000           1    225776625.5819   
      1550:    564990.000000           1    225776625.5829   
      1551:    565020.000000           1    225776625.5838   
      1552:    565050.000000           1    225776625.5851   
      1553:    565080.000000           1    225776625.5859   
      1554:    565110.000000           1    225776625.5880   
      1555:    565140.000000           1    225776625.5909   
      1556:    565170.000000           1    225776625.5931   
      1557:    565200.000000           1    225776625.5954   
      1558:    565230.000000           1    225776625.5968   
      1559:    565260.000000           1    225776625.5980   
      1560:    565290.000000           1    225776625.6008   
      1561:    565320.000000           1    225776625.6031   
      1562:    565350.000000           1    225776625.6038   
      1563:    565380.000000           1    225776625.6065   
      1564:    565410.000000           1    225776625.6082   
      1565:    565440.000000           1    225776625.6103   
      1566:    565470.000000           1    225776625.6128   
      1567:    565500.000000           1    225776625.6155   
      1568:    565530.000000           1    225776625.6184   
      1569:    565560.000000           1    225776625.6195   
      1570:    565590.000000           1    225776625.6224   
      1571:    565620.000000           1    225776625.6241   
      1572:    565650.000000           1    225776625.6281   
      1573:    565680.000000           1    225776625.6306   
      1574:    565710.000000           1    225776625.6324   
      1575:    565740.000000           1    225776625.6360   
      1576:    565770.000000           1    225776625.6382   
      1577:    565800.000000           1    225776625.6405   
      1578:    565830.000000           1    225776625.6424   
      1579:    565860.000000           1    225776625.6460   
      1580:    565890.000000           1    225776625.6480   
      1581:    565920.000000           1    225776625.6497   
      1582:    565950.000000           1    225776625.6539   
      1583:    565980.000000           1    225776625.6566   
      1584:    566010.000000           1    225776625.6597   
      1585:    566040.000000           1    225776625.6625   
      1586:    566070.000000           1    225776625.6650   
      1587:    566100.000000           1    225776625.6680   
      1588:    566130.000000           1    225776625.6704   
      1589:    566160.000000           1    225776625.6721   
      1590:    566190.000000           1    225776625.6754   
      1591:    566220.000000           1    225776625.6772   
      1592:    566250.000000           1    225776625.6791   
      1593:    566280.000000           1    225776625.6818   
      1594:    566310.000000           1    225776625.6860   
      1595:    566340.000000           1    225776625.6891   
      1596:    566370.000000           1    225776625.6930   
      1597:    566400.000000           1    225776625.6949   
      1598:    566430.000000           1    225776625.6974   
      1599:    566460.000000           1    225776625.7003   
      1600:    566490.000000           1    225776625.7031   
      1601:    566520.000000           1    225776625.7055   
      1602:    566550.000000           1    229686560.5353   
      1603:    566580.000000           1    225776625.7150   
      1604:    566610.000000           1    225776625.7162   
      1605:    566640.000000           1    225776625.7170   
      1606:    566670.000000           1    225776625.7188   
      1607:    566700.000000           1    225776625.7210   
      1608:    566730.000000           1    225776625.7231   
      1609:    566760.000000           1    225776625.7249   
      1610:    566790.000000           1    225776625.7268   
      1611:    566820.000000           1    225776625.7284   
      1612:    566850.000000           1    225776625.7313   
      1613:    566880.000000           1    225776625.7336   
      1614:    566910.000000           1    225776625.7357   
      1615:    566940.000000           1    225776625.7387   
      1616:    566970.000000           1    225776625.7393   
      1617:    567000.000000           1    225776625.7424   
      1618:    567030.000000           1    225776625.7432   
      1619:    567060.000000           1    225776625.7461   
      1620:    567090.000000           1    225776625.7491   
      1621:    567120.000000           1    225776625.7507   
      1622:    567150.000000           1    225776625.7523   
      1623:    567180.000000           1    225776625.7535   
      1624:    567210.000000           1    225776625.7550   
      1625:    567240.000000           1    225776625.7562   
      1626:    567270.000000           1    225776625.7572   
      1627:    567300.000000           1    225776625.7579   
      1628:    567330.000000           1    225776625.7589   
      1629:    567360.000000           1    225776625.7605   
      1630:    567390.000000           1    225776625.7632   
      1631:    567420.000000           1    225776625.7658   
      1632:    567450.000000           1    225776625.7677   
      1633:    567480.000000           1    225776625.7700   
      1634:    567510.000000           1    225776625.7717   
      1635:    567540.000000           1    225776625.7744   
      1636:    567570.000000           1    225776625.7767   
      1637:    567600.000000           1    225776625.7785   
      1638:    567630.000000           1    225776625.7812   
      1639:    567660.000000           1    225776625.7838   
      1640:    567690.000000           1    225776625.7866   
      1641:    567720.000000           1    225776625.7901   
      1642:    567750.000000           1    225776625.7939   
      1643:    567780.000000           1    225776625.7975   
      1644:    567810.000000           1    225776625.8001   
      1645:    567840.000000           1    225776625.8034   
      1646:    567870.000000           1    225776625.8076   
      1647:    567900.000000           1    225776625.8120   
      1648:    567930.000000           1    225776625.8152   
      1649:    567960.000000           1    225776625.8187   
      1650:    567990.000000           1    225776625.8220   
      1651:    568020.000000           1    225776625.8256   
      1652:    568050.000000           1    225776625.8283   
      1653:    568080.000000           1    225776625.8318   
      1654:    568110.000000           1    225776625.8343   
      1655:    568140.000000           1    225776625.8370   
      1656:    568170.000000           1    225776625.8409   
      1657:    568200.000000           1    225776625.8439   
      1658:    568230.000000           1    225776625.8473   
      1659:    568260.000000           1    225776625.8506   
      1660:    568290.000000           1    225776625.8541   
      1661:    568320.000000           1    225776625.8566   
      1662:    568350.000000           1    225776625.8599   
      1663:    568380.000000           1    225776625.8618   
      1664:    568410.000000           1    225776625.8639   
      1665:    568440.000000           1    225776625.8675   
      1666:    568470.000000           1    225776625.8696   
      1667:    568500.000000           1    225776625.8728   
      1668:    568530.000000           1    225776625.8754   
      1669:    568560.000000           1    225776625.8783   
      1670:    568590.000000           1    225776625.8806   
      1671:    568620.000000           1    225776625.8825   
      1672:    568650.000000           1    225776625.8866   
      1673:    568680.000000           1    225776625.8911   
      1674:    568710.000000           1    225776625.8967   
      1675:    568740.000000           1    225776625.8996   
      1676:    568770.000000           1    225776625.9025   
      1677:    568800.000000           1    225776625.9060   
      1678:    568830.000000           1    225776625.9081   
      1679:    568860.000000           1    225776625.9109   
      1680:    568890.000000           1    225776625.9146   
      1681:    568920.000000           1    225776625.9165   
      1682:    568950.000000           1    225776625.9180   
      1683:    568980.000000           1    225776625.9205   
      1684:    569010.000000           1    225776625.9237   
      1685:    569040.000000           1    225776625.9263   
      1686:    569070.000000           1    225776625.9301   
      1687:    569100.000000           1    225776625.9333   
      1688:    569130.000000           1    225776625.9377   
      1689:    569160.000000           1    225776625.9420   
      1690:    569190.000000           1    225776625.9447   
      1691:    569220.000000           1    225776625.9488   
      1692:    569250.000000           1    225776625.9510   
      1693:    569280.000000           1    225776625.9528   
      1694:    569310.000000           1    225776625.9557   
      1695:    569340.000000           1    225776625.9585   
      1696:    569370.000000           1    225776625.9605   
      1697:    569400.000000           1    225776625.9622   
      1698:    569430.000000           1    225776625.9642   
      1699:    569460.000000           1    225776625.9659   
      1700:    569490.000000           1    225776625.9693   
      1701:    569520.000000           1    225776625.9721   
      1702:    569550.000000           1    225776625.9748   
      1703:    569580.000000           1    225776625.9758   
      1704:    569610.000000           1    225776625.9779   
      1705:    569640.000000           1    225776625.9809   
      1706:    569670.000000           1    225776625.9844   
      1707:    569700.000000           1    225776625.9868   
      1708:    569730.000000           1    225776625.9878   
      1709:    569760.000000           1    225776625.9906   
      1710:    569790.000000           1    225776625.9933   
      1711:    569820.000000           1    225776625.9959   
      1712:    569850.000000           1    225776625.9996   
      1713:    569880.000000           1    225776626.0025   
      1714:    569910.000000           1    225776626.0060   
      1715:    569940.000000           1    225776626.0093   
      1716:    569970.000000           1    225776626.0124   
      1717:    570000.000000           1    225776626.0169   
      1718:    570030.000000           1    225776626.0213   
      1719:    570060.000000           1    225776626.0245   
      1720:    570090.000000           1    225776626.0279   
      1721:    570120.000000           1    225776626.0318   
      1722:    570150.000000           1    225776626.0349   
      1723:    570180.000000           1    225776626.0367   
      1724:    570210.000000           1    225776626.0388   
      1725:    570240.000000           1    225776626.0415   
      1726:    570270.000000           1    225776626.0437   
      1727:    570300.000000           1    225776626.0470   
      1728:    570330.000000           1    225776626.0496   
      1729:    570360.000000           1    225776626.0517   
      1730:    570390.000000           1    225776626.0538   
      1731:    570420.000000           1    237081583.8629   
      1732:    570450.000000           1    225776626.0643   
      1733:    570480.000000           1    225776626.0663   
      1734:    570510.000000           1    225776626.0682   
      1735:    570540.000000           1    225776626.0740   
      1736:    570570.000000           1    225776626.0760   
      1737:    570600.000000           1    225776626.0794   
      1738:    570630.000000           1    225776626.0829   
      1739:    570660.000000           1    225776626.0865   
      1740:    570690.000000           1    225776626.0908   
      1741:    570720.000000           1    225776626.0938   
      1742:    570750.000000           1    225776626.0984   
      1743:    570780.000000           1    225776626.1021   
      1744:    570810.000000           1    225776626.1048   
      1745:    570840.000000           1    225776626.1082   
      1746:    570870.000000           1    225776626.1110   
      1747:    570900.000000           1    225776626.1141   
      1748:    570930.000000           1    225776626.1178   
      1749:    570960.000000           1    225776626.1200   
      1750:    570990.000000           1    225776626.1227   
      1751:    571020.000000           1    225776626.1253   
      1752:    571050.000000           1    225776626.1284   
      1753:    571080.000000           1    225776626.1303   
      1754:    571110.000000           1    225776626.1317   
      1755:    571140.000000           1    225776626.1342   
      1756:    571170.000000           1    225776626.1374   
      1757:    571200.000000           1    225776626.1398   
      1758:    571230.000000           1    225776626.1423   
      1759:    571260.000000           1    225776626.1455   
      1760:    571290.000000           1    225776626.1489   
      1761:    571320.000000           1    225776626.1520   
      1762:    571350.000000           1    225776626.1560   
      1763:    571380.000000           1    225776626.1592   
      1764:    571410.000000           1    225776626.1615   
      1765:    571440.000000           1    225776626.1645   
      1766:    571470.000000           1    225776626.1682   
      1767:    571500.000000           1    225776626.1718   
      1768:    571530.000000           1    225776626.1745   
      1769:    571560.000000           1    225776626.1774   
      1770:    571590.000000           1    225776626.1807   
      1771:    571620.000000           1    225776626.1832   
      1772:    571650.000000           1    225776626.1860   
      1773:    571680.000000           1    225776626.1883   
      1774:    571710.000000           1    225776626.1900   
      1775:    571740.000000           1    225776626.1921   
      1776:    571770.000000           1    225776626.1933   
      1777:    571800.000000           1    225776626.1963   
      1778:    571830.000000           1    225776626.1990   
      1779:    571860.000000           1    225776626.2015   
      1780:    571890.000000           1    225776626.2047   
      1781:    571920.000000           1    225776626.2084   
      1782:    571950.000000           1    225776626.2118   
      1783:    571980.000000           1    225776626.2151   
      1784:    572010.000000           1    225776626.2168   
      1785:    572040.000000           1    225776626.2196   
      1786:    572070.000000           1    225776626.2227   
      1787:    572100.000000           1    225776626.2253   
      1788:    572130.000000           1    225776626.2284   
      1789:    572160.000000           1    225776626.2313   
      1790:    572190.000000           1    225776626.2341   
      1791:    572220.000000           1    237081584.0363   
      1792:    572250.000000           1    225776626.2435   
      1793:    572280.000000           1    237081584.0495   
      1794:    572310.000000           1    225776626.2557   
      1795:    572340.000000           1    225776626.2589   
      1796:    572370.000000           1    225776626.2618   
      1797:    572400.000000           1    225776626.2651   
      1798:    572430.000000           1    225776626.2677   
      1799:    572460.000000           1    237081584.0693   
      1800:    572490.000000           1    237081584.0724   
      1801:    572520.000000           1    225776626.2807   
      1802:    572550.000000           1    225776626.2843   
      1803:    572580.000000           1    225776626.2879   
      1804:    572610.000000           1    225776626.2910   
      1805:    572640.000000           1    225776626.2950   
      1806:    572670.000000           1    237081584.0962   
      1807:    572700.000000           1    225776626.3078   
      1808:    572730.000000           1    225776626.3108   
      1809:    572760.000000           1    225776626.3142   
      1810:    572790.000000           1    225776626.3169   
      1811:    572820.000000           1    225776626.3224   
      1812:    572850.000000           1    225776626.3256   
      1813:    572880.000000           1    225776626.3288   
      1814:    572910.000000           1    225776626.3313   
      1815:    572940.000000           1    225776626.3339   
      1816:    572970.000000           1    225776626.3365   
      1817:    573000.000000           1    225776626.3397   
      1818:    573030.000000           1    225776626.3422   
      1819:    573060.000000           1    225776626.3456   
      1820:    573090.000000           1    225776626.3477   
      1821:    573120.000000           1    225776626.3509   
      1822:    573150.000000           1    225776626.3540   
      1823:    573180.000000           1    225776626.3567   
      1824:    573210.000000           1    225776626.3597   
      1825:    573240.000000           1    225776626.3634   
      1826:    573270.000000           1    225776626.3672   
      1827:    573300.000000           1    225776626.3715   
      1828:    573330.000000           1    225776626.3751   
      1829:    573360.000000           1    225776626.3788   
      1830:    573390.000000           1    225776626.3816   
      1831:    573420.000000           1    225776626.3846   
      1832:    573450.000000           1    225776626.3877   
      1833:    573480.000000           1    225776626.3906   
      1834:    573510.000000           1    225776626.3943   
      1835:    573540.000000           1    225776626.3977   
      1836:    573570.000000           1    225776626.4009   
      1837:    573600.000000           1    225776626.4040   
      1838:    573630.000000           1    225776626.4065   
      1839:    573660.000000           1    225776626.4089   
      1840:    573690.000000           1    225776626.4120   
      1841:    573720.000000           1    225776626.4141   
      1842:    573750.000000           1    225776626.4169   
      1843:    573780.000000           1    225776626.4191   
      1844:    573810.000000           1    225776626.4214   
      1845:    573840.000000           1    225776626.4236   
      1846:    573870.000000           1    225776626.4262   
      1847:    573900.000000           1    225776626.4288   
      1848:    573930.000000           1    225776626.4322   
      1849:    573960.000000           1    225776626.4347   
      1850:    573990.000000           1    225776626.4362   
      1851:    574020.000000           1    225776626.4380   
      1852:    574050.000000           1    225776626.4406   
      1853:    574080.000000           1    225776626.4431   
      1854:    574110.000000           1    225776626.4451   
      1855:    574140.000000           1    225776626.4473   
      1856:    574170.000000           1    225776626.4505   
      1857:    574200.000000           1    225776626.4543   
      1858:    574230.000000           1    225776626.4573   
      1859:    574260.000000           1    225776626.4595   
      1860:    574290.000000           1    225776626.4632   
      1861:    574320.000000           1    225776626.4664   
      1862:    574350.000000           1    225776626.4698   
      1863:    574380.000000           1    225776626.4729   
      1864:    574410.000000           1    225776626.4756   
      1865:    574440.000000           1    225776626.4792   
      1866:    574470.000000           1    225776626.4824   
      1867:    574500.000000           1    225776626.4862   
      1868:    574530.000000           1    225776626.4899   
      1869:    574560.000000           1    225776626.4928   
      1870:    574590.000000           1    225776626.4958   
      1871:    574620.000000           1    225776626.4991   
      1872:    574650.000000           1    225776626.5012   
      1873:    574680.000000           1    225776626.5036   
      1874:    574710.000000           1    225776626.5052   
      1875:    574740.000000           1    225776626.5075   
      1876:    574770.000000           1    225776626.5091   
      1877:    574800.000000           1    225776626.5107   
      1878:    574830.000000           1    225776626.5123   
      1879:    574860.000000           1    225776626.5140   
      1880:    574890.000000           1    225776626.5156   
      1881:    574920.000000           1    225776626.5185   
      1882:    574950.000000           1    225776626.5212   
      1883:    574980.000000           1    225776626.5232   
      1884:    575010.000000           1    225776626.5265   
      1885:    575040.000000           1    225776626.5299   
      1886:    575070.000000           1    225776626.5324   
      1887:    575100.000000           1    237081584.3248   
      1888:    575130.000000           1    225776626.5398   
      1889:    575160.000000           1    225776626.5421   
      1890:    575190.000000           1    225776626.5435   
      1891:    575220.000000           1    225776626.5456   
      1892:    575250.000000           1    225776626.5479   
      1893:    575280.000000           1    225776626.5501   
      1894:    575310.000000           1    225776626.5529   
      1895:    575340.000000           1    237081584.3446   
      1896:    575370.000000           1    225776626.5619   
      1897:    575400.000000           1    225776626.5649   
      1898:    575430.000000           1    225776626.5667   
      1899:    575460.000000           1    225776626.5689   
      1900:    575490.000000           1    225776626.5713   
      1901:    575520.000000           1    225776626.5738   
      1902:    575550.000000           1    225776626.5758   
      1903:    575580.000000           1    225776626.5783   
      1904:    575610.000000           1    225776626.5804   
      1905:    575640.000000           1    225776626.5817   
      1906:    575670.000000           1    225776626.5842   
      1907:    575700.000000           1    225776626.5868   
      1908:    575730.000000           1    225776626.5887   
      1909:    575760.000000           1    225776626.5914   
      1910:    575790.000000           1    225776626.5934   
      1911:    575820.000000           1    225776626.5953   
      1912:    575850.000000           1    225776626.5973   
      1913:    575880.000000           1    225776626.6009   
      1914:    575910.000000           1    225776626.6036   
      1915:    575940.000000           1    225776626.6050   
      1916:    575970.000000           1    225776626.6058   
      1917:    576000.000000           1    225776626.6078   
      1918:    576030.000000           1    225776626.6104   
      1919:    576060.000000           1    225776626.6123   
      1920:    576090.000000           1    225776626.6143   
      1921:    576120.000000           1    225776626.6178   
      1922:    576150.000000           1    225776626.6201   
      1923:    576180.000000           1    225776626.6232   
      1924:    576210.000000           1    225776626.6262   
      1925:    576240.000000           1    225776626.6285   
      1926:    576270.000000           1    225776626.6312   
      1927:    576300.000000           1    225776626.6342   
      1928:    576330.000000           1    225776626.6366   
      1929:    576360.000000           1    225776626.6391   
      1930:    576390.000000           1    225776626.6440   
      1931:    576420.000000           1    225776626.6446   
      1932:    576450.000000           1    225776626.6464   
      1933:    576480.000000           1    225776626.6475   
      1934:    576510.000000           1    225776626.6488   
      1935:    576540.000000           1    225776626.6502   
      1936:    576570.000000           1    225776626.6517   
      1937:    576600.000000           1    225776626.6534   
      1938:    576630.000000           1    225776626.6546   
      1939:    576660.000000           1    225776626.6559   
      1940:    576690.000000           1    225776626.6572   
      1941:    576720.000000           1    225776626.6579   
      1942:    576750.000000           1    225776626.6582   
      1943:    576780.000000           1    225776626.6588   
      1944:    576810.000000           1    225776626.6597   
      1945:    576840.000000           1    225776626.6638   
      1946:    576870.000000           1    225776626.6668   
      1947:    576900.000000           1    225776626.6684   
      1948:    576930.000000           1    225776626.6721   
      1949:    576960.000000           1    225776626.6757   
      1950:    576990.000000           1    225776626.6784   
      1951:    577020.000000           1    225776626.6810   
      1952:    577050.000000           1    225776626.6825   
      1953:    577080.000000           1    225776626.6857   
      1954:    577110.000000           1    225776626.6885   
      1955:    577140.000000           1    225776626.6903   
      1956:    577170.000000           1    225776626.6917   
      1957:    577200.000000           1    225776626.6939   
      1958:    577230.000000           1    225776626.6948   
      1959:    577260.000000           1    225776626.6969   
      1960:    577290.000000           1    225776626.6987   
      1961:    577320.000000           1    225776626.7006   
      1962:    577350.000000           1    225776626.7016   
      1963:    577380.000000           1    225776626.7027   
      1964:    577410.000000           1    225776626.7048   
      1965:    577440.000000           1    225776626.7078   
      1966:    577470.000000           1    225776626.7094   
      1967:    577500.000000           1    225776626.7110   
      1968:    577530.000000           1    225776626.7124   
      1969:    577560.000000           1    225776626.7133   
      1970:    577590.000000           1    225776626.7150   
      1971:    577620.000000           1    225776626.7166   
      1972:    577650.000000           1    225776626.7175   
      1973:    577680.000000           1    225776626.7189   
      1974:    577710.000000           1    225776626.7200   
      1975:    577740.000000           1    225776626.7219   
      1976:    577770.000000           1    225776626.7231   
      1977:    577800.000000           1    225776626.7250   
      1978:    577830.000000           1    225776626.7264   
      1979:    577860.000000           1    225776626.7281   
      1980:    577890.000000           1    225776626.7301   
      1981:    577920.000000           1    225776626.7320   
      1982:    577950.000000           1    225776626.7336   
      1983:    577980.000000           1    225776626.7358   
      1984:    578010.000000           1    225776626.7382   
      1985:    578040.000000           1    225776626.7403   
      1986:    578070.000000           1    225776626.7424   
      1987:    578100.000000           1    225776626.7437   
      1988:    578130.000000           1    225776626.7454   
      1989:    578160.000000           1    225776626.7463   
      1990:    578190.000000           1    225776626.7478   
      1991:    578220.000000           1    225776626.7490   
      1992:    578250.000000           1    225776626.7501   
      1993:    578280.000000           1    225776626.7518   
      1994:    578310.000000           1    225776626.7536   
      1995:    578340.000000           1    225776626.7545   
      1996:    578370.000000           1    225776626.7554   
      1997:    578400.000000           1    225776626.7563   
      1998:    578430.000000           1    225776626.7583   
      1999:    578460.000000           1    225776626.7594   
      2000:    578490.000000           1    225776626.7609   
      2001:    578520.000000           1    225776626.7620   
      2002:    578550.000000           1    225776626.7628   
      2003:    578580.000000           1    225776626.7644   
      2004:    578610.000000           1    225776626.7663   
      2005:    578640.000000           1    225776626.7674   
      2006:    578670.000000           1    225776626.7683   
      2007:    578700.000000           1    225776626.7698   
      2008:    578730.000000           1    225776626.7713   
      2009:    578760.000000           1    225776626.7726   
      2010:    578790.000000           1    225776626.7742   
      2011:    578820.000000           1    225776626.7759   
      2012:    578850.000000           1    225776626.7769   
      2013:    578880.000000           1    225776626.7781   
      2014:    578910.000000           1    225776626.7799   
      2015:    578940.000000           1    225776626.7816   
      2016:    578970.000000           1    225776626.7833   
      2017:    579000.000000           1    225776626.7834   
      2018:    579030.000000           1    225776626.7844   
      2019:    579060.000000           1    225776626.7857   
      2020:    579090.000000           1    225776626.7863   
      2021:    579120.000000           1    225776626.7869   
      2022:    579150.000000           1    225776626.7878   
      2023:    579180.000000           1    225776626.7884   
      2024:    579210.000000           1    225776626.7889   
      2025:    579240.000000           1    225776626.7914   
      2026:    579270.000000           1    225776626.7926   
      2027:    579300.000000           1    225776626.7940   
      2028:    579330.000000           1    225776626.7947   
      2029:    579360.000000           1    225776626.7953   
      2030:    579390.000000           1    225776626.7965   
      2031:    579420.000000           1    225776626.7979   
      2032:    579450.000000           1    225776626.7993   
      2033:    579480.000000           1    225776626.8014   
      2034:    579510.000000           1    225776626.8022   
      2035:    579540.000000           1    225776626.8036   
      2036:    579570.000000           1    225776626.8053   
      2037:    579600.000000           1    225776626.8058   
      2038:    579630.000000           1    225776626.8072   
      2039:    579660.000000           1    225776626.8082   
      2040:    579690.000000           1    225776626.8101   
      2041:    579720.000000           1    225776626.8112   
      2042:    579750.000000           1    225776626.8126   
      2043:    579780.000000           1    225776626.8153   
      2044:    579810.000000           1    225776626.8164   
      2045:    579840.000000           1    225776626.8183   
      2046:    579870.000000           1    225776626.8206   
      2047:    579900.000000           1    225776626.8223   
      2048:    579930.000000           1    225776626.8241   
      2049:    579960.000000           1    225776626.8255   
      2050:    579990.000000           1    225776626.8274   
      2051:    580020.000000           1    225776626.8294   
      2052:    580050.000000           1    225776626.8316   
      2053:    580080.000000           1    225776626.8336   
