      1654:     49620.000000           1          -86.9213   
      1655:     49650.000000           1          -86.9244   
      1656:     49680.000000           1          -86.9278   
      1657:     49710.000000           1          -86.9288   
      1658:     49740.000000           1          -86.9315   
      1659:     49770.000000           1          -86.9338   
      1660:     49800.000000           1          -86.9338   
      1661:     49830.000000           1          -86.9360   
      1662:     49860.000000           1          -86.9350   
      1663:     49890.000000           1          -86.9345   
      1664:     49920.000000           1          -86.9359   
      1665:     49950.000000           1          -86.9412   
      1666:     49980.000000           1          -86.9446   
      1667:     50010.000000           1          -86.9477   
      1668:     50040.000000           1          -86.9484   
      1669:     50070.000000           1          -86.9469   
      1670:     50100.000000           1          -86.9436   
      1671:     50130.000000           1          -86.9376   
      1672:     50160.000000           1          -86.9331   
      1673:     50190.000000           1          -86.9299   
      1674:     50220.000000           1          -86.9315   
      1675:     50250.000000           1          -86.9297   
      1676:     50280.000000           1          -86.9315   
      1677:     50310.000000           1          -86.9274   
      1678:     50340.000000           1          -86.9305   
      1679:     50370.000000           1          -86.9319   
      1680:     50400.000000           1         -191.0605   
      1681:     50430.000000           1          -86.9241   
      1682:     50460.000000           1         -191.0154   
      1683:     50490.000000           1         -191.1208   
      1684:     50520.000000           1         -191.2526   
      1685:     50550.000000           1         -191.3426   
      1686:     50580.000000           1         -191.3747   
      1687:     50610.000000           1         -191.3953   
      1688:     50640.000000           1         -191.4364   
      1689:     50670.000000           1         -191.4558   
      1690:     50700.000000           1         -191.4761   
      1691:     50730.000000           1         -191.4814   
      1692:     50760.000000           1         -191.4852   
      1693:     50790.000000           1         -191.4989   
      1694:     50820.000000           1         -191.5109   
      1695:     50850.000000           1         -191.5352   
      1696:     50880.000000           1         -191.5323   
      1697:     50910.000000           1          -86.9179   
      1698:     50940.000000           1         -191.5579   
      1699:     50970.000000           1         -191.5567   
      1700:     51000.000000           1         -191.5571   
      1701:     51030.000000           1         -191.5416   
      1702:     51060.000000           1         -191.5356   
      1703:     51090.000000           1         -191.5339   
      1704:     51120.000000           1         -191.5282   
      1705:     51150.000000           1         -191.5259   
      1706:     51180.000000           1         -191.5095   
      1707:     51210.000000           1         -191.4922   
      1708:     51240.000000           1         -191.4866   
      1709:     51270.000000           1         -191.4753   
      1710:     51300.000000           1         -191.4683   
      1711:     51330.000000           1         -191.4652   
      1712:     51360.000000           1         -191.4654   
      1713:     51390.000000           1         -191.4539   
      1714:     51420.000000           1         -191.4391   
      1715:     51450.000000           1         -191.4287   
      1716:     51480.000000           1         -191.4217   
      1717:     51510.000000           1         -191.4229   
      1718:     51540.000000           1         -191.4169   
      1719:     51570.000000           1         -191.4122   
      1720:     51600.000000           1         -191.4089   
      1721:     51630.000000           1         -191.4075   
      1722:     51660.000000           1         -191.4029   
      1723:     51690.000000           1          181.4394   
      1724:     51720.000000           1         -191.4113   
      1725:     51750.000000           1         -191.4232   
      1726:     51780.000000           1         -191.4151   
      1727:     51810.000000           1         -191.4264   
      1728:     51840.000000           1         -191.4275   
      1729:     51870.000000           1         -191.4153   
      1730:     51900.000000           1         -191.4092   
      1731:     51930.000000           1         -191.4079   
      1732:     51960.000000           1         -191.4070   
      1733:     51990.000000           1         -191.4142   
      1734:     52020.000000           1         -191.4258   
      1735:     52050.000000           1         -191.4440   
      1736:     52080.000000           1         -191.4490   
      1737:     52110.000000           1         -191.4492   
      1738:     52140.000000           1         -191.4468   
      1739:     52170.000000           1         -191.4511   
      1740:     52200.000000           1         -191.4586   
      1741:     52230.000000           1         -191.4604   
      1742:     52260.000000           1         -191.4616   
      1743:     52290.000000           1         -191.4644   
      1744:     52320.000000           1         -191.4673   
      1745:     52350.000000           1         -191.4724   
      1746:     52380.000000           1         -191.4760   
      1747:     52410.000000           1         -191.4683   
      1748:     52440.000000           1         -191.4700   
      1749:     52470.000000           1         -191.4739   
      1750:     52500.000000           1         -191.4657   
      1751:     52530.000000           1         -191.4622   
      1752:     52560.000000           1         -191.4596   
      1753:     52590.000000           1         -191.4548   
      1754:     52620.000000           1         -191.4563   
      1755:     52650.000000           1         -191.4553   
      1756:     52680.000000           1         -191.4529   
      1757:     52710.000000           1         -191.4522   
      1758:     52740.000000           1         -191.4539   
      1759:     52770.000000           1         -191.4530   
      1760:     52800.000000           1         -191.4518   
      1761:     52830.000000           1         -191.4517   
      1762:     52860.000000           1         -191.4446   
      1763:     52890.000000           1         -191.4464   
      1764:     52920.000000           1         -191.4474   
      1765:     52950.000000           1         -191.4445   
      1766:     52980.000000           1         -191.4414   
      1767:     53010.000000           1         -191.4421   
      1768:     53040.000000           1         -191.4485   
      1769:     53070.000000           1         -191.4545   
      1770:     53100.000000           1         -191.4552   
      1771:     53130.000000           1         -191.4518   
      1772:     53160.000000           1         -191.4517   
      1773:     53190.000000           1         -191.4503   
      1774:     53220.000000           1          181.8698   
      1775:     53250.000000           1         -191.4499   
      1776:     53280.000000           1         -191.4467   
      1777:     53310.000000           1         -191.4466   
      1778:     53340.000000           1          -86.9794   
      1779:     53370.000000           1          181.9009   
      1780:     53400.000000           1          181.8986   
      1781:     53430.000000           1          181.9008   
      1782:     53460.000000           1          181.9055   
      1783:     53490.000000           1          181.9075   
      1784:     53520.000000           1          181.9068   
      1785:     53550.000000           1          181.9028   
      1786:     53580.000000           1          181.8986   
      1787:     53610.000000           1          181.8975   
      1788:     53640.000000           1          181.8989   
      1789:     53670.000000           1          181.9017   
      1790:     53700.000000           1          181.9034   
      1791:     53730.000000           1          181.9042   
      1792:     53760.000000           1          181.9049   
      1793:     53790.000000           1          181.9120   
      1794:     53820.000000           1          181.9166   
      1795:     53850.000000           1          181.9134   
      1796:     53880.000000           1          181.9153   
      1797:     53910.000000           1          181.9166   
      1798:     53940.000000           1          181.9170   
      1799:     53970.000000           1          181.9164   
      1800:     54000.000000           1          -86.9966   
      1801:     54030.000000           1         -191.4534   
      1802:     54060.000000           1          181.9081   
      1803:     54090.000000           1          181.9070   
      1804:     54120.000000           1          181.9086   
      1805:     54150.000000           1          181.9115   
      1806:     54180.000000           1          -87.0081   
      1807:     54210.000000           1          181.9147   
      1808:     54240.000000           1          181.9128   
      1809:     54270.000000           1          181.9119   
      1810:     54300.000000           1          -87.0075   
      1811:     54330.000000           1          -87.0080   
      1812:     54360.000000           1          -87.0077   
      1813:     54390.000000           1          -87.0081   
      1814:     54420.000000           1          -87.0157   
      1815:     54450.000000           1          -87.0225   
      1816:     54480.000000           1          -87.0258   
      1817:     54510.000000           1          -87.0300   
      1818:     54540.000000           1          -87.0360   
      1819:     54570.000000           1          -87.0365   
      1820:     54600.000000           1          -87.0369   
      1821:     54630.000000           1          -87.0357   
      1822:     54660.000000           1          -87.0333   
      1823:     54690.000000           1            5.8186   
      1824:     54720.000000           1            5.8213   
      1825:     54750.000000           1            5.8209   
      1826:     54780.000000           1            5.8193   
      1827:     54810.000000           1            5.8182   
      1828:     54840.000000           1            5.8199   
      1829:     54870.000000           1            5.8120   
      1830:     54900.000000           1          -87.0470   
      1831:     54930.000000           1          -87.0465   
      1832:     54960.000000           1          181.9196   
      1833:     54990.000000           1          181.9185   
      1834:     55020.000000           1          181.9222   
      1835:     55050.000000           1          181.9215   
      1836:     55080.000000           1          181.9224   
      1837:     55110.000000           1          181.9220   
      1838:     55140.000000           1          181.9193   
      1839:     55170.000000           1          181.9187   
      1840:     55200.000000           1          181.9133   
      1841:     55230.000000           1          181.9094   
      1842:     55260.000000           1          181.9047   
      1843:     55290.000000           1          181.9050   
      1844:     55320.000000           1          181.9032   
      1845:     55350.000000           1          181.9013   
      1846:     55380.000000           1          181.8975   
      1847:     55410.000000           1          181.8887   
      1848:     55440.000000           1          181.8862   
      1849:     55470.000000           1          181.8860   
      1850:     55500.000000           1          181.8860   
      1851:     55530.000000           1          181.8837   
      1852:     55560.000000           1          181.8798   
      1853:     55590.000000           1          181.8766   
      1854:     55620.000000           1          181.8729   
      1855:     55650.000000           1          181.8723   
      1856:     55680.000000           1          181.8691   
      1857:     55710.000000           1          181.8672   
      1858:     55740.000000           1          181.8704   
      1859:     55770.000000           1          -87.1006   
      1860:     55800.000000           1          181.8772   
      1861:     55830.000000           1          181.8796   
      1862:     55860.000000           1          181.8808   
      1863:     55890.000000           1          181.8855   
      1864:     55920.000000           1          181.8890   
      1865:     55950.000000           1          181.8884   
      1866:     55980.000000           1          181.8889   
      1867:     56010.000000           1         -191.4499   
      1868:     56040.000000           1         -191.4539   
      1869:     56070.000000           1         -191.4568   
      1870:     56100.000000           1         -191.4590   
      1871:     56130.000000           1         -191.4613   
      1872:     56160.000000           1         -191.4620   
      1873:     56190.000000           1         -191.4594   
      1874:     56220.000000           1         -191.4588   
      1875:     56250.000000           1         -191.4648   
      1876:     56280.000000           1         -191.4670   
      1877:     56310.000000           1         -191.4647   
      1878:     56340.000000           1         -191.4613   
      1879:     56370.000000           1         -191.4598   
      1880:     56400.000000           1         -191.4595   
      1881:     56430.000000           1         -191.4569   
      1882:     56460.000000           1         -191.4592   
      1883:     56490.000000           1         -191.4614   
      1884:     56520.000000           1         -191.4619   
      1885:     56550.000000           1         -191.4661   
      1886:     56580.000000           1         -191.4685   
      1887:     56610.000000           1         -191.4684   
      1888:     56640.000000           1         -191.4698   
      1889:     56670.000000           1         -191.4750   
      1890:     56700.000000           1         -191.4765   
      1891:     56730.000000           1          181.8927   
      1892:     56760.000000           1         -191.4869   
      1893:     56790.000000           1         -191.4901   
      1894:     56820.000000           1         -191.4915   
      1895:     56850.000000           1         -191.4942   
      1896:     56880.000000           1         -191.4950   
      1897:     56910.000000           1         -191.4954   
      1898:     56940.000000           1         -191.4977   
      1899:     56970.000000           1          181.8758   
      1900:     57000.000000           1          181.8738   
      1901:     57030.000000           1          181.8740   
      1902:     57060.000000           1          181.8732   
      1903:     57090.000000           1          -87.1725   
      1904:     57120.000000           1          -87.1745   
      1905:     57150.000000           1          -87.1787   
      1906:     57180.000000           1          -87.1763   
      1907:     57210.000000           1          -87.1822   
      1908:     57240.000000           1          -87.1859   
      1909:     57270.000000           1          -87.1881   
      1910:     57300.000000           1          -87.1899   
      1911:     57330.000000           1          -87.1935   
      1912:     57360.000000           1          -87.1931   
      1913:     57390.000000           1          -87.1942   
      1914:     57420.000000           1          -87.1943   
      1915:     57450.000000           1          -87.1930   
      1916:     57480.000000           1          -87.1958   
      1917:     57510.000000           1          -87.1918   
      1918:     57540.000000           1          -87.1930   
      1919:     57570.000000           1          -87.1920   
      1920:     57600.000000           1          -87.1938   
      1921:     57630.000000           1          -87.1950   
      1922:     57660.000000           1          -87.1943   
      1923:     57690.000000           1          181.8400   
      1924:     57720.000000           1          -87.2023   
      1925:     57750.000000           1          -87.2038   
      1926:     57780.000000           1          181.8371   
      1927:     57810.000000           1          -87.2021   
      1928:     57840.000000           1          181.8357   
      1929:     57870.000000           1         -191.5189   
      1930:     57900.000000           1         -191.5224   
      1931:     57930.000000           1         -191.5226   
      1932:     57960.000000           1         -191.5239   
      1933:     57990.000000           1         -191.5271   
      1934:     58020.000000           1         -191.5302   
      1935:     58050.000000           1         -191.5299   
      1936:     58080.000000           1         -191.5280   
      1937:     58110.000000           1         -191.5299   
      1938:     58140.000000           1         -191.5315   
      1939:     58170.000000           1         -191.5340   
      1940:     58200.000000           1         -191.5348   
      1941:     58230.000000           1         -191.5365   
      1942:     58260.000000           1         -191.5373   
      1943:     58290.000000           1         -191.5402   
      1944:     58320.000000           1         -191.5441   
      1945:     58350.000000           1         -191.5450   
      1946:     58380.000000           1         -191.5451   
      1947:     58410.000000           1         -191.5446   
      1948:     58440.000000           1         -191.5455   
      1949:     58470.000000           1         -191.5495   
      1950:     58500.000000           1         -191.5485   
      1951:     58530.000000           1         -191.5498   
      1952:     58560.000000           1         -191.5554   
      1953:     58590.000000           1         -191.5553   
      1954:     58620.000000           1         -191.5572   
      1955:     58650.000000           1         -191.5592   
      1956:     58680.000000           1         -191.5650   
      1957:     58710.000000           1         -191.5711   
      1958:     58740.000000           1         -191.5760   
      1959:     58770.000000           1         -191.5789   
      1960:     58800.000000           1         -191.5804   
      1961:     58830.000000           1         -191.5820   
      1962:     58860.000000           1         -191.5859   
      1963:     58890.000000           1         -191.5907   
      1964:     58920.000000           1         -191.5948   
      1965:     58950.000000           1         -191.5973   
      1966:     58980.000000           1         -191.6010   
      1967:     59010.000000           1         -191.6030   
      1968:     59040.000000           1         -191.6085   
      1969:     59070.000000           1         -191.6126   
      1970:     59100.000000           1         -191.6130   
      1971:     59130.000000           1         -191.6173   
      1972:     59160.000000           1         -191.6240   
      1973:     59190.000000           1         -191.6267   
      1974:     59220.000000           1         -191.6265   
      1975:     59250.000000           1         -191.6275   
      1976:     59280.000000           1         -191.6283   
      1977:     59310.000000           1         -191.6281   
      1978:     59340.000000           1         -191.6269   
      1979:     59370.000000           1         -191.6276   
      1980:     59400.000000           1         -191.6283   
      1981:     59430.000000           1         -191.6277   
      1982:     59460.000000           1         -191.6284   
      1983:     59490.000000           1         -191.6277   
      1984:     59520.000000           1         -191.6320   
      1985:     59550.000000           1         -191.6335   
      1986:     59580.000000           1         -191.6388   
      1987:     59610.000000           1         -191.6408   
      1988:     59640.000000           1         -191.6396   
      1989:     59670.000000           1         -191.6405   
      1990:     59700.000000           1         -191.6411   
      1991:     59730.000000           1         -191.6417   
      1992:     59760.000000           1         -191.6458   
      1993:     59790.000000           1         -191.6471   
      1994:     59820.000000           1          181.7370   
      1995:     59850.000000           1         -191.6483   
      1996:     59880.000000           1         -191.6515   
      1997:     59910.000000           1         -191.6562   
      1998:     59940.000000           1          181.7319   
      1999:     59970.000000           1          181.7315   
      2000:     60000.000000           1          181.7319   
      2001:     60030.000000           1          181.7312   
      2002:     60060.000000           1          181.7331   
      2003:     60090.000000           1          181.7365   
      2004:     60120.000000           1          181.7358   
      2005:     60150.000000           1          181.7400   
      2006:     60180.000000           1          181.7412   
      2007:     60210.000000           1          181.7411   
      2008:     60240.000000           1          181.7425   
      2009:     60270.000000           1          181.7425   
      2010:     60300.000000           1          181.7421   
      2011:     60330.000000           1          181.7432   
      2012:     60360.000000           1          181.7479   
      2013:     60390.000000           1          181.7478   
      2014:     60420.000000           1          181.7476   
      2015:     60450.000000           1          181.7453   
      2016:     60480.000000           1          -87.3311   
      2017:     60510.000000           1          -87.3351   
      2018:     60540.000000           1          -87.3357   
      2019:     60570.000000           1          -87.3370   
      2020:     60600.000000           1          -87.3369   
      2021:     60630.000000           1          -87.3376   
      2022:     60660.000000           1          181.7346   
      2023:     60690.000000           1          181.7366   
      2024:     60720.000000           1          -87.3383   
      2025:     60750.000000           1          181.7442   
      2026:     60780.000000           1          -87.3392   
      2027:     60810.000000           1          181.7366   
      2028:     60840.000000           1          181.7355   
      2029:     60870.000000           1          -87.3450   
      2030:     60900.000000           1          -87.3447   
      2031:     60930.000000           1          -87.3441   
      2032:     60960.000000           1          -87.3412   
      2033:     60990.000000           1          -87.3383   
      2034:     61020.000000           1          -87.3368   
      2035:     61050.000000           1          181.7542   
      2036:     61080.000000           1          181.7528   
      2037:     61110.000000           1          181.7537   
      2038:     61140.000000           1          -87.3423   
      2039:     61170.000000           1          181.7455   
      2040:     61200.000000           1          181.7412   
      2041:     61230.000000           1          181.7391   
      2042:     61260.000000           1          181.7399   
      2043:     61290.000000           1         -191.6777   
      2044:     61320.000000           1         -191.6802   
      2045:     61350.000000           1         -191.6822   
      2046:     61380.000000           1          181.7373   
      2047:     61410.000000           1         -191.6762   
      2048:     61440.000000           1         -191.6730   
      2049:     61470.000000           1          181.7581   
      2050:     61500.000000           1         -191.6680   
      2051:     61530.000000           1         -191.6665   
      2052:     61560.000000           1          181.7542   
      2053:     61590.000000           1         -191.6733   
      2054:     61620.000000           1          181.7507   
      2055:     61650.000000           1         -191.6822   
      2056:     61680.000000           1         -191.6817   
      2057:     61710.000000           1         -191.6787   
      2058:     61740.000000           1         -191.6770   
      2059:     61770.000000           1         -191.6768   
      2060:     61800.000000           1         -191.6741   
      2061:     61830.000000           1         -191.6731   
      2062:     61860.000000           1          181.7597   
      2063:     61890.000000           1          181.7620   
      2064:     61920.000000           1          181.7638   
      2065:     61950.000000           1          181.7651   
      2066:     61980.000000           1          181.7674   
      2067:     62010.000000           1         -191.6658   
      2068:     62040.000000           1         -191.6628   
      2069:     62070.000000           1          181.7752   
      2070:     62100.000000           1          -87.3303   
      2071:     62130.000000           1            5.5690   
      2072:     62160.000000           1          -87.3229   
      2073:     62190.000000           1          -87.3208   
      2074:     62220.000000           1          -87.3190   
      2075:     62250.000000           1          181.7870   
      2076:     62280.000000           1          -87.3267   
      2077:     62310.000000           1          -87.3292   
      2078:     62340.000000           1          181.7796   
      2079:     62370.000000           1            5.5680   
      2080:     62400.000000           1          -87.3299   
      2081:     62430.000000           1          -87.3329   
      2082:     62460.000000           1          -87.3328   
      2083:     62490.000000           1          -87.3323   
      2084:     62520.000000           1          -87.3322   
      2085:     62550.000000           1          -87.3361   
      2086:     62580.000000           1          -87.3379   
      2087:     62610.000000           1          -87.3385   
      2088:     62640.000000           1          -87.3382   
      2089:     62670.000000           1          -87.3390   
      2090:     62700.000000           1          -87.3359   
      2091:     62730.000000           1          181.7680   
      2092:     62760.000000           1          -87.3358   
      2093:     62790.000000           1            5.5589   
      2094:     62820.000000           1          -87.3349   
      2095:     62850.000000           1            5.5571   
      2096:     62880.000000           1            5.5554   
      2097:     62910.000000           1            5.5564   
      2098:     62940.000000           1            5.5551   
      2099:     62970.000000           1            5.5582   
      2100:     63000.000000           1            5.5596   
      2101:     63030.000000           1            5.5621   
      2102:     63060.000000           1         -370.5597   
      2103:     63090.000000           1            5.5672   
      2104:     63120.000000           1            5.5720   
      2105:     63150.000000           1            5.5717   
      2106:     63180.000000           1            5.5734   
      2107:     63210.000000           1            5.5746   
      2108:     63240.000000           1            5.5759   
      2109:     63270.000000           1            5.5771   
      2110:     63300.000000           1            5.5778   
      2111:     63330.000000           1            5.5803   
      2112:     63360.000000           1            5.5835   
      2113:     63390.000000           1            5.5835   
      2114:     63420.000000           1          -87.3088   
      2115:     63450.000000           1          -87.3077   
      2116:     63480.000000           1          -87.3059   
      2117:     63510.000000           1          -87.3029   
      2118:     63540.000000           1          -87.3004   
      2119:     63570.000000           1          181.8068   
      2120:     63600.000000           1          181.8080   
      2121:     63630.000000           1          -87.2939   
      2122:     63660.000000           1          -87.2902   
      2123:     63690.000000           1          -87.2865   
      2124:     63720.000000           1          -87.2887   
      2125:     63750.000000           1          -87.2880   
      2126:     63780.000000           1          -87.2874   
      2127:     63810.000000           1          -87.2881   
      2128:     63840.000000           1          -87.2889   
      2129:     63870.000000           1          -87.2907   
      2130:     63900.000000           1          -87.2912   
      2131:     63930.000000           1          -87.2937   
      2132:     63960.000000           1          -87.2938   
      2133:     63990.000000           1          -87.2947   
      2134:     64020.000000           1          -87.2964   
      2135:     64050.000000           1          -87.2948   
      2136:     64080.000000           1          -87.2950   
      2137:     64110.000000           1          -87.2945   
      2138:     64140.000000           1          -87.2938   
      2139:     64170.000000           1          -87.2942   
      2140:     64200.000000           1          -87.2919   
      2141:     64230.000000           1          -87.2907   
      2142:     64260.000000           1          -87.2879   
      2143:     64290.000000           1            5.6147   
      2144:     64320.000000           1          -87.2840   
      2145:     64350.000000           1          -87.2852   
      2146:     64380.000000           1         -191.6183   
      2147:     64410.000000           1          -87.2907   
      2148:     64440.000000           1         -191.6232   
      2149:     64470.000000           1         -191.6229   
      2150:     64500.000000           1         -191.6214   
      2151:     64530.000000           1         -191.6232   
      2152:     64560.000000           1         -191.6228   
      2153:     64590.000000           1         -191.6224   
      2154:     64620.000000           1         -191.6231   
      2155:     64650.000000           1         -191.6273   
      2156:     64680.000000           1         -191.6282   
      2157:     64710.000000           1         -191.6302   
      2158:     64740.000000           1         -191.6273   
      2159:     64770.000000           1         -191.6228   
      2160:     64800.000000           1         -191.6212   
      2161:     64830.000000           1         -191.6188   
      2162:     64860.000000           1         -191.6128   
      2163:     64890.000000           1         -191.6102   
      2164:     64920.000000           1         -191.6101   
      2165:     64950.000000           1         -191.6075   
      2166:     64980.000000           1         -191.6096   
      2167:     65010.000000           1         -191.6098   
      2168:     65040.000000           1         -191.6138   
      2169:     65070.000000           1          -87.2826   
      2170:     65100.000000           1          -87.2798   
      2171:     65130.000000           1         -191.6092   
      2172:     65160.000000           1          -87.2759   
      2173:     65190.000000           1          -87.2770   
      2174:     65220.000000           1          -87.2760   
      2175:     65250.000000           1          -87.2776   
      2176:     65280.000000           1          -87.2805   
      2177:     65310.000000           1          -87.2810   
      2178:     65340.000000           1          -87.2820   
      2179:     65370.000000           1          -87.2837   
      2180:     65400.000000           1          -87.2817   
      2181:     65430.000000           1          -87.2798   
      2182:     65460.000000           1          -87.2754   
      2183:     65490.000000           1          -87.2741   
      2184:     65520.000000           1          -87.2699   
      2185:     65550.000000           1            5.6455   
      2186:     65580.000000           1            5.6463   
      2187:     65610.000000           1          -87.2632   
      2188:     65640.000000           1          -87.2603   
      2189:     65670.000000           1            5.6597   
      2190:     65700.000000           1            5.6676   
      2191:     65730.000000           1          -87.2420   
      2192:     65760.000000           1          -87.2407   
      2193:     65790.000000           1          -87.2427   
      2194:     65820.000000           1          -87.2446   
      2195:     65850.000000           1          -87.2464   
      2196:     65880.000000           1          -87.2453   
      2197:     65910.000000           1          -87.2424   
      2198:     65940.000000           1          -87.2406   
      2199:     65970.000000           1          -87.2389   
      2200:     66000.000000           1            5.6842   
      2201:     66030.000000           1         1224.8390   
      2202:     66060.000000           1         1224.8943   
      2203:     66090.000000           1         1224.8786   
      2204:     66120.000000           1         1224.8192   
      2205:     66150.000000           1            5.6900   
      2206:     66180.000000           1         1224.7406   
      2207:     66210.000000           1         1224.7248   
      2208:     66240.000000           1         1224.7026   
      2209:     66270.000000           1         1224.6817   
      2210:     66300.000000           1         1224.6713   
      2211:     66330.000000           1            5.6949   
      2212:     66360.000000           1            5.6971   
      2213:     66390.000000           1            5.6977   
      2214:     66420.000000           1            5.6968   
      2215:     66450.000000           1            5.6973   
      2216:     66480.000000           1            5.6975   
      2217:     66510.000000           1            5.6974   
      2218:     66540.000000           1            5.6981   
      2219:     66570.000000           1         -370.4782   
      2220:     66600.000000           1           91.5949   
      2221:     66630.000000           1         -370.4722   
      2222:     66660.000000           1         -370.4703   
      2223:     66690.000000           1         -370.4682   
      2224:     66720.000000           1         -370.4686   
      2225:     66750.000000           1         -370.4692   
      2226:     66780.000000           1         -370.4731   
      2227:     66810.000000           1         -370.4720   
      2228:     66840.000000           1         -370.4754   
      2229:     66870.000000           1         -370.4754   
      2230:     66900.000000           1         -370.4753   
      2231:     66930.000000           1         -370.4758   
      2232:     66960.000000           1         -370.4774   
      2233:     66990.000000           1         -370.4752   
      2234:     67020.000000           1         -370.4770   
      2235:     67050.000000           1           91.5900   
      2236:     67080.000000           1           91.5882   
      2237:     67110.000000           1           91.5858   
      2238:     67140.000000           1           91.5850   
      2239:     67170.000000           1           91.5840   
      2240:     67200.000000           1           91.5835   
      2241:     67230.000000           1           91.5858   
      2242:     67260.000000           1           91.5844   
      2243:     67290.000000           1           91.5848   
      2244:     67320.000000           1           91.5863   
      2245:     67350.000000           1         -370.4886   
      2246:     67380.000000           1         -370.4874   
      2247:     67410.000000           1         -370.4872   
      2248:     67440.000000           1         -370.4896   
      2249:     67470.000000           1         -370.4901   
      2250:     67500.000000           1         -370.4889   
      2251:     67530.000000           1         -370.4895   
      2252:     67560.000000           1         -370.4869   
      2253:     67590.000000           1         -370.4886   
      2254:     67620.000000           1         -370.4891   
      2255:     67650.000000           1         -370.4857   
      2256:     67680.000000           1         -370.4859   
      2257:     67710.000000           1         -370.4846   
      2258:     67740.000000           1         -370.4835   
      2259:     67770.000000           1         -370.4839   
      2260:     67800.000000           1         -370.4829   
      2261:     67830.000000           1            5.7023   
      2262:     67860.000000           1            5.7041   
      2263:     67890.000000           1            5.7083   
      2264:     67920.000000           1            5.7045   
      2265:     67950.000000           1            5.7037   
      2266:     67980.000000           1            5.7044   
      2267:     68010.000000           1            5.7016   
      2268:     68040.000000           1            5.7042   
      2269:     68070.000000           1            5.7042   
      2270:     68100.000000           1            5.7026   
      2271:     68130.000000           1            5.7034   
      2272:     68160.000000           1            5.7053   
      2273:     68190.000000           1            5.7033   
      2274:     68220.000000           1            5.7061   
      2275:     68250.000000           1            5.7052   
      2276:     68280.000000           1            5.7051   
      2277:     68310.000000           1            5.7025   
      2278:     68340.000000           1            5.7033   
      2279:     68370.000000           1            5.7037   
      2280:     68400.000000           1            5.7015   
      2281:     68430.000000           1            5.7028   
      2282:     68460.000000           1            5.7026   
      2283:     68490.000000           1            5.7016   
      2284:     68520.000000           1            5.6997   
      2285:     68550.000000           1            5.6993   
      2286:     68580.000000           1            5.6992   
      2287:     68610.000000           1         -370.4899   
      2288:     68640.000000           1         -370.4867   
      2289:     68670.000000           1         -370.4883   
      2290:     68700.000000           1         -370.4919   
      2291:     68730.000000           1         -370.4967   
      2292:     68760.000000           1         -370.4983   
      2293:     68790.000000           1         -370.4991   
      2294:     68820.000000           1         -370.4996   
      2295:     68850.000000           1         -370.4988   
      2296:     68880.000000           1         -370.4989   
      2297:     68910.000000           1         -370.4980   
      2298:     68940.000000           1         -370.4992   
      2299:     68970.000000           1         -370.4992   
      2300:     69000.000000           1         -370.4982   
      2301:     69030.000000           1         -370.4949   
      2302:     69060.000000           1         -370.4920   
      2303:     69090.000000           1         -370.4886   
      2304:     69120.000000           1         -370.4883   
      2305:     69150.000000           1         -370.4915   
      2306:     69180.000000           1         -370.4958   
      2307:     69210.000000           1         -370.4982   
      2308:     69240.000000           1         -370.4983   
      2309:     69270.000000           1         -370.4986   
      2310:     69300.000000           1         -370.4986   
      2311:     69330.000000           1         -370.4977   
      2312:     69360.000000           1         -370.4977   
      2313:     69390.000000           1         -370.4980   
      2314:     69420.000000           1         -370.4997   
      2315:     69450.000000           1            5.6894   
      2316:     69480.000000           1            5.6878   
      2317:     69510.000000           1            5.6887   
      2318:     69540.000000           1            5.6885   
      2319:     69570.000000           1            5.6864   
      2320:     69600.000000           1            5.6856   
      2321:     69630.000000           1            5.6862   
      2322:     69660.000000           1         -191.5537   
      2323:     69690.000000           1         -191.5559   
      2324:     69720.000000           1         -191.5544   
      2325:     69750.000000           1         -191.5547   
      2326:     69780.000000           1         -191.5547   
      2327:     69810.000000           1         -191.5560   
      2328:     69840.000000           1         -191.5562   
      2329:     69870.000000           1         -191.5599   
      2330:     69900.000000           1         -191.5620   
      2331:     69930.000000           1         -191.5622   
      2332:     69960.000000           1         -191.5651   
      2333:     69990.000000           1         -191.5629   
      2334:     70020.000000           1         -191.5619   
      2335:     70050.000000           1         -191.5611   
      2336:     70080.000000           1         -191.5599   
      2337:     70110.000000           1         -191.5582   
      2338:     70140.000000           1         -370.5132   
      2339:     70170.000000           1         -191.5614   
      2340:     70200.000000           1         -191.5626   
      2341:     70230.000000           1         -191.5628   
      2342:     70260.000000           1         -191.5607   
      2343:     70290.000000           1         -191.5630   
      2344:     70320.000000           1         -191.5611   
      2345:     70350.000000           1         -191.5611   
      2346:     70380.000000           1         -191.5625   
      2347:     70410.000000           1         -191.5653   
      2348:     70440.000000           1         -191.5670   
      2349:     70470.000000           1         -191.5702   
      2350:     70500.000000           1         -191.5707   
      2351:     70530.000000           1         -191.5732   
      2352:     70560.000000           1           13.6689   
      2353:     70590.000000           1           13.6706   
      2354:     70620.000000           1           13.6645   
      2355:     70650.000000           1           13.6500   
      2356:     70680.000000           1           13.6399   
      2357:     70710.000000           1           13.6243   
      2358:     70740.000000           1           13.6123   
      2359:     70770.000000           1           13.5947   
      2360:     70800.000000           1           13.5662   
      2361:     70830.000000           1           13.5365   
      2362:     70860.000000           1           13.4994   
      2363:     70890.000000           1           13.4763   
      2364:     70920.000000           1           13.4634   
      2365:     70950.000000           1           13.4486   
      2366:     70980.000000           1           13.4402   
      2367:     71010.000000           1           13.4331   
      2368:     71040.000000           1           13.4200   
      2369:     71070.000000           1           13.4108   
      2370:     71100.000000           1           13.4038   
      2371:     71130.000000           1           13.4030   
      2372:     71160.000000           1           13.4006   
      2373:     71190.000000           1           13.3964   
      2374:     71220.000000           1           13.3992   
      2375:     71250.000000           1           13.3936   
      2376:     71280.000000           1           13.3918   
      2377:     71310.000000           1           13.3790   
      2378:     71340.000000           1           13.3697   
      2379:     71370.000000           1           13.3554   
      2380:     71400.000000           1           13.3406   
      2381:     71430.000000           1           13.3283   
      2382:     71460.000000           1           13.3209   
      2383:     71490.000000           1           13.3082   
      2384:     71520.000000           1           13.3012   
      2385:     71550.000000           1           13.2940   
      2386:     71580.000000           1           13.2928   
      2387:     71610.000000           1           13.2907   
      2388:     71640.000000           1           13.2860   
      2389:     71670.000000           1           13.2829   
      2390:     71700.000000           1           13.2786   
      2391:     71730.000000           1           13.2741   
      2392:     71760.000000           1           13.2693   
      2393:     71790.000000           1           13.2662   
      2394:     71820.000000           1           13.2659   
      2395:     71850.000000           1           13.2660   
      2396:     71880.000000           1           13.2701   
      2397:     71910.000000           1           13.2658   
      2398:     71940.000000           1           13.2620   
      2399:     71970.000000           1           13.2632   
      2400:     72000.000000           1           13.2677   
      2401:     72030.000000           1            5.6784   
      2402:     72060.000000           1            5.6773   
      2403:     72090.000000           1            5.6760   
      2404:     72120.000000           1            5.6750   
      2405:     72150.000000           1            5.6732   
      2406:     72180.000000           1            5.6734   
      2407:     72210.000000           1            5.6724   
      2408:     72240.000000           1            5.6708   
      2409:     72270.000000           1            5.6708   
      2410:     72300.000000           1            5.6698   
      2411:     72330.000000           1            5.6723   
      2412:     72360.000000           1         -370.5197   
      2413:     72390.000000           1            5.6728   
      2414:     72420.000000           1         -370.5192   
      2415:     72450.000000           1         -370.5174   
      2416:     72480.000000           1         -370.5166   
      2417:     72510.000000           1         -370.5181   
      2418:     72540.000000           1         -370.5188   
      2419:     72570.000000           1         -370.5234   
      2420:     72600.000000           1         -370.5253   
      2421:     72630.000000           1         -370.5262   
      2422:     72660.000000           1            5.6608   
      2423:     72690.000000           1            5.6612   
      2424:     72720.000000           1            5.6596   
      2425:     72750.000000           1            5.6588   
      2426:     72780.000000           1            5.6573   
      2427:     72810.000000           1            5.6585   
      2428:     72840.000000           1            5.6564   
      2429:     72870.000000           1            5.6545   
      2430:     72900.000000           1            5.6542   
      2431:     72930.000000           1            5.6528   
      2432:     72960.000000           1           13.1623   
      2433:     72990.000000           1           13.1675   
      2434:     73020.000000           1           13.1620   
      2435:     73050.000000           1           13.1607   
      2436:     73080.000000           1           13.1609   
      2437:     73110.000000           1           13.1615   
      2438:     73140.000000           1           13.1615   
      2439:     73170.000000           1           13.1584   
      2440:     73200.000000           1           13.1548   
      2441:     73230.000000           1           13.1541   
      2442:     73260.000000           1           13.1496   
      2443:     73290.000000           1           13.1455   
      2444:     73320.000000           1           13.1390   
      2445:     73350.000000           1           13.1323   
      2446:     73380.000000           1           13.1256   
      2447:     73410.000000           1           13.1215   
      2448:     73440.000000           1           13.1183   
      2449:     73470.000000           1           13.1184   
      2450:     73500.000000           1           13.1227   
      2451:     73530.000000           1         -191.6046   
      2452:     73560.000000           1         -191.6058   
      2453:     73590.000000           1         -191.6096   
      2454:     73620.000000           1         -191.6118   
      2455:     73650.000000           1         -191.6117   
      2456:     73680.000000           1         -191.6127   
      2457:     73710.000000           1         -191.6128   
      2458:     73740.000000           1         -191.6131   
      2459:     73770.000000           1         -191.6145   
      2460:     73800.000000           1         -191.6133   
      2461:     73830.000000           1         -191.6135   
      2462:     73860.000000           1           13.1189   
      2463:     73890.000000           1         -192.6095   
      2464:     73920.000000           1         -192.6732   
      2465:     73950.000000           1         -192.6183   
      2466:     73980.000000           1         -192.6149   
      2467:     74010.000000           1         -192.5995   
      2468:     74040.000000           1         -192.5780   
      2469:     74070.000000           1         -192.5694   
      2470:     74100.000000           1         -192.5630   
      2471:     74130.000000           1         -192.5776   
      2472:     74160.000000           1         -192.5840   
      2473:     74190.000000           1         -192.5908   
      2474:     74220.000000           1         -192.5944   
      2475:     74250.000000           1         -192.5957   
      2476:     74280.000000           1         -192.5970   
      2477:     74310.000000           1         -192.6044   
      2478:     74340.000000           1         -192.6118   
      2479:     74370.000000           1         -192.6236   
      2480:     74400.000000           1         -192.6409   
      2481:     74430.000000           1         -192.6564   
      2482:     74460.000000           1         -192.6670   
      2483:     74490.000000           1         -192.6672   
      2484:     74520.000000           1         -192.6691   
      2485:     74550.000000           1         -192.6684   
      2486:     74580.000000           1         -192.6742   
      2487:     74610.000000           1         -192.6655   
      2488:     74640.000000           1         -192.6684   
      2489:     74670.000000           1         -192.6663   
      2490:     74700.000000           1         -192.6631   
      2491:     74730.000000           1         -192.6637   
      2492:     74760.000000           1         -192.6632   
      2493:     74790.000000           1         -192.6671   
      2494:     74820.000000           1         -192.6671   
      2495:     74850.000000           1         -192.6688   
      2496:     74880.000000           1         -192.6738   
      2497:     74910.000000           1         -192.6805   
      2498:     74940.000000           1         -192.6866   
      2499:     74970.000000           1         -192.6884   
      2500:     75000.000000           1         -192.6945   
      2501:     75030.000000           1         -192.7026   
      2502:     75060.000000           1         -192.7064   
      2503:     75090.000000           1         -192.7131   
      2504:     75120.000000           1         -192.7193   
      2505:     75150.000000           1         -192.7231   
      2506:     75180.000000           1         -192.7281   
      2507:     75210.000000           1         -192.7320   
      2508:     75240.000000           1         -192.7306   
      2509:     75270.000000           1         -192.7342   
      2510:     75300.000000           1         -192.7405   
      2511:     75330.000000           1         -192.7423   
      2512:     75360.000000           1           12.9806   
      2513:     75390.000000           1         -370.6631   
      2514:     75420.000000           1           12.9805   
      2515:     75450.000000           1           12.9789   
      2516:     75480.000000           1           12.9786   
      2517:     75510.000000           1           12.9796   
      2518:     75540.000000           1           12.9824   
      2519:     75570.000000           1           12.9808   
      2520:     75600.000000           1           12.9804   
      2521:     75630.000000           1           12.9811   
      2522:     75660.000000           1           12.9809   
      2523:     75690.000000           1           12.9793   
      2524:     75720.000000           1           12.9777   
      2525:     75750.000000           1           12.9747   
      2526:     75780.000000           1           12.9725   
      2527:     75810.000000           1           12.9719   
      2528:     75840.000000           1           12.9700   
      2529:     75870.000000           1           12.9656   
      2530:     75900.000000           1           12.9647   
      2531:     75930.000000           1           12.9601   
      2532:     75960.000000           1           12.9602   
      2533:     75990.000000           1           12.9598   
      2534:     76020.000000           1           12.9541   
      2535:     76050.000000           1           12.9529   
      2536:     76080.000000           1           12.9494   
      2537:     76110.000000           1           12.9481   
      2538:     76140.000000           1           12.9453   
      2539:     76170.000000           1           12.9468   
      2540:     76200.000000           1           12.9447   
      2541:     76230.000000           1           12.9381   
      2542:     76260.000000           1           12.9361   
      2543:     76290.000000           1           12.9340   
      2544:     76320.000000           1           12.9342   
      2545:     76350.000000           1           12.9329   
      2546:     76380.000000           1           12.9321   
      2547:     76410.000000           1           12.9324   
      2548:     76440.000000           1           12.9333   
      2549:     76470.000000           1           12.9313   
      2550:     76500.000000           1           12.9297   
