         3:        90.000000           1           71.3059   
         4:       120.000000           1           72.4038   
         5:       150.000000           1           71.3545   
         6:       180.000000           1           70.9042   
         7:       210.000000           1           70.1222   
         8:       240.000000           1           70.1041   
         9:       270.000000           1           69.4382   
        10:       300.000000           1           69.1876   
        11:       330.000000           1           68.5657   
        12:       360.000000           1           68.2912   
        13:       390.000000           1           67.6375   
        14:       420.000000           1           67.5766   
        15:       450.000000           1           67.7037   
        16:       480.000000           1           67.4629   
        17:       510.000000           1           67.3221   
        18:       540.000000           1           67.2269   
        19:       570.000000           1           67.2876   
        20:       600.000000           1           67.5067   
        21:       630.000000           1           67.8593   
        22:       660.000000           1           67.9706   
        23:       690.000000           1           67.9913   
        24:       720.000000           1           67.6423   
        25:       750.000000           1           67.5697   
        26:       780.000000           1           67.4776   
        27:       810.000000           1           67.2082   
        28:       840.000000           1           67.1239   
        30:       900.000000           1           67.3235   
        31:       930.000000           1           67.3566   
        32:       960.000000           1           67.4166   
        33:       990.000000           1           67.3502   
        34:      1020.000000           1           67.4175   
        35:      1050.000000           1           67.4558   
        36:      1080.000000           1           67.3755   
        38:      1140.000000           1           67.1265   
        39:      1170.000000           1           67.3484   
        40:      1200.000000           1           67.5831   
        67:      2010.000000           1           68.2111   
        68:      2040.000000           1           68.1847   
        69:      2070.000000           1           68.0767   
        70:      2100.000000           1           68.0556   
        71:      2130.000000           1           67.9959   
        72:      2160.000000           1           67.8871   
        73:      2190.000000           1           67.8325   
        74:      2220.000000           1           67.7203   
        75:      2250.000000           1           67.7399   
        76:      2280.000000           1           67.7455   
        77:      2310.000000           1           67.7965   
        78:      2340.000000           1           67.7440   
        79:      2370.000000           1           67.7316   
       107:      3210.000000           1           68.0464   
       108:      3240.000000           1           68.0406   
       109:      3270.000000           1           68.0222   
       110:      3300.000000           1           68.0178   
       111:      3330.000000           1           67.9832   
       112:      3360.000000           1           67.9264   
       113:      3390.000000           1           67.8810   
       114:      3420.000000           1           67.8755   
       115:      3450.000000           1           67.9004   
       116:      3480.000000           1           67.8924   
       117:      3510.000000           1           67.8284   
       118:      3540.000000           1           67.8140   
       119:      3570.000000           1           67.8382   
       120:      3600.000000           1           67.8569   
       121:      3630.000000           1           67.9074   
       122:      3660.000000           1           67.9795   
       123:      3690.000000           1           67.9332   
       124:      3720.000000           1           67.9501   
       126:      3780.000000           1           68.0555   
       127:      3810.000000           1           68.1130   
       128:      3840.000000           1           68.1364   
       129:      3870.000000           1           68.2008   
       130:      3900.000000           1           68.2886   
       131:      3930.000000           1           68.3637   
       132:      3960.000000           1           68.3536   
       133:      3990.000000           1           68.3368   
       134:      4020.000000           1           68.3576   
       135:      4050.000000           1           68.3725   
       136:      4080.000000           1           68.3251   
       137:      4110.000000           1           68.3280   
       138:      4140.000000           1           68.3337   
       139:      4170.000000           1           68.3617   
       140:      4200.000000           1           68.3600   
       141:      4230.000000           1           68.3427   
       142:      4260.000000           1           68.3593   
       143:      4290.000000           1           68.3608   
       144:      4320.000000           1           68.3561   
       145:      4350.000000           1           68.3899   
       146:      4380.000000           1           68.3985   
       147:      4410.000000           1           68.3673   
       148:      4440.000000           1           68.3359   
       150:      4500.000000           1           68.7496   
       152:      4560.000000           1           68.5790   
       153:      4590.000000           1           68.5787   
       154:      4620.000000           1           68.5490   
       155:      4650.000000           1           68.5919   
       717:     21510.000000           1          -87.6488   
       718:     21540.000000           1          -87.5313   
       719:     21570.000000           1          -87.5414   
       720:     21600.000000           1          -87.4972   
       721:     21630.000000           1          -87.4509   
       722:     21660.000000           1          -87.4582   
       723:     21690.000000           1          -87.4669   
       724:     21720.000000           1          -87.4851   
       725:     21750.000000           1          -87.4881   
       726:     21780.000000           1          -87.4648   
       729:     21870.000000           1          -87.4339   
       761:     22830.000000           1          -87.1206   
       762:     22860.000000           1          -87.1312   
       764:     22920.000000           1          -87.0808   
       765:     22950.000000           1          -87.0591   
       766:     22980.000000           1          -87.0474   
       767:     23010.000000           1          -87.0332   
       768:     23040.000000           1          -87.0174   
       769:     23070.000000           1          -87.0083   
       770:     23100.000000           1          -86.9997   
       771:     23130.000000           1          -86.9918   
       772:     23160.000000           1          -86.9782   
       774:     23220.000000           1          -86.9193   
       775:     23250.000000           1          -86.9012   
       776:     23280.000000           1          -86.8756   
       777:     23310.000000           1          -86.8477   
       778:     23340.000000           1          -86.8404   
       779:     23370.000000           1          -86.8261   
       780:     23400.000000           1          -86.8141   
       781:     23430.000000           1          -86.8039   
       782:     23460.000000           1          -86.7878   
       783:     23490.000000           1          -86.7699   
       784:     23520.000000           1          -86.7547   
       785:     23550.000000           1          -86.7313   
       786:     23580.000000           1          -86.7100   
       787:     23610.000000           1          -86.6882   
       864:     25920.000000           1          -85.8934   
       865:     25950.000000           1          -85.8931   
       866:     25980.000000           1          -85.8827   
       867:     26010.000000           1          -85.8721   
       868:     26040.000000           1          -85.8770   
       869:     26070.000000           1          -85.8697   
       870:     26100.000000           1          -85.8674   
       871:     26130.000000           1          -85.8627   
       872:     26160.000000           1          -85.8608   
       873:     26190.000000           1          -85.8547   
       874:     26220.000000           1          -85.8516   
       875:     26250.000000           1          -85.8510   
       876:     26280.000000           1          -85.8482   
       877:     26310.000000           1          -85.8433   
       878:     26340.000000           1          -85.8398   
       879:     26370.000000           1          -85.8303   
       880:     26400.000000           1          -85.8227   
       881:     26430.000000           1          -85.8087   
       882:     26460.000000           1          -85.7933   
       883:     26490.000000           1          -85.7834   
       884:     26520.000000           1          -85.7724   
       885:     26550.000000           1          -85.7664   
       886:     26580.000000           1          -85.7641   
       888:     26640.000000           1          -85.6475   
       889:     26670.000000           1          -85.6040   
       890:     26700.000000           1          -85.5714   
       891:     26730.000000           1          -85.5146   
       892:     26760.000000           1          -85.4937   
       893:     26790.000000           1          -85.4714   
       894:     26820.000000           1          -85.4590   
       895:     26850.000000           1          -85.4731   
       896:     26880.000000           1          -85.4917   
       897:     26910.000000           1          -85.4905   
       898:     26940.000000           1          -85.4892   
       899:     26970.000000           1          -85.4872   
       900:     27000.000000           1          -85.4748   
       901:     27030.000000           1          -85.4788   
       902:     27060.000000           1          -85.4807   
       903:     27090.000000           1          -85.4756   
       904:     27120.000000           1          -85.4713   
       905:     27150.000000           1          -85.4554   
       906:     27180.000000           1          -85.4393   
       907:     27210.000000           1          -85.4238   
       908:     27240.000000           1          -85.4190   
       909:     27270.000000           1          -85.4183   
       910:     27300.000000           1          -85.4199   
       911:     27330.000000           1          -85.4259   
       912:     27360.000000           1          -85.4350   
       913:     27390.000000           1          -85.4297   
       914:     27420.000000           1          -85.4272   
       915:     27450.000000           1          -85.4186   
       916:     27480.000000           1          -85.4072   
       917:     27510.000000           1          -85.4040   
       918:     27540.000000           1          -85.3932   
       919:     27570.000000           1          -85.3770   
       920:     27600.000000           1          -85.3675   
       921:     27630.000000           1          -85.3640   
       922:     27660.000000           1          -85.3625   
       923:     27690.000000           1          -85.3491   
       924:     27720.000000           1          -85.3356   
       925:     27750.000000           1          -85.3184   
       926:     27780.000000           1          -85.3088   
       927:     27810.000000           1          -85.3022   
       928:     27840.000000           1          -85.2910   
       929:     27870.000000           1          -85.2846   
       930:     27900.000000           1          -85.2749   
       931:     27930.000000           1         -306.8656   
       932:     27960.000000           1          -85.0921   
       933:     27990.000000           1          -85.2239   
       934:     28020.000000           1         -306.8449   
       935:     28050.000000           1         -306.8355   
       936:     28080.000000           1         -306.8274   
       937:     28110.000000           1         -306.8163   
       938:     28140.000000           1         -306.7994   
       939:     28170.000000           1         -306.7798   
       941:     28230.000000           1         -306.7386   
       943:     28290.000000           1         -306.7187   
       969:     29070.000000           1         -306.5200   
       970:     29100.000000           1         -306.5134   
      1012:     30360.000000           1         -306.2909   
      1013:     30390.000000           1         -306.2831   
      1014:     30420.000000           1         -306.2580   
      2315:     69450.000000           1         -370.5029   
      2316:     69480.000000           1         -370.5047   
      2317:     69510.000000           1         -370.5040   
      2318:     69540.000000           1         -370.5045   
      2319:     69570.000000           1         -370.5069   
      2320:     69600.000000           1         -370.5081   
      2321:     69630.000000           1         -370.5080   
      2322:     69660.000000           1            5.6908   
      2323:     69690.000000           1            5.6887   
      2324:     69720.000000           1            5.6902   
      2325:     69750.000000           1            5.6900   
      2326:     69780.000000           1            5.6899   
      2327:     69810.000000           1            5.6886   
      2328:     69840.000000           1            5.6885   
      2329:     69870.000000           1            5.6846   
      2330:     69900.000000           1            5.6824   
      2331:     69930.000000           1            5.6823   
      2332:     69960.000000           1            5.6793   
      2333:     69990.000000           1            5.6814   
      2334:     70020.000000           1            5.6824   
      2335:     70050.000000           1            5.6832   
      2336:     70080.000000           1            5.6843   
      2337:     70110.000000           1            5.6859   
      2339:     70170.000000           1           13.7785   
      2340:     70200.000000           1           13.7024   
      2341:     70230.000000           1           13.7740   
      2342:     70260.000000           1           13.7589   
      2343:     70290.000000           1           13.7982   
      2344:     70320.000000           1           13.7928   
      2345:     70350.000000           1           13.7845   
      2346:     70380.000000           1           13.7631   
      2347:     70410.000000           1           13.7370   
      2348:     70440.000000           1           13.7371   
      2349:     70470.000000           1           13.7236   
      2350:     70500.000000           1           13.7283   
      2351:     70530.000000           1           13.7073   
      2352:     70560.000000           1            5.6672   
      2353:     70590.000000           1            5.6667   
      2354:     70620.000000           1            5.6674   
      2355:     70650.000000           1            5.6685   
      2356:     70680.000000           1            5.6707   
      2357:     70710.000000           1            5.6714   
      2358:     70740.000000           1            5.6724   
      2359:     70770.000000           1            5.6724   
      2360:     70800.000000           1            5.6708   
      2361:     70830.000000           1            5.6699   
      2362:     70860.000000           1            5.6653   
      2363:     70890.000000           1            5.6645   
      2364:     70920.000000           1            5.6630   
      2365:     70950.000000           1            5.6627   
      2366:     70980.000000           1            5.6620   
      2367:     71010.000000           1            5.6638   
      2368:     71040.000000           1            5.6612   
      2369:     71070.000000           1            5.6603   
      2370:     71100.000000           1            5.6589   
      2371:     71130.000000           1            5.6589   
      2372:     71160.000000           1            5.6606   
      2373:     71190.000000           1            5.6626   
      2374:     71220.000000           1            5.6641   
      2375:     71250.000000           1            5.6668   
      2376:     71280.000000           1            5.6690   
      2377:     71310.000000           1            5.6689   
      2378:     71340.000000           1            5.6708   
      2379:     71370.000000           1            5.6726   
      2380:     71400.000000           1            5.6707   
      2381:     71430.000000           1            5.6694   
      2382:     71460.000000           1            5.6668   
      2383:     71490.000000           1            5.6655   
      2384:     71520.000000           1            5.6654   
      2385:     71550.000000           1            5.6646   
      2386:     71580.000000           1            5.6626   
      2387:     71610.000000           1            5.6639   
      2388:     71640.000000           1            5.6630   
      2389:     71670.000000           1            5.6655   
      2390:     71700.000000           1            5.6658   
      2391:     71730.000000           1            5.6653   
      2392:     71760.000000           1            5.6670   
      2393:     71790.000000           1            5.6698   
      2394:     71820.000000           1            5.6728   
      2395:     71850.000000           1            5.6756   
      2396:     71880.000000           1            5.6789   
      2397:     71910.000000           1            5.6793   
      2398:     71940.000000           1            5.6788   
      2399:     71970.000000           1            5.6793   
      2400:     72000.000000           1            5.6780   
      2401:     72030.000000           1         -370.5149   
      2402:     72060.000000           1         -370.5159   
      2403:     72090.000000           1         -370.5170   
      2404:     72120.000000           1         -370.5179   
      2405:     72150.000000           1         -370.5195   
      2406:     72180.000000           1         -370.5192   
      2407:     72210.000000           1         -370.5201   
      2408:     72240.000000           1         -370.5216   
      2409:     72270.000000           1         -370.5215   
      2410:     72300.000000           1         -370.5223   
      2411:     72330.000000           1         -370.5198   
      2413:     72390.000000           1         -370.5191   
      2422:     72660.000000           1         -370.5303   
      2423:     72690.000000           1         -370.5298   
      2424:     72720.000000           1         -370.5314   
      2425:     72750.000000           1         -370.5322   
      2426:     72780.000000           1         -370.5336   
      2427:     72810.000000           1         -370.5323   
      2428:     72840.000000           1         -370.5343   
      2429:     72870.000000           1         -370.5362   
      2430:     72900.000000           1         -370.5364   
      2431:     72930.000000           1         -370.5377   
      2432:     72960.000000           1            5.6520   
      2433:     72990.000000           1         -370.5346   
      2434:     73020.000000           1            4.7233   
      2435:     73050.000000           1            4.5649   
      2436:     73080.000000           1            4.5492   
      2437:     73110.000000           1            4.5254   
      2438:     73140.000000           1            4.5279   
      2439:     73170.000000           1            4.5209   
      2440:     73200.000000           1            4.5168   
      2441:     73230.000000           1            4.5150   
      2442:     73260.000000           1            4.5124   
      2443:     73290.000000           1            4.5143   
      2444:     73320.000000           1            4.5102   
      2445:     73350.000000           1            4.4984   
      2446:     73380.000000           1            4.5046   
      2447:     73410.000000           1            4.4986   
      2448:     73440.000000           1            4.4891   
      2449:     73470.000000           1            4.4894   
      2450:     73500.000000           1            4.4892   
      2451:     73530.000000           1           13.1280   
      2452:     73560.000000           1           13.1281   
      2453:     73590.000000           1           13.1265   
      2454:     73620.000000           1           13.1257   
      2455:     73650.000000           1           13.1275   
      2456:     73680.000000           1           13.1271   
      2457:     73710.000000           1           13.1288   
      2458:     73740.000000           1           13.1293   
      2459:     73770.000000           1           13.1272   
      2460:     73800.000000           1           13.1282   
      2461:     73830.000000           1           13.1259   
      2462:     73860.000000           1            4.5182   
      2463:     73890.000000           1           13.1133   
      2464:     73920.000000           1           13.1047   
      2465:     73950.000000           1           13.0988   
      2466:     73980.000000           1           13.0942   
      2467:     74010.000000           1           13.0911   
      2468:     74040.000000           1           13.0905   
      2469:     74070.000000           1           13.0897   
      2470:     74100.000000           1           13.0871   
      2471:     74130.000000           1           13.0828   
      2472:     74160.000000           1           13.0789   
      2473:     74190.000000           1           13.0746   
      2474:     74220.000000           1           13.0716   
      2475:     74250.000000           1           13.0711   
      2476:     74280.000000           1           13.0673   
      2477:     74310.000000           1           13.0659   
      2478:     74340.000000           1           13.0613   
      2479:     74370.000000           1           13.0590   
      2480:     74400.000000           1           13.0524   
      2481:     74430.000000           1           13.0469   
      2482:     74460.000000           1           13.0430   
      2483:     74490.000000           1           13.0436   
      2484:     74520.000000           1           13.0439   
      2485:     74550.000000           1           13.0458   
      2486:     74580.000000           1           13.0444   
      2487:     74610.000000           1           13.0439   
      2488:     74640.000000           1           13.0392   
      2489:     74670.000000           1           13.0395   
      2490:     74700.000000           1           13.0386   
      2491:     74730.000000           1           13.0387   
      2492:     74760.000000           1           13.0379   
      2493:     74790.000000           1           13.0364   
      2494:     74820.000000           1           13.0353   
      2495:     74850.000000           1           13.0339   
      2496:     74880.000000           1           13.0312   
      2497:     74910.000000           1           13.0259   
      2498:     74940.000000           1           13.0199   
      2499:     74970.000000           1           13.0170   
      2500:     75000.000000           1           13.0131   
      2501:     75030.000000           1           13.0067   
      2502:     75060.000000           1           13.0023   
      2503:     75090.000000           1           12.9970   
      2504:     75120.000000           1           12.9918   
      2505:     75150.000000           1           12.9892   
      2506:     75180.000000           1           12.9860   
      2507:     75210.000000           1           12.9853   
      2508:     75240.000000           1           12.9874   
      2509:     75270.000000           1           12.9846   
      2510:     75300.000000           1           12.9792   
      2511:     75330.000000           1         -370.6594   
      2512:     75360.000000           1         -370.6610   
      2551:     76530.000000           1         -370.7335   
      2552:     76560.000000           1         -370.7331   
      2553:     76590.000000           1         -370.7341   
      2554:     76620.000000           1         -370.7361   
      2555:     76650.000000           1         -370.7378   
      2556:     76680.000000           1         -370.7396   
      2557:     76710.000000           1         -370.7392   
      2558:     76740.000000           1         -370.7405   
      2559:     76770.000000           1          -30.2621   
      2560:     76800.000000           1          -30.3635   
      2561:     76830.000000           1          -30.4458   
      2562:     76860.000000           1          -30.4555   
      2563:     76890.000000           1          -30.4432   
      2564:     76920.000000           1          -30.4628   
      2565:     76950.000000           1          -30.4586   
      2566:     76980.000000           1           12.8990   
      2567:     77010.000000           1         -370.7640   
      2568:     77040.000000           1           12.8890   
      2569:     77070.000000           1           12.8859   
      2570:     77100.000000           1           12.8835   
      2571:     77130.000000           1           12.8797   
      2572:     77160.000000           1           12.8773   
      2573:     77190.000000           1           12.8725   
      2574:     77220.000000           1           12.8705   
      2575:     77250.000000           1           12.8688   
      2576:     77280.000000           1           12.8667   
      2577:     77310.000000           1           12.8638   
      2578:     77340.000000           1           12.8588   
      2579:     77370.000000           1           12.8538   
      2580:     77400.000000           1           12.8506   
      2581:     77430.000000           1           12.8487   
      2582:     77460.000000           1           12.8452   
      2583:     77490.000000           1           12.8409   
      2584:     77520.000000           1           12.8363   
      2585:     77550.000000           1           12.8352   
      2586:     77580.000000           1           12.8335   
      2587:     77610.000000           1           12.8329   
      2588:     77640.000000           1           12.8322   
      2589:     77670.000000           1           12.8290   
      2590:     77700.000000           1           12.8289   
      2591:     77730.000000           1           12.8279   
      2592:     77760.000000           1           12.8250   
      2593:     77790.000000           1           12.8217   
      2594:     77820.000000           1           12.8202   
      2595:     77850.000000           1           12.8191   
      2596:     77880.000000           1           12.8198   
      2597:     77910.000000           1           12.8175   
      2598:     77940.000000           1           12.8152   
      2599:     77970.000000           1           12.8122   
      2600:     78000.000000           1           12.8100   
      2601:     78030.000000           1           12.8064   
      2602:     78060.000000           1           12.8045   
      2603:     78090.000000           1           12.8013   
      2604:     78120.000000           1           12.7990   
      2605:     78150.000000           1           12.7938   
      2606:     78180.000000           1           12.7893   
      2607:     78210.000000           1           12.7847   
      2608:     78240.000000           1           12.7825   
      2609:     78270.000000           1          -30.6775   
      2610:     78300.000000           1          -30.6794   
      2611:     78330.000000           1          -30.6825   
      2612:     78360.000000           1          -30.6853   
      2613:     78390.000000           1          -30.6849   
      2614:     78420.000000           1          -30.6853   
      2615:     78450.000000           1          -30.6841   
      2616:     78480.000000           1          -30.6910   
      2617:     78510.000000           1          -30.6945   
      2618:     78540.000000           1          -30.6923   
      2619:     78570.000000           1          -30.6862   
      2620:     78600.000000           1          -30.6861   
      2621:     78630.000000           1          -30.6860   
      2622:     78660.000000           1          -30.6861   
      2623:     78690.000000           1          -30.6897   
      2624:     78720.000000           1          -30.6944   
      2625:     78750.000000           1          -30.6988   
      2626:     78780.000000           1          -30.7000   
      2627:     78810.000000           1          -30.7040   
      2628:     78840.000000           1          -30.7104   
      2629:     78870.000000           1          -30.7161   
      2630:     78900.000000           1          -30.7231   
      2631:     78930.000000           1          -30.7268   
      2632:     78960.000000           1          -30.7323   
      2633:     78990.000000           1          -30.7337   
      2634:     79020.000000           1          -30.7374   
      2635:     79050.000000           1          -30.7391   
      2636:     79080.000000           1          -30.7410   
      2637:     79110.000000           1          -30.7449   
      2638:     79140.000000           1          -30.7466   
      2639:     79170.000000           1          -30.7531   
      2640:     79200.000000           1          -30.7591   
      2641:     79230.000000           1          -30.7609   
      2642:     79260.000000           1          -30.7670   
      2643:     79290.000000           1          -30.7701   
      2644:     79320.000000           1          -30.7734   
      2645:     79350.000000           1          -30.7733   
      2646:     79380.000000           1          -30.7750   
      2647:     79410.000000           1          -30.7737   
      2648:     79440.000000           1          -30.7727   
      2649:     79470.000000           1          -30.7735   
      2650:     79500.000000           1          -30.7722   
      2651:     79530.000000           1          -30.7726   
      2652:     79560.000000           1          -30.7728   
      2653:     79590.000000           1          -30.7748   
      2654:     79620.000000           1           12.6539   
      2655:     79650.000000           1           12.6500   
      2656:     79680.000000           1           12.6465   
      2657:     79710.000000           1           12.6409   
      2658:     79740.000000           1           12.6402   
      2659:     79770.000000           1          -30.8011   
      2660:     79800.000000           1          -30.8011   
      2661:     79830.000000           1         -371.0269   
      2662:     79860.000000           1          -30.8151   
      2663:     79890.000000           1          -30.8216   
      2664:     79920.000000           1          -30.8249   
      2665:     79950.000000           1          -30.8280   
      2666:     79980.000000           1          -30.8303   
      2667:     80010.000000           1          -30.8398   
      2668:     80040.000000           1          -30.8442   
      2669:     80070.000000           1          -30.8495   
      2670:     80100.000000           1          -30.8529   
      2671:     80130.000000           1          -30.8539   
      2672:     80160.000000           1          -30.8548   
      2673:     80190.000000           1          -30.8576   
      2674:     80220.000000           1          -30.8583   
      2675:     80250.000000           1          -30.8616   
      2676:     80280.000000           1          -30.8627   
      2677:     80310.000000           1          -30.8651   
      2678:     80340.000000           1          -30.8655   
      2679:     80370.000000           1          -30.8680   
      2680:     80400.000000           1          -30.8702   
      2681:     80430.000000           1          -30.8730   
      2682:     80460.000000           1          -30.8790   
      2683:     80490.000000           1          -30.8801   
      2684:     80520.000000           1          -30.8822   
      2685:     80550.000000           1          -30.8859   
      2686:     80580.000000           1          -30.8878   
      2687:     80610.000000           1          -30.8926   
      2688:     80640.000000           1          -30.8945   
      2689:     80670.000000           1          -30.8956   
      2690:     80700.000000           1          -30.8990   
      2691:     80730.000000           1          -30.9001   
      2692:     80760.000000           1          -30.9037   
      2693:     80790.000000           1         -372.5256   
      2694:     80820.000000           1          -30.9116   
      2696:     80880.000000           1          -30.9213   
      2697:     80910.000000           1          -30.9218   
      2698:     80940.000000           1           12.4978   
      2699:     80970.000000           1           12.4936   
      2700:     81000.000000           1           12.4931   
      2701:     81030.000000           1           12.4909   
      2702:     81060.000000           1           12.4875   
      2703:     81090.000000           1           12.4845   
      2704:     81120.000000           1           12.4806   
      2705:     81150.000000           1           12.4785   
      2706:     81180.000000           1           12.4774   
      2707:     81210.000000           1           12.4764   
      2708:     81240.000000           1           12.4721   
      2709:     81270.000000           1           12.4698   
      2710:     81300.000000           1           12.4696   
      2711:     81330.000000           1           12.4649   
      2712:     81360.000000           1           12.4625   
      2713:     81390.000000           1           12.4593   
      2714:     81420.000000           1           12.4562   
      2715:     81450.000000           1           12.4516   
      2716:     81480.000000           1           12.4488   
      2717:     81510.000000           1          -30.9554   
      2718:     81540.000000           1           12.4403   
      2719:     81570.000000           1           12.4376   
      2720:     81600.000000           1           12.4343   
      2721:     81630.000000           1           12.4312   
      2722:     81660.000000           1           12.4286   
      2723:     81690.000000           1           12.4252   
      2724:     81720.000000           1           12.4202   
      2725:     81750.000000           1           12.4152   
      2726:     81780.000000           1           12.4133   
      2727:     81810.000000           1           12.4102   
      2728:     81840.000000           1           12.4070   
      2729:     81870.000000           1           12.4036   
      2730:     81900.000000           1           12.4022   
      2731:     81930.000000           1           12.3987   
      2732:     81960.000000           1           12.3965   
      2733:     81990.000000           1           12.3936   
      2734:     82020.000000           1          -30.9919   
      2735:     82050.000000           1          -30.9957   
      2736:     82080.000000           1          -30.9981   
      2737:     82110.000000           1          -30.9988   
      2738:     82140.000000           1          -30.9992   
      2739:     82170.000000           1          -31.0021   
      2740:     82200.000000           1          -31.0037   
      2741:     82230.000000           1          -31.0075   
      2742:     82260.000000           1            9.9107   
      2743:     82290.000000           1            9.8915   
      2744:     82320.000000           1            9.8695   
      2745:     82350.000000           1            9.8577   
      2746:     82380.000000           1            9.8668   
      2747:     82410.000000           1            9.8497   
      2748:     82440.000000           1            9.8476   
      2749:     82470.000000           1            9.8286   
      2750:     82500.000000           1            9.8331   
      2751:     82530.000000           1            9.8388   
      2753:     82590.000000           1            9.8584   
      2754:     82620.000000           1            9.9140   
      2755:     82650.000000           1            9.8947   
      2756:     82680.000000           1            9.9146   
      2757:     82710.000000           1            9.9127   
      2758:     82740.000000           1            9.9046   
      2759:     82770.000000           1            9.8994   
      2760:     82800.000000           1            9.8991   
      2761:     82830.000000           1            9.8915   
      2762:     82860.000000           1            9.8798   
      2763:     82890.000000           1            9.8817   
      2764:     82920.000000           1            9.8852   
      2765:     82950.000000           1            9.8880   
      2766:     82980.000000           1            9.8996   
      2774:     83220.000000           1            9.9063   
      2775:     83250.000000           1            9.9053   
      2776:     83280.000000           1            9.9036   
      2777:     83310.000000           1            9.8908   
      2778:     83340.000000           1            9.8850   
      2779:     83370.000000           1            9.8801   
      2780:     83400.000000           1            9.8674   
      2781:     83430.000000           1            9.8632   
      2782:     83460.000000           1            9.8551   
      2783:     83490.000000           1            9.8398   
      2784:     83520.000000           1            9.8156   
      2785:     83550.000000           1            9.8065   
      2786:     83580.000000           1            9.7980   
      2787:     83610.000000           1            9.7872   
      2788:     83640.000000           1            9.7744   
      2789:     83670.000000           1            9.7708   
      2790:     83700.000000           1            9.7610   
      2791:     83730.000000           1            9.7540   
      2792:     83760.000000           1            9.7403   
      2793:     83790.000000           1            9.7303   
      2794:     83820.000000           1            9.7268   
      2795:     83850.000000           1            9.7183   
      2796:     83880.000000           1          -31.1635   
      2797:     83910.000000           1            9.7004   
      2798:     83940.000000           1            9.6955   
      2799:     83970.000000           1          -31.1709   
      2800:     84000.000000           1          -31.1762   
      2801:     84030.000000           1          -31.1753   
      2802:     84060.000000           1          -31.1754   
      2803:     84090.000000           1           12.1688   
      2804:     84120.000000           1           12.1645   
      2805:     84150.000000           1           12.1624   
      2806:     84180.000000           1           12.1614   
      2807:     84210.000000           1           12.1598   
      2808:     84240.000000           1           12.1581   
      2809:     84270.000000           1           12.1557   
      2810:     84300.000000           1           12.1534   
      2811:     84330.000000           1           12.1533   
      2812:     84360.000000           1           12.1514   
      2813:     84390.000000           1           12.1494   
      2814:     84420.000000           1           12.1474   
      2815:     84450.000000           1           12.1434   
      2816:     84480.000000           1           12.1424   
      2817:     84510.000000           1           12.1397   
      2818:     84540.000000           1           12.1351   
      2819:     84570.000000           1          -31.2080   
      2820:     84600.000000           1          -31.2110   
      2821:     84630.000000           1           12.1253   
      2822:     84660.000000           1          -31.2180   
      2823:     84690.000000           1          -31.2195   
      2824:     84720.000000           1          -31.2215   
      2825:     84750.000000           1           12.1171   
      2826:     84780.000000           1          -31.2234   
      2827:     84810.000000           1          -31.2247   
      2828:     84840.000000           1          -31.2245   
      2829:     84870.000000           1           12.1171   
      2830:     84900.000000           1          -31.2270   
      2831:     84930.000000           1          -31.2277   
      2832:     84960.000000           1          -31.2300   
      2833:     84990.000000           1          -31.2323   
      2834:     85020.000000           1          -31.2375   
      2835:     85050.000000           1          -31.2425   
      2836:     85080.000000           1          -31.2447   
      2837:     85110.000000           1          -31.2450   
      2838:     85140.000000           1          -31.2477   
      2839:     85170.000000           1          -31.2496   
      2840:     85200.000000           1          -31.2495   
      2841:     85230.000000           1          -31.2504   
      2842:     85260.000000           1          -31.2515   
      2843:     85290.000000           1          -31.2509   
      2844:     85320.000000           1          -31.2492   
      2845:     85350.000000           1          -31.2495   
      2846:     85380.000000           1          -31.2521   
      2847:     85410.000000           1          -31.2536   
      2848:     85440.000000           1          -31.2561   
      2849:     85470.000000           1          -31.2593   
      2850:     85500.000000           1          -31.2605   
      2851:     85530.000000           1          -31.2618   
      2852:     85560.000000           1          -31.2622   
      2853:     85590.000000           1          -31.2620   
      2854:     85620.000000           1          -31.2639   
      2855:     85650.000000           1          -31.2662   
      2856:     85680.000000           1          -31.2700   
      2857:     85710.000000           1          -31.2716   
      2858:     85740.000000           1          -31.2733   
      2859:     85770.000000           1          -31.2759   
      2860:     85800.000000           1          -31.2789   
      2861:     85830.000000           1          -31.2808   
      2862:     85860.000000           1          -31.2831   
      2863:     85890.000000           1          -31.2848   
      2864:     85920.000000           1          -31.2867   
      2865:     85950.000000           1          -31.2910   
      2866:     85980.000000           1          -31.2944   
      2867:     86010.000000           1          -31.2983   
      2868:     86040.000000           1            9.6366   
      2869:     86070.000000           1          -31.3182   
      2870:     86100.000000           1          -31.3239   
      2871:     86130.000000           1          -31.3283   
      2872:     86160.000000           1          -31.3318   
      2873:     86190.000000           1          -31.3351   
      2874:     86220.000000           1          -31.3387   
      2875:     86250.000000           1           12.0070   
      2876:     86280.000000           1           12.0041   
      2877:     86310.000000           1           12.0011   
      2878:     86340.000000           1           12.0006   
      2879:     86370.000000           1           11.9994   
