       600:     18000.000000           1          -44.9426   
       601:     18030.000000           1          -44.9344   
       602:     18060.000000           1          -44.9241   
       603:     18090.000000           1          -44.9187   
       604:     18120.000000           1          -44.9193   
       605:     18150.000000           1          -44.9120   
       606:     18180.000000           1          -44.9118   
       607:     18210.000000           1         -340.2869   
       608:     18240.000000           1         -340.3373   
       609:     18270.000000           1         -340.2929   
       610:     18300.000000           1         -340.3104   
       611:     18330.000000           1         -340.3300   
       612:     18360.000000           1         -340.3435   
       613:     18390.000000           1         -340.4032   
       614:     18420.000000           1         -340.4006   
       615:     18450.000000           1         -340.4541   
       616:     18480.000000           1         -340.4479   
       617:     18510.000000           1         -340.4746   
       618:     18540.000000           1          -44.9178   
       619:     18570.000000           1         -340.4931   
       620:     18600.000000           1         -340.5864   
       621:     18630.000000           1         -340.5271   
       622:     18660.000000           1         -340.5651   
       623:     18690.000000           1         -340.5796   
       624:     18720.000000           1         -340.5728   
       625:     18750.000000           1         -340.5642   
       627:     18810.000000           1         -340.5001   
       628:     18840.000000           1         -340.4720   
       666:     19980.000000           1         -340.4463   
       667:     20010.000000           1         -340.4425   
       668:     20040.000000           1         -340.4448   
       669:     20070.000000           1         -340.4490   
       670:     20100.000000           1         -340.4541   
       671:     20130.000000           1         -340.4521   
       672:     20160.000000           1         -340.4498   
       673:     20190.000000           1         -340.4529   
       674:     20220.000000           1         -340.4528   
       675:     20250.000000           1         -340.4546   
       676:     20280.000000           1         -340.4512   
       677:     20310.000000           1         -340.4536   
       678:     20340.000000           1         -340.4529   
       679:     20370.000000           1         -340.4366   
       680:     20400.000000           1         -340.4428   
       681:     20430.000000           1         -340.4498   
       682:     20460.000000           1         -340.4497   
       683:     20490.000000           1         -340.4487   
       684:     20520.000000           1         -340.4448   
       716:     21480.000000           1         -340.4075   
       717:     21510.000000           1         -340.3985   
       718:     21540.000000           1         -340.4031   
       719:     21570.000000           1         -340.3988   
       720:     21600.000000           1         -340.3975   
       721:     21630.000000           1         -340.3925   
       722:     21660.000000           1         -340.3865   
       723:     21690.000000           1         -340.3832   
       724:     21720.000000           1         -340.3777   
       725:     21750.000000           1         -340.3736   
       726:     21780.000000           1         -340.3690   
       727:     21810.000000           1          -87.4503   
       728:     21840.000000           1          -87.4510   
       729:     21870.000000           1         -340.3414   
       731:     21930.000000           1          -87.3301   
       732:     21960.000000           1          -87.4415   
       733:     21990.000000           1          -87.4152   
       734:     22020.000000           1          -87.4142   
       735:     22050.000000           1          -87.3973   
       736:     22080.000000           1          -87.3711   
       737:     22110.000000           1          -87.3126   
       738:     22140.000000           1          -87.3018   
       739:     22170.000000           1          -87.2727   
       740:     22200.000000           1          -87.2395   
       741:     22230.000000           1          -87.2008   
       742:     22260.000000           1          -87.2039   
       743:     22290.000000           1          -87.1916   
       744:     22320.000000           1          -87.1708   
       745:     22350.000000           1          -87.1622   
       746:     22380.000000           1          -87.1547   
       747:     22410.000000           1          -87.1466   
       748:     22440.000000           1          -87.1495   
       749:     22470.000000           1          -87.1366   
       750:     22500.000000           1          -87.1308   
       751:     22530.000000           1          -87.1350   
       752:     22560.000000           1          -87.1426   
       753:     22590.000000           1          -87.1268   
       754:     22620.000000           1          -87.1261   
       755:     22650.000000           1          -87.1303   
       756:     22680.000000           1          -87.1258   
       757:     22710.000000           1          -87.1213   
       758:     22740.000000           1          -87.1228   
       759:     22770.000000           1          -87.1130   
       760:     22800.000000           1          -87.1089   
       761:     22830.000000           1         -340.1577   
       762:     22860.000000           1         -340.1674   
       763:     22890.000000           1          -87.1040   
       764:     22920.000000           1         -340.1324   
       765:     22950.000000           1         -340.1231   
       766:     22980.000000           1         -340.1224   
       767:     23010.000000           1         -340.1162   
       768:     23040.000000           1         -340.1034   
       769:     23070.000000           1         -340.0969   
       770:     23100.000000           1         -340.0962   
       771:     23130.000000           1         -340.0929   
       772:     23160.000000           1         -340.0900   
       773:     23190.000000           1          -86.9638   
       774:     23220.000000           1         -340.0658   
       775:     23250.000000           1         -340.0565   
       776:     23280.000000           1         -340.0393   
       777:     23310.000000           1         -340.0186   
       778:     23340.000000           1         -340.0165   
       779:     23370.000000           1         -340.0139   
       780:     23400.000000           1         -340.0094   
       781:     23430.000000           1         -340.0091   
       782:     23460.000000           1         -340.0025   
       783:     23490.000000           1         -339.9892   
       784:     23520.000000           1         -339.9773   
       785:     23550.000000           1         -339.9632   
       786:     23580.000000           1         -339.9509   
       787:     23610.000000           1         -339.9368   
       788:     23640.000000           1          -86.6369   
       789:     23670.000000           1          -86.6211   
       790:     23700.000000           1          -86.6168   
       791:     23730.000000           1          -86.6051   
       792:     23760.000000           1          -86.5946   
       793:     23790.000000           1          -86.5762   
       794:     23820.000000           1          -86.5680   
       795:     23850.000000           1          -86.5658   
       796:     23880.000000           1          -86.5564   
       797:     23910.000000           1          -86.5497   
       798:     23940.000000           1          -86.5310   
       799:     23970.000000           1          -86.5126   
       800:     24000.000000           1          -86.5038   
       801:     24030.000000           1          -86.5028   
       802:     24060.000000           1          -86.4887   
       809:     24270.000000           1          -86.4219   
       814:     24420.000000           1          -86.3699   
       815:     24450.000000           1          -86.3559   
       816:     24480.000000           1          -86.3414   
       817:     24510.000000           1          -86.3325   
       818:     24540.000000           1          -86.3206   
       819:     24570.000000           1          -86.3118   
       820:     24600.000000           1          -86.3037   
       821:     24630.000000           1          -86.2967   
       822:     24660.000000           1          -86.2831   
       823:     24690.000000           1          -86.2815   
       824:     24720.000000           1          -86.2799   
       825:     24750.000000           1          -86.2745   
       826:     24780.000000           1          -86.2641   
       827:     24810.000000           1          -86.2593   
       828:     24840.000000           1          -86.2393   
       829:     24870.000000           1          -86.2291   
       830:     24900.000000           1          -86.2256   
       833:     24990.000000           1          -86.2009   
       842:     25260.000000           1          -86.0981   
       844:     25320.000000           1          -86.0472   
       845:     25350.000000           1          -86.0288   
       846:     25380.000000           1          -86.0173   
       847:     25410.000000           1          -86.0035   
       848:     25440.000000           1          -85.9969   
       849:     25470.000000           1          -85.9916   
       850:     25500.000000           1          -85.9817   
       851:     25530.000000           1          -85.9793   
       852:     25560.000000           1          -85.9689   
       853:     25590.000000           1          -85.9630   
       854:     25620.000000           1          -85.9626   
       855:     25650.000000           1          -85.9497   
       856:     25680.000000           1          -85.9462   
       857:     25710.000000           1          -85.9425   
       858:     25740.000000           1          -85.9463   
       859:     25770.000000           1          -85.9412   
       860:     25800.000000           1          -85.9411   
       861:     25830.000000           1          -85.9297   
       862:     25860.000000           1          -85.9247   
       863:     25890.000000           1          -85.9137   
       864:     25920.000000           1         -339.2500   
       865:     25950.000000           1         -339.2491   
       866:     25980.000000           1         -339.2388   
       867:     26010.000000           1         -339.2294   
       868:     26040.000000           1         -339.2344   
       869:     26070.000000           1         -339.2273   
       870:     26100.000000           1         -339.2245   
       871:     26130.000000           1         -339.2207   
       872:     26160.000000           1         -339.2186   
       873:     26190.000000           1         -339.2116   
       874:     26220.000000           1         -339.2074   
       875:     26250.000000           1         -339.2054   
       876:     26280.000000           1         -339.1996   
       877:     26310.000000           1         -339.1926   
       878:     26340.000000           1         -339.1860   
       879:     26370.000000           1         -339.1753   
       880:     26400.000000           1         -339.1675   
       881:     26430.000000           1         -339.1530   
       882:     26460.000000           1         -339.1348   
       883:     26490.000000           1         -339.1241   
       884:     26520.000000           1         -339.1134   
       885:     26550.000000           1         -339.1058   
       886:     26580.000000           1         -339.1041   
       887:     26610.000000           1         -339.0889   
       888:     26640.000000           1         -339.0653   
       889:     26670.000000           1         -339.0595   
       890:     26700.000000           1         -339.0550   
       891:     26730.000000           1         -339.0468   
       892:     26760.000000           1         -339.0349   
       893:     26790.000000           1         -339.0227   
       894:     26820.000000           1         -339.0077   
       895:     26850.000000           1         -339.0050   
       896:     26880.000000           1         -338.9917   
       897:     26910.000000           1         -338.9760   
       898:     26940.000000           1         -338.9700   
       899:     26970.000000           1         -338.9582   
       900:     27000.000000           1         -338.9500   
       901:     27030.000000           1         -338.9438   
       902:     27060.000000           1         -338.9448   
       903:     27090.000000           1         -338.9406   
       904:     27120.000000           1         -338.9291   
       905:     27150.000000           1         -338.9101   
       906:     27180.000000           1         -338.8915   
       907:     27210.000000           1         -338.8737   
       908:     27240.000000           1         -338.8637   
       909:     27270.000000           1         -338.8617   
       910:     27300.000000           1         -338.8593   
       911:     27330.000000           1         -338.8592   
       912:     27360.000000           1         -338.8583   
       913:     27390.000000           1         -338.8499   
       914:     27420.000000           1         -338.8399   
       915:     27450.000000           1         -338.8290   
       916:     27480.000000           1         -338.8177   
       917:     27510.000000           1         -338.8130   
       918:     27540.000000           1         -338.8004   
       919:     27570.000000           1         -338.7860   
       920:     27600.000000           1         -338.7768   
       921:     27630.000000           1         -338.7711   
       922:     27660.000000           1         -338.7652   
       923:     27690.000000           1         -338.7526   
       924:     27720.000000           1         -338.7412   
       925:     27750.000000           1         -338.7257   
       926:     27780.000000           1         -338.7134   
       927:     27810.000000           1         -338.7096   
       928:     27840.000000           1         -338.7005   
       929:     27870.000000           1         -338.6947   
       930:     27900.000000           1         -338.6879   
       931:     27930.000000           1         -338.6703   
       932:     27960.000000           1         -338.6543   
       933:     27990.000000           1         -338.6544   
       934:     28020.000000           1          -85.2843   
       935:     28050.000000           1          -85.2295   
       936:     28080.000000           1          -85.2248   
       937:     28110.000000           1          -85.2083   
       938:     28140.000000           1          -85.1969   
       939:     28170.000000           1          -85.1622   
       940:     28200.000000           1         -306.7605   
       941:     28230.000000           1          -84.9507   
       942:     28260.000000           1         -306.7320   
       943:     28290.000000           1          -85.0509   
       944:     28320.000000           1         -306.7057   
       945:     28350.000000           1         -306.6931   
       946:     28380.000000           1         -306.6850   
       947:     28410.000000           1         -306.6839   
       948:     28440.000000           1         -306.6744   
       949:     28470.000000           1         -306.6676   
       950:     28500.000000           1         -306.6612   
       952:     28560.000000           1         -306.6457   
       954:     28620.000000           1         -306.6441   
       955:     28650.000000           1         -306.6347   
       956:     28680.000000           1         -306.6320   
       957:     28710.000000           1         -306.6315   
       958:     28740.000000           1         -306.6315   
       959:     28770.000000           1         -306.6271   
       960:     28800.000000           1         -306.6158   
       961:     28830.000000           1         -306.6104   
       962:     28860.000000           1         -306.5991   
       963:     28890.000000           1         -306.5869   
       965:     28950.000000           1         -306.5632   
       966:     28980.000000           1         -306.5649   
       967:     29010.000000           1         -306.5515   
       968:     29040.000000           1         -306.5406   
       969:     29070.000000           1          -84.6635   
       970:     29100.000000           1          -84.6622   
       971:     29130.000000           1         -306.4931   
       972:     29160.000000           1         -306.4881   
       973:     29190.000000           1         -306.4821   
       974:     29220.000000           1         -306.4767   
       975:     29250.000000           1         -306.4673   
       976:     29280.000000           1         -306.4559   
       977:     29310.000000           1         -306.4418   
       978:     29340.000000           1         -306.4329   
       979:     29370.000000           1         -306.4166   
       980:     29400.000000           1         -306.4195   
       981:     29430.000000           1         -306.4087   
       982:     29460.000000           1         -306.4043   
       983:     29490.000000           1         -306.4015   
       984:     29520.000000           1         -306.3953   
       985:     29550.000000           1         -306.3898   
       986:     29580.000000           1         -306.3866   
       987:     29610.000000           1         -306.3789   
       988:     29640.000000           1         -306.3753   
       989:     29670.000000           1         -306.3719   
       990:     29700.000000           1         -306.3612   
       991:     29730.000000           1         -306.3548   
       992:     29760.000000           1         -306.3399   
       993:     29790.000000           1         -306.3340   
       994:     29820.000000           1         -306.3345   
       995:     29850.000000           1         -306.3327   
       996:     29880.000000           1         -306.3346   
       997:     29910.000000           1         -306.3312   
       998:     29940.000000           1         -306.3321   
       999:     29970.000000           1         -306.3254   
      1000:     30000.000000           1         -306.3222   
      1001:     30030.000000           1         -306.3143   
      1002:     30060.000000           1         -306.3128   
      1003:     30090.000000           1         -306.3065   
      1004:     30120.000000           1         -306.3062   
      1005:     30150.000000           1         -306.3026   
      1006:     30180.000000           1         -306.3091   
      1007:     30210.000000           1         -306.3115   
      1008:     30240.000000           1         -306.3065   
      1009:     30270.000000           1         -306.3006   
      1010:     30300.000000           1         -306.3003   
      1011:     30330.000000           1         -306.2926   
      1012:     30360.000000           1         -338.0531   
      1013:     30390.000000           1         -338.0459   
      1014:     30420.000000           1         -338.0319   
      1015:     30450.000000           1         -338.0291   
      1016:     30480.000000           1         -338.0183   
      1017:     30510.000000           1         -338.0129   
      1018:     30540.000000           1         -338.0011   
      1019:     30570.000000           1         -337.9976   
      1020:     30600.000000           1         -337.9963   
      1021:     30630.000000           1         -337.9876   
      1022:     30660.000000           1         -337.9824   
      1023:     30690.000000           1         -337.9779   
      1024:     30720.000000           1         -337.9667   
      1025:     30750.000000           1         -337.9574   
      1026:     30780.000000           1         -337.9449   
      1027:     30810.000000           1         -337.9317   
      1028:     30840.000000           1         -337.9287   
      1029:     30870.000000           1         -337.9201   
      1030:     30900.000000           1         -337.9069   
      1031:     30930.000000           1         -337.8964   
      1032:     30960.000000           1         -337.8885   
      1033:     30990.000000           1         -337.8928   
      1034:     31020.000000           1         -337.8911   
      1035:     31050.000000           1         -337.8912   
      1036:     31080.000000           1         -306.1019   
      1037:     31110.000000           1         -337.8699   
      1038:     31140.000000           1         -337.8666   
      1039:     31170.000000           1         -337.8681   
      1040:     31200.000000           1         -337.8627   
      1041:     31230.000000           1         -337.8556   
      1042:     31260.000000           1         -337.8439   
      1043:     31290.000000           1         -337.8362   
      1044:     31320.000000           1         -337.8294   
      1045:     31350.000000           1         -337.8278   
      1046:     31380.000000           1         -337.8303   
      1047:     31410.000000           1         -337.8248   
      1048:     31440.000000           1         -337.8195   
      1049:     31470.000000           1         -337.8159   
      1050:     31500.000000           1         -337.8156   
      1051:     31530.000000           1         -337.8116   
      1052:     31560.000000           1         -337.8039   
      1053:     31590.000000           1         -337.7896   
      1054:     31620.000000           1         -337.7796   
      1055:     31650.000000           1         -337.7690   
      1056:     31680.000000           1         -337.7649   
      1057:     31710.000000           1         -337.7609   
      1058:     31740.000000           1         -337.7526   
      1059:     31770.000000           1         -337.7477   
      1060:     31800.000000           1         -337.7395   
      1061:     31830.000000           1         -337.7305   
      1062:     31860.000000           1         -337.7203   
      1063:     31890.000000           1         -337.7128   
      1064:     31920.000000           1         -337.7088   
      1065:     31950.000000           1         -337.7057   
      1066:     31980.000000           1         -337.6996   
      1067:     32010.000000           1         -337.7015   
      1068:     32040.000000           1         -337.7040   
      1069:     32070.000000           1         -337.7074   
      1070:     32100.000000           1         -337.7055   
      1071:     32130.000000           1         -337.6975   
      1072:     32160.000000           1         -337.6922   
      1073:     32190.000000           1         -337.6823   
      1074:     32220.000000           1         -337.6801   
      1075:     32250.000000           1         -337.6742   
      1076:     32280.000000           1         -305.8291   
      1077:     32310.000000           1         -305.8261   
      1079:     32370.000000           1         -305.8041   
      1081:     32430.000000           1         -305.8088   
      1082:     32460.000000           1         -305.8033   
      1083:     32490.000000           1         -305.8000   
      1084:     32520.000000           1         -305.7936   
      1085:     32550.000000           1         -305.7882   
      1086:     32580.000000           1         -305.7797   
      1087:     32610.000000           1         -305.7783   
      1088:     32640.000000           1         -305.7707   
      1089:     32670.000000           1         -305.7655   
      1090:     32700.000000           1         -305.7546   
      1091:     32730.000000           1         -305.7511   
      1092:     32760.000000           1         -305.7380   
      1093:     32790.000000           1         -305.7388   
      1094:     32820.000000           1         -305.7405   
      1095:     32850.000000           1         -305.7379   
      1096:     32880.000000           1         -305.7277   
      1097:     32910.000000           1         -305.7284   
      1099:     32970.000000           1         -305.7051   
      1100:     33000.000000           1         -305.6974   
      1111:     33330.000000           1         -305.6161   
      1112:     33360.000000           1         -305.6103   
      1113:     33390.000000           1         -305.6016   
      1114:     33420.000000           1         -305.5898   
      1115:     33450.000000           1         -305.5795   
      1116:     33480.000000           1         -305.5677   
      1117:     33510.000000           1         -305.5551   
      1118:     33540.000000           1         -305.5474   
      1119:     33570.000000           1         -305.5366   
      1120:     33600.000000           1         -305.5275   
      1121:     33630.000000           1         -305.5198   
      1123:     33690.000000           1         -305.5214   
      1126:     33780.000000           1         -305.4944   
      1127:     33810.000000           1         -305.4877   
      1128:     33840.000000           1         -305.4887   
      1131:     33930.000000           1         -305.4664   
      1139:     34170.000000           1         -305.3721   
      1141:     34230.000000           1         -305.3652   
      1142:     34260.000000           1         -305.3634   
      1143:     34290.000000           1         -305.3633   
      1146:     34380.000000           1         -305.3390   
      1151:     34530.000000           1         -305.3084   
      1152:     34560.000000           1         -305.2961   
      1153:     34590.000000           1         -305.2810   
      1154:     34620.000000           1         -305.2758   
      1155:     34650.000000           1         -305.2732   
      1156:     34680.000000           1         -305.2675   
      1157:     34710.000000           1         -305.2629   
      1158:     34740.000000           1         -305.2614   
      1159:     34770.000000           1         -305.2591   
      1160:     34800.000000           1         -305.2541   
      1161:     34830.000000           1         -305.2473   
      1162:     34860.000000           1         -305.2435   
      1163:     34890.000000           1         -305.2355   
      1164:     34920.000000           1         -305.2295   
      1165:     34950.000000           1         -337.0974   
      1166:     34980.000000           1         -337.0889   
      1167:     35010.000000           1         -337.0853   
      1168:     35040.000000           1         -337.0815   
      1169:     35070.000000           1         -337.0788   
      1170:     35100.000000           1         -305.1958   
      1171:     35130.000000           1         -337.0574   
      1172:     35160.000000           1         -305.1614   
      1173:     35190.000000           1         -337.0358   
      1174:     35220.000000           1         -337.0284   
      1175:     35250.000000           1         -305.1379   
      1176:     35280.000000           1         -305.1312   
      1177:     35310.000000           1         -305.1215   
      1178:     35340.000000           1         -305.1184   
      1179:     35370.000000           1         -305.1115   
      1180:     35400.000000           1         -305.1010   
      1181:     35430.000000           1         -305.0968   
      1182:     35460.000000           1         -305.0892   
      1183:     35490.000000           1         -305.0814   
      1184:     35520.000000           1         -305.0719   
      1185:     35550.000000           1         -305.0633   
      1186:     35580.000000           1         -305.0562   
      1187:     35610.000000           1         -305.0496   
      1188:     35640.000000           1         -305.0416   
      1189:     35670.000000           1         -305.0342   
      1190:     35700.000000           1         -305.0316   
      1191:     35730.000000           1         -305.0246   
      1192:     35760.000000           1         -305.0173   
      1193:     35790.000000           1         -305.0093   
      1201:     36030.000000           1         -336.8114   
      1203:     36090.000000           1         -304.9319   
      1204:     36120.000000           1         -304.9314   
      1205:     36150.000000           1         -304.9213   
      1206:     36180.000000           1         -304.9225   
      1207:     36210.000000           1         -304.9266   
      1209:     36270.000000           1         -304.9293   
      1210:     36300.000000           1         -304.9211   
      1211:     36330.000000           1         -304.9185   
      1212:     36360.000000           1         -304.9205   
      1213:     36390.000000           1         -304.9164   
      1214:     36420.000000           1         -304.9095   
      1215:     36450.000000           1         -304.9051   
      1218:     36540.000000           1         -304.8949   
      1256:     37680.000000           1         -304.7403   
      1257:     37710.000000           1         -304.7390   
      1259:     37770.000000           1         -304.7119   
      1260:     37800.000000           1         -304.7027   
      1261:     37830.000000           1         -304.6968   
      1262:     37860.000000           1         -304.6916   
      1263:     37890.000000           1         -304.6855   
      1265:     37950.000000           1         -304.6616   
      1266:     37980.000000           1         -304.6562   
      1267:     38010.000000           1         -304.6551   
      1268:     38040.000000           1         -304.6486   
      1269:     38070.000000           1         -304.6469   
      1270:     38100.000000           1         -304.6363   
      1271:     38130.000000           1         -304.6318   
      1272:     38160.000000           1         -304.6353   
      1273:     38190.000000           1         -304.6288   
      1274:     38220.000000           1         -304.6289   
      1275:     38250.000000           1         -304.6282   
      1276:     38280.000000           1         -304.6244   
      1277:     38310.000000           1         -304.6173   
      1278:     38340.000000           1         -304.6147   
      1279:     38370.000000           1         -304.6126   
      1280:     38400.000000           1         -304.6183   
      1281:     38430.000000           1         -304.6159   
      1282:     38460.000000           1         -304.6164   
      1283:     38490.000000           1         -304.6150   
      1284:     38520.000000           1         -304.6115   
      1285:     38550.000000           1         -304.6008   
      1286:     38580.000000           1         -304.5969   
      1287:     38610.000000           1         -304.5960   
      1288:     38640.000000           1         -304.5901   
      1289:     38670.000000           1         -304.5904   
      1290:     38700.000000           1         -304.5899   
      1291:     38730.000000           1         -304.5817   
      1292:     38760.000000           1         -304.5774   
      1293:     38790.000000           1         -304.5764   
      1294:     38820.000000           1         -304.5819   
      1295:     38850.000000           1         -304.5762   
      1296:     38880.000000           1         -304.5697   
      1297:     38910.000000           1         -304.5666   
      1298:     38940.000000           1         -304.5637   
      1299:     38970.000000           1         -304.5591   
      1300:     39000.000000           1         -304.5553   
      1301:     39030.000000           1         -304.5545   
      1302:     39060.000000           1         -304.5497   
      1303:     39090.000000           1         -304.5472   
      1304:     39120.000000           1         -304.5342   
      1305:     39150.000000           1         -304.5317   
      1306:     39180.000000           1         -304.5336   
      1307:     39210.000000           1         -304.5337   
      1308:     39240.000000           1         -304.5282   
      1309:     39270.000000           1         -304.5303   
      1310:     39300.000000           1         -304.5299   
      1311:     39330.000000           1         -304.5278   
      1312:     39360.000000           1         -304.5245   
      1313:     39390.000000           1         -304.5246   
      1314:     39420.000000           1         -304.5240   
      1315:     39450.000000           1          -86.9218   
      1316:     39480.000000           1          -86.9163   
      1317:     39510.000000           1          -86.9463   
      1318:     39540.000000           1          -86.9697   
      1319:     39570.000000           1          -86.9303   
      1320:     39600.000000           1          -86.9110   
      1321:     39630.000000           1          -86.8910   
      1322:     39660.000000           1          -86.9268   
      1323:     39690.000000           1          -86.9561   
      1324:     39720.000000           1          -86.9675   
      1325:     39750.000000           1          -86.9797   
      1326:     39780.000000           1          -86.9726   
      1327:     39810.000000           1          -86.9994   
      1328:     39840.000000           1          -87.0119   
      1329:     39870.000000           1          -87.0086   
      1330:     39900.000000           1          -87.0076   
      1331:     39930.000000           1          -87.0145   
      1332:     39960.000000           1          -87.0176   
      1333:     39990.000000           1          -87.0257   
      1334:     40020.000000           1          -87.0307   
      1335:     40050.000000           1          -87.0178   
      1336:     40080.000000           1          -87.0140   
      1337:     40110.000000           1          -86.9973   
      1338:     40140.000000           1          -87.0048   
      1339:     40170.000000           1          -87.0079   
      1340:     40200.000000           1          -87.0053   
      1341:     40230.000000           1          -87.0129   
      1342:     40260.000000           1          -87.0166   
      1343:     40290.000000           1          -87.0190   
      1344:     40320.000000           1          -87.0129   
      1345:     40350.000000           1          -87.0070   
      1346:     40380.000000           1          -87.0008   
      1347:     40410.000000           1          -86.9872   
      1348:     40440.000000           1          -86.9833   
      1349:     40470.000000           1          -86.9765   
      1350:     40500.000000           1          -86.9741   
      1351:     40530.000000           1          -86.9692   
      1352:     40560.000000           1          -86.9613   
      1353:     40590.000000           1          -86.9634   
      1354:     40620.000000           1          -86.9600   
      1355:     40650.000000           1          -86.9545   
      1356:     40680.000000           1          -86.9402   
      1357:     40710.000000           1          -86.9195   
      1358:     40740.000000           1          -86.9048   
      1359:     40770.000000           1         -304.3980   
      1360:     40800.000000           1          -86.8661   
      1361:     40830.000000           1          -86.8587   
      1362:     40860.000000           1          -86.8555   
      1363:     40890.000000           1          -86.8483   
      1364:     40920.000000           1          -86.8435   
      1365:     40950.000000           1          -86.8385   
      1366:     40980.000000           1          -86.8339   
      1367:     41010.000000           1          -86.8251   
      1368:     41040.000000           1          -86.8203   
      1369:     41070.000000           1          -86.8159   
      1370:     41100.000000           1          -86.8076   
      1371:     41130.000000           1          -86.7988   
      1372:     41160.000000           1          -86.7951   
      1373:     41190.000000           1          -86.7918   
      1374:     41220.000000           1         -335.2657   
      1375:     41250.000000           1          -86.7949   
      1376:     41280.000000           1         -335.2771   
      1377:     41310.000000           1          -86.7699   
      1378:     41340.000000           1         1580.2564   
      1379:     41370.000000           1          -86.7797   
      1380:     41400.000000           1         1580.3224   
      1381:     41430.000000           1         1580.3677   
      1382:     41460.000000           1          -86.7754   
      1383:     41490.000000           1         1580.4082   
      1384:     41520.000000           1         1580.4006   
      1385:     41550.000000           1          -86.7704   
      1386:     41580.000000           1          -86.7719   
      1387:     41610.000000           1         1580.4005   
      1388:     41640.000000           1         1580.4204   
      1389:     41670.000000           1          -86.7645   
      1390:     41700.000000           1          -86.7589   
      1391:     41730.000000           1          -86.7640   
      1392:     41760.000000           1          -86.7647   
      1393:     41790.000000           1          -86.7628   
      1394:     41820.000000           1          -86.7582   
      1395:     41850.000000           1          -86.7625   
      1396:     41880.000000           1          -86.7657   
      1397:     41910.000000           1          -86.7622   
      1398:     41940.000000           1          -86.7596   
      1399:     41970.000000           1          -86.7627   
      1400:     42000.000000           1          -86.7602   
      1401:     42030.000000           1          -86.7583   
      1402:     42060.000000           1          -86.7601   
      1403:     42090.000000           1          -86.7622   
      1404:     42120.000000           1          -86.7623   
      1405:     42150.000000           1          -86.7678   
      1406:     42180.000000           1          -86.7714   
      1407:     42210.000000           1         -304.3641   
      1408:     42240.000000           1         -304.3650   
      1409:     42270.000000           1         -304.3702   
      1410:     42300.000000           1         -304.3723   
      1411:     42330.000000           1         -304.3705   
      1412:     42360.000000           1          -86.7807   
      1413:     42390.000000           1         -304.3802   
      1414:     42420.000000           1          -86.7874   
      1415:     42450.000000           1         -304.3844   
      1416:     42480.000000           1         -304.3865   
      1417:     42510.000000           1         -304.3893   
      1418:     42540.000000           1         -304.3878   
      1419:     42570.000000           1         -304.3867   
      1420:     42600.000000           1         -304.3862   
      1421:     42630.000000           1         -304.3826   
      1422:     42660.000000           1         -304.3776   
      1423:     42690.000000           1         -304.3757   
      1424:     42720.000000           1         -304.3772   
      1425:     42750.000000           1         -304.3718   
