      1194:     35820.000000           1         -304.9988   
      1195:     35850.000000           1         -304.9857   
      1196:     35880.000000           1         -304.9736   
      1198:     35940.000000           1         -304.9517   
      1199:     35970.000000           1         -304.9467   
      1200:     36000.000000           1         -304.9351   
      1202:     36060.000000           1         -304.9295   
      1205:     36150.000000           1         -336.8002   
      1206:     36180.000000           1         -336.8014   
      1207:     36210.000000           1         -336.8054   
      1208:     36240.000000           1         -304.9195   
      1209:     36270.000000           1         -336.8088   
      1210:     36300.000000           1         -336.8004   
      1211:     36330.000000           1         -336.7981   
      1212:     36360.000000           1         -336.8004   
      1213:     36390.000000           1         -336.7965   
      1214:     36420.000000           1         -336.7898   
      1215:     36450.000000           1         -336.7853   
      1216:     36480.000000           1         -304.9045   
      1217:     36510.000000           1         -304.8996   
      1218:     36540.000000           1         -336.7755   
      1252:     37560.000000           1         -304.7655   
      1254:     37620.000000           1         -304.7537   
      1255:     37650.000000           1         -304.7490   
      1256:     37680.000000           1         -336.6268   
      1257:     37710.000000           1         -336.6254   
      1258:     37740.000000           1         -304.7300   
      1259:     37770.000000           1         -336.5991   
      1260:     37800.000000           1         -336.5903   
      1261:     37830.000000           1         -336.5847   
      1262:     37860.000000           1         -336.5798   
      1263:     37890.000000           1         -336.5740   
      1264:     37920.000000           1         -304.6820   
      1265:     37950.000000           1         -336.5512   
      1266:     37980.000000           1         -336.5460   
      1267:     38010.000000           1         -336.5452   
      1268:     38040.000000           1         -336.5390   
      1269:     38070.000000           1         -336.5375   
      1270:     38100.000000           1         -336.5271   
      1271:     38130.000000           1         -336.5227   
      1272:     38160.000000           1         -336.5262   
      1273:     38190.000000           1         -336.5197   
      1274:     38220.000000           1         -336.5197   
      1275:     38250.000000           1         -336.5191   
      1276:     38280.000000           1         -336.5152   
      1277:     38310.000000           1         -336.5082   
      1278:     38340.000000           1         -336.5056   
      1279:     38370.000000           1         -336.5035   
      1280:     38400.000000           1         -336.5094   
      1281:     38430.000000           1         -336.5073   
      1282:     38460.000000           1         -336.5081   
      1283:     38490.000000           1         -336.5069   
      1284:     38520.000000           1         -336.5036   
      1285:     38550.000000           1         -336.4931   
      1286:     38580.000000           1         -336.4894   
      1287:     38610.000000           1         -336.4889   
      1288:     38640.000000           1         -336.4834   
      1289:     38670.000000           1         -336.4841   
      1290:     38700.000000           1         -336.4842   
      1291:     38730.000000           1         -336.4765   
      1292:     38760.000000           1         -336.4726   
      1293:     38790.000000           1         -336.4720   
      1294:     38820.000000           1         -336.4777   
      1295:     38850.000000           1         -336.4721   
      1296:     38880.000000           1         -336.4657   
      1297:     38910.000000           1         -336.4627   
      1298:     38940.000000           1         -336.4599   
      1299:     38970.000000           1         -336.4555   
      1300:     39000.000000           1         -336.4517   
      1301:     39030.000000           1         -336.4511   
      1302:     39060.000000           1         -336.4464   
      1303:     39090.000000           1         -336.4439   
      1304:     39120.000000           1         -336.4312   
      1305:     39150.000000           1         -336.4286   
      1306:     39180.000000           1         -336.4306   
      1307:     39210.000000           1         -336.4309   
      1308:     39240.000000           1         -336.4255   
      1309:     39270.000000           1         -336.4276   
      1310:     39300.000000           1         -336.4273   
      1311:     39330.000000           1         -336.4254   
      1312:     39360.000000           1         -336.4222   
      1313:     39390.000000           1         -336.4226   
      1314:     39420.000000           1         -336.4224   
      1315:     39450.000000           1         -336.4201   
      1316:     39480.000000           1         -336.4205   
      1317:     39510.000000           1         -336.4138   
      1318:     39540.000000           1         -336.4132   
      1319:     39570.000000           1         -336.4076   
      1320:     39600.000000           1         -336.4055   
      1321:     39630.000000           1         -336.3988   
      1322:     39660.000000           1         -336.3969   
      1323:     39690.000000           1         -336.3957   
      1324:     39720.000000           1         -336.3967   
      1325:     39750.000000           1         -336.3940   
      1326:     39780.000000           1         -336.3915   
      1327:     39810.000000           1         -336.3864   
      1328:     39840.000000           1         -336.3822   
      1329:     39870.000000           1         -336.3805   
      1330:     39900.000000           1         -336.3792   
      1331:     39930.000000           1         -336.3759   
      1332:     39960.000000           1         -336.3716   
      1333:     39990.000000           1         -336.3744   
      1334:     40020.000000           1         -336.3788   
      1335:     40050.000000           1         -336.3741   
      1336:     40080.000000           1         -336.3731   
      1337:     40110.000000           1         -336.3655   
      1338:     40140.000000           1         -336.3682   
      1339:     40170.000000           1         -336.3678   
      1340:     40200.000000           1         -336.3644   
      1341:     40230.000000           1         -336.3607   
      1342:     40260.000000           1         -336.3553   
      1343:     40290.000000           1         -336.3545   
      1344:     40320.000000           1         -336.3497   
      1345:     40350.000000           1         -336.3478   
      1346:     40380.000000           1         -336.3455   
      1347:     40410.000000           1         -336.3391   
      1348:     40440.000000           1         -336.3399   
      1349:     40470.000000           1         -336.3364   
      1350:     40500.000000           1         -336.3319   
      1351:     40530.000000           1         -336.3268   
      1352:     40560.000000           1         -336.3224   
      1353:     40590.000000           1         -336.3217   
      1354:     40620.000000           1         -336.3177   
      1355:     40650.000000           1         -336.3125   
      1356:     40680.000000           1         -336.3089   
      1357:     40710.000000           1         -336.3028   
      1358:     40740.000000           1         -336.2999   
      1359:     40770.000000           1          -86.8865   
      1360:     40800.000000           1         -335.3562   
      1361:     40830.000000           1         -335.3111   
      1362:     40860.000000           1         -335.3387   
      1363:     40890.000000           1         -335.3331   
      1364:     40920.000000           1         -335.3120   
      1365:     40950.000000           1         -335.3133   
      1366:     40980.000000           1         -335.2957   
      1367:     41010.000000           1         -335.2952   
      1368:     41040.000000           1         -335.2902   
      1369:     41070.000000           1         -335.2708   
      1370:     41100.000000           1         -335.2646   
      1371:     41130.000000           1         -335.2627   
      1372:     41160.000000           1         -335.2688   
      1373:     41190.000000           1         -335.2632   
      1375:     41250.000000           1         -335.2725   
      1379:     41370.000000           1         1580.2727   
      1382:     41460.000000           1         1580.3678   
      1385:     41550.000000           1         1580.3877   
      1386:     41580.000000           1         1580.4005   
      1994:     59820.000000           1         -329.4789   
      1998:     59940.000000           1         -329.4855   
      1999:     59970.000000           1         -329.4869   
      2000:     60000.000000           1         -329.4884   
      2001:     60030.000000           1         -329.4904   
      2002:     60060.000000           1         -329.4898   
      2003:     60090.000000           1         -329.4875   
      2004:     60120.000000           1         -329.4887   
      2005:     60150.000000           1         -329.4845   
      2006:     60180.000000           1         -329.4841   
      2007:     60210.000000           1         -329.4840   
      2008:     60240.000000           1         -329.4819   
      2009:     60270.000000           1         -329.4815   
      2010:     60300.000000           1         -329.4815   
      2011:     60330.000000           1         -329.4802   
      2012:     60360.000000           1         -329.4746   
      2013:     60390.000000           1         -329.4749   
      2014:     60420.000000           1         -329.4753   
      2015:     60450.000000           1         -329.4784   
      2016:     60480.000000           1         -329.4821   
      2017:     60510.000000           1         -329.4864   
      2018:     60540.000000           1         -329.4875   
      2019:     60570.000000           1         -329.4892   
      2020:     60600.000000           1         -329.4894   
      2021:     60630.000000           1         -329.4905   
      2022:     60660.000000           1           65.4835   
      2023:     60690.000000           1           65.3870   
      2024:     60720.000000           1         -329.4928   
      2025:     60750.000000           1          -22.6914   
      2026:     60780.000000           1         -329.4945   
      2027:     60810.000000           1          -22.8382   
      2028:     60840.000000           1          -22.9533   
      2029:     60870.000000           1         -329.5019   
      2030:     60900.000000           1         -329.5019   
      2031:     60930.000000           1         -329.5015   
      2032:     60960.000000           1         -329.4987   
      2033:     60990.000000           1         -329.4959   
      2034:     61020.000000           1         -329.4946   
      2035:     61050.000000           1          -19.0622   
      2036:     61080.000000           1          -19.0793   
      2037:     61110.000000           1          -18.9371   
      2038:     61140.000000           1         -329.5000   
      2039:     61170.000000           1          -18.7250   
      2040:     61200.000000           1          -18.7254   
      2041:     61230.000000           1          -18.7211   
      2042:     61260.000000           1          -18.7236   
      2043:     61290.000000           1          -18.8581   
      2044:     61320.000000           1          -18.8618   
      2045:     61350.000000           1          -18.8880   
      2046:     61380.000000           1           64.7352   
      2047:     61410.000000           1          -18.8943   
      2048:     61440.000000           1          -18.8517   
      2049:     61470.000000           1           64.8320   
      2050:     61500.000000           1          -18.7807   
      2051:     61530.000000           1          -18.9010   
      2052:     61560.000000           1           64.8919   
      2053:     61590.000000           1          -19.0503   
      2054:     61620.000000           1          -18.9343   
      2055:     61650.000000           1          -18.8420   
      2056:     61680.000000           1          -18.8410   
      2057:     61710.000000           1          -18.8380   
      2058:     61740.000000           1          -18.8196   
      2059:     61770.000000           1          -18.8349   
      2060:     61800.000000           1          -18.8007   
      2061:     61830.000000           1          -18.7983   
      2062:     61860.000000           1          -18.7781   
      2063:     61890.000000           1          -18.7794   
      2064:     61920.000000           1          -18.7749   
      2065:     61950.000000           1          -18.7802   
      2066:     61980.000000           1          -18.7713   
      2067:     62010.000000           1          -18.7737   
      2068:     62040.000000           1          -18.7656   
      2069:     62070.000000           1          -18.7576   
      2070:     62100.000000           1          -18.7544   
      2071:     62130.000000           1           65.4274   
      2072:     62160.000000           1          -18.7446   
      2073:     62190.000000           1          -18.7338   
      2074:     62220.000000           1          -18.7304   
      2075:     62250.000000           1          -18.7349   
      2076:     62280.000000           1           65.4048   
      2077:     62310.000000           1          -18.8996   
      2078:     62340.000000           1          -18.7972   
      2079:     62370.000000           1           65.3696   
      2080:     62400.000000           1          -18.8025   
      2081:     62430.000000           1          -18.7334   
      2082:     62460.000000           1          -18.6964   
      2083:     62490.000000           1          -18.7149   
      2084:     62520.000000           1          -18.7176   
      2085:     62550.000000           1          -18.7448   
      2086:     62580.000000           1          -18.7341   
      2087:     62610.000000           1          -18.7397   
      2088:     62640.000000           1          -18.7392   
      2089:     62670.000000           1          -18.7350   
      2090:     62700.000000           1          -18.7256   
      2091:     62730.000000           1          -18.7312   
      2092:     62760.000000           1          -18.7250   
      2093:     62790.000000           1           65.2404   
      2094:     62820.000000           1           65.2270   
      2095:     62850.000000           1           65.2229   
      2096:     62880.000000           1           65.2274   
      2097:     62910.000000           1           65.2349   
      2098:     62940.000000           1           65.2336   
      2099:     62970.000000           1           65.2352   
      2100:     63000.000000           1           65.2296   
      2101:     63030.000000           1           65.2237   
      2102:     63060.000000           1         -329.4860   
      2103:     63090.000000           1           65.1921   
      2104:     63120.000000           1           65.1691   
      2105:     63150.000000           1           65.1688   
      2106:     63180.000000           1           65.1713   
      2107:     63210.000000           1           65.1474   
      2108:     63240.000000           1           65.1378   
      2109:     63270.000000           1           65.1289   
      2110:     63300.000000           1           65.1271   
      2111:     63330.000000           1           65.1310   
      2112:     63360.000000           1           65.1228   
      2113:     63390.000000           1           65.1067   
      2114:     63420.000000           1           65.0930   
      2115:     63450.000000           1           65.0969   
      2116:     63480.000000           1           65.1005   
      2117:     63510.000000           1           65.1159   
      2118:     63540.000000           1           65.1234   
      2119:     63570.000000           1          -18.6503   
      2120:     63600.000000           1          -18.6461   
      2121:     63630.000000           1          -18.6377   
      2122:     63660.000000           1          -18.6317   
      2123:     63690.000000           1          -18.6264   
      2124:     63720.000000           1          -18.6265   
      2125:     63750.000000           1          -18.6224   
      2126:     63780.000000           1          -18.6183   
      2127:     63810.000000           1          -18.6166   
      2128:     63840.000000           1          -18.6157   
      2129:     63870.000000           1          -18.6168   
      2130:     63900.000000           1          -18.6177   
      2131:     63930.000000           1          -18.6196   
      2132:     63960.000000           1          -18.6179   
      2133:     63990.000000           1          -18.6195   
      2134:     64020.000000           1          -18.6211   
      2135:     64050.000000           1          -18.6185   
      2136:     64080.000000           1          -18.6182   
      2137:     64110.000000           1          -18.6172   
      2138:     64140.000000           1          -18.6152   
      2139:     64170.000000           1          -18.6123   
      2140:     64200.000000           1          -18.6082   
      2141:     64230.000000           1          -18.6054   
      2142:     64260.000000           1          -18.6022   
      2143:     64290.000000           1          -18.5972   
      2144:     64320.000000           1          -18.5908   
      2145:     64350.000000           1          -18.5917   
      2146:     64380.000000           1          -18.5917   
      2147:     64410.000000           1          -18.5891   
      2148:     64440.000000           1          -18.5904   
      2149:     64470.000000           1          -18.5884   
      2150:     64500.000000           1          -18.5854   
      2151:     64530.000000           1          -18.5859   
      2152:     64560.000000           1          -18.5840   
      2153:     64590.000000           1          -18.5826   
      2154:     64620.000000           1          -18.5828   
      2155:     64650.000000           1          -18.5856   
      2156:     64680.000000           1          -18.5855   
      2157:     64710.000000           1          -18.5871   
      2158:     64740.000000           1          -18.5832   
      2159:     64770.000000           1          -18.5779   
      2160:     64800.000000           1          -18.5766   
      2161:     64830.000000           1          -18.5746   
      2162:     64860.000000           1          -18.5682   
      2163:     64890.000000           1          -18.5653   
      2164:     64920.000000           1          -18.5653   
      2165:     64950.000000           1          -18.5627   
      2166:     64980.000000           1          -18.5633   
      2167:     65010.000000           1          -18.5621   
      2168:     65040.000000           1          -18.5643   
      2169:     65070.000000           1           65.1903   
      2170:     65100.000000           1           65.1939   
      2171:     65130.000000           1          -18.5534   
      2172:     65160.000000           1           65.1974   
      2173:     65190.000000           1           65.1942   
      2174:     65220.000000           1           65.1935   
      2175:     65250.000000           1           65.1895   
      2176:     65280.000000           1           65.1855   
      2177:     65310.000000           1           65.1844   
      2178:     65340.000000           1           65.1843   
      2179:     65370.000000           1           65.1845   
      2180:     65400.000000           1           65.1900   
      2181:     65430.000000           1           65.1948   
      2182:     65460.000000           1           65.2025   
      2183:     65490.000000           1           65.2068   
      2184:     65520.000000           1           65.2132   
      2185:     65550.000000           1           65.2226   
      2186:     65580.000000           1           65.2261   
      2187:     65610.000000           1           65.2332   
      2188:     65640.000000           1           65.2404   
      2189:     65670.000000           1         -296.4189   
      2190:     65700.000000           1           65.2670   
      2191:     65730.000000           1           65.2754   
      2192:     65760.000000           1           65.2779   
      2193:     65790.000000           1           65.2765   
      2194:     65820.000000           1           65.2746   
      2195:     65850.000000           1           65.2724   
      2196:     65880.000000           1           65.2732   
      2197:     65910.000000           1           65.2760   
      2198:     65940.000000           1           65.2778   
      2199:     65970.000000           1           65.2796   
      2200:     66000.000000           1           65.2846   
      2201:     66030.000000           1           65.2879   
      2202:     66060.000000           1           65.2889   
      2203:     66090.000000           1           65.2856   
      2204:     66120.000000           1           65.2855   
      2205:     66150.000000           1           65.2844   
      2206:     66180.000000           1           65.2827   
      2207:     66210.000000           1           65.2822   
      2208:     66240.000000           1           65.2826   
      2209:     66270.000000           1           65.2811   
      2210:     66300.000000           1           65.2812   
      2211:     66330.000000           1           65.2842   
      2212:     66360.000000           1           65.2861   
      2213:     66390.000000           1           65.2869   
      2214:     66420.000000           1           65.2867   
      2215:     66450.000000           1           65.2874   
      2216:     66480.000000           1           65.2875   
      2217:     66510.000000           1           65.2879   
      2218:     66540.000000           1           65.2896   
      2219:     66570.000000           1         -296.3404   
      2220:     66600.000000           1         -329.3700   
      2221:     66630.000000           1         -296.2756   
      2222:     66660.000000           1         -296.2628   
      2223:     66690.000000           1         -296.3168   
      2224:     66720.000000           1         -296.2909   
      2225:     66750.000000           1         -296.3205   
      2226:     66780.000000           1         -296.3846   
      2227:     66810.000000           1         -296.4141   
      2228:     66840.000000           1         -296.4497   
      2229:     66870.000000           1         -296.4584   
      2230:     66900.000000           1         -296.4770   
      2231:     66930.000000           1         -296.5273   
      2232:     66960.000000           1         -296.5387   
      2233:     66990.000000           1         -296.5384   
      2234:     67020.000000           1         -296.5377   
      2235:     67050.000000           1         -329.3741   
      2236:     67080.000000           1         -329.3757   
      2237:     67110.000000           1         -329.3778   
      2238:     67140.000000           1         -329.3786   
      2239:     67170.000000           1         -329.3794   
      2240:     67200.000000           1         -329.3799   
      2241:     67230.000000           1         -329.3777   
      2242:     67260.000000           1         -329.3791   
      2243:     67290.000000           1         -329.3788   
      2244:     67320.000000           1         -329.3774   
      2245:     67350.000000           1           65.3001   
      2246:     67380.000000           1           65.3003   
      2247:     67410.000000           1           65.3000   
      2248:     67440.000000           1           65.2969   
      2249:     67470.000000           1           65.2961   
      2250:     67500.000000           1           65.2972   
      2251:     67530.000000           1           65.2960   
      2252:     67560.000000           1           65.2978   
      2253:     67590.000000           1           65.2956   
      2254:     67620.000000           1           65.2951   
      2255:     67650.000000           1           65.2987   
      2256:     67680.000000           1           65.2979   
      2257:     67710.000000           1           65.2985   
      2258:     67740.000000           1           65.2989   
      2259:     67770.000000           1           65.2975   
      2260:     67800.000000           1           65.2983   
      2261:     67830.000000           1          -18.4190   
      2262:     67860.000000           1          -18.4162   
      2263:     67890.000000           1          -18.4105   
      2264:     67920.000000           1          -18.4132   
      2265:     67950.000000           1          -18.4134   
      2266:     67980.000000           1          -18.4113   
      2267:     68010.000000           1          -18.4134   
      2268:     68040.000000           1          -18.4096   
      2269:     68070.000000           1          -18.4085   
      2270:     68100.000000           1          -18.4090   
      2271:     68130.000000           1          -18.4070   
      2272:     68160.000000           1          -18.4031   
      2273:     68190.000000           1          -18.4048   
      2274:     68220.000000           1          -18.4014   
      2275:     68250.000000           1          -18.4018   
      2276:     68280.000000           1          -18.4016   
      2277:     68310.000000           1          -18.4039   
      2278:     68340.000000           1          -18.4028   
      2279:     68370.000000           1          -18.4021   
      2280:     68400.000000           1          -18.4045   
      2281:     68430.000000           1          -18.4034   
      2282:     68460.000000           1          -18.4030   
      2283:     68490.000000           1          -18.4034   
      2284:     68520.000000           1          -18.4048   
      2285:     68550.000000           1          -18.4047   
      2286:     68580.000000           1          -18.4039   
      2287:     68610.000000           1           65.2937   
      2288:     68640.000000           1           65.2963   
      2289:     68670.000000           1           65.2940   
      2290:     68700.000000           1           65.2898   
      2291:     68730.000000           1           65.2843   
      2292:     68760.000000           1           65.2820   
      2293:     68790.000000           1           65.2807   
      2294:     68820.000000           1           65.2799   
      2295:     68850.000000           1           65.2805   
      2296:     68880.000000           1           65.2800   
      2297:     68910.000000           1           65.2805   
      2298:     68940.000000           1           65.2792   
      2299:     68970.000000           1           65.2792   
      2300:     69000.000000           1           65.2804   
      2301:     69030.000000           1           65.2835   
      2302:     69060.000000           1           65.2865   
      2303:     69090.000000           1           65.2902   
      2304:     69120.000000           1           65.2906   
      2305:     69150.000000           1           65.2872   
      2306:     69180.000000           1           65.2827   
      2307:     69210.000000           1           65.2804   
      2308:     69240.000000           1           65.2802   
      2309:     69270.000000           1           65.2798   
      2310:     69300.000000           1           65.2795   
      2311:     69330.000000           1           65.2805   
      2312:     69360.000000           1           65.2804   
      2313:     69390.000000           1           65.2801   
      2314:     69420.000000           1           65.2783   
      2315:     69450.000000           1           65.2749   
      2316:     69480.000000           1           65.2732   
      2317:     69510.000000           1           65.2740   
      2318:     69540.000000           1           65.2742   
      2319:     69570.000000           1           65.2722   
      2320:     69600.000000           1           65.2716   
      2321:     69630.000000           1          -18.3916   
      2322:     69660.000000           1          -18.3853   
      2323:     69690.000000           1          -18.3868   
      2324:     69720.000000           1          -18.3848   
      2325:     69750.000000           1          -18.3843   
      2326:     69780.000000           1          -18.3837   
      2327:     69810.000000           1          -18.3844   
      2328:     69840.000000           1          -18.3839   
      2329:     69870.000000           1          -18.3870   
      2330:     69900.000000           1          -18.3887   
      2331:     69930.000000           1          -18.3885   
      2332:     69960.000000           1          -18.3910   
      2333:     69990.000000           1          -18.3887   
      2334:     70020.000000           1          -18.3874   
      2335:     70050.000000           1          -18.3864   
      2336:     70080.000000           1          -18.3851   
      2337:     70110.000000           1          -18.3834   
      2338:     70140.000000           1           65.2696   
      2339:     70170.000000           1          -18.3865   
      2340:     70200.000000           1          -18.3879   
      2341:     70230.000000           1          -18.3880   
      2342:     70260.000000           1          -18.3859   
      2343:     70290.000000           1          -18.3880   
      2344:     70320.000000           1          -18.3859   
      2345:     70350.000000           1          -18.3855   
      2346:     70380.000000           1          -18.3866   
      2347:     70410.000000           1          -18.3890   
      2348:     70440.000000           1          -18.3905   
      2349:     70470.000000           1          -18.3932   
      2350:     70500.000000           1          -18.3932   
      2351:     70530.000000           1          -18.3952   
      2352:     70560.000000           1           65.2532   
      2353:     70590.000000           1           65.2528   
      2354:     70620.000000           1           65.2538   
      2355:     70650.000000           1           65.2551   
      2356:     70680.000000           1           65.2577   
      2357:     70710.000000           1           65.2587   
      2358:     70740.000000           1           65.2597   
      2359:     70770.000000           1           65.2599   
      2360:     70800.000000           1           65.2583   
      2361:     70830.000000           1           65.2573   
      2362:     70860.000000           1           65.2526   
      2363:     70890.000000           1           65.2519   
      2364:     70920.000000           1           65.2504   
      2365:     70950.000000           1           65.2502   
      2366:     70980.000000           1           65.2496   
      2367:     71010.000000           1           65.2516   
      2368:     71040.000000           1           65.2487   
      2369:     71070.000000           1           65.2477   
      2370:     71100.000000           1           65.2463   
      2371:     71130.000000           1           65.2465   
      2372:     71160.000000           1           65.2482   
      2373:     71190.000000           1           65.2503   
      2374:     71220.000000           1           65.2520   
      2375:     71250.000000           1           65.2549   
      2376:     71280.000000           1           65.2575   
      2377:     71310.000000           1           65.2573   
      2378:     71340.000000           1           65.2593   
      2379:     71370.000000           1           65.2611   
      2380:     71400.000000           1           65.2592   
      2381:     71430.000000           1           65.2579   
      2382:     71460.000000           1           65.2555   
      2383:     71490.000000           1           65.2545   
      2384:     71520.000000           1           65.2547   
      2385:     71550.000000           1           65.2542   
      2386:     71580.000000           1           65.2523   
      2387:     71610.000000           1           65.2539   
      2388:     71640.000000           1           65.2530   
      2389:     71670.000000           1           65.2556   
      2390:     71700.000000           1           65.2558   
      2391:     71730.000000           1           65.2553   
      2392:     71760.000000           1           65.2568   
      2393:     71790.000000           1           65.2596   
      2394:     71820.000000           1           65.2625   
      2395:     71850.000000           1           65.2653   
      2396:     71880.000000           1           65.2687   
      2397:     71910.000000           1           65.2691   
      2398:     71940.000000           1           65.2685   
      2399:     71970.000000           1           65.2689   
      2400:     72000.000000           1           65.2673   
      2401:     72030.000000           1           65.2675   
      2402:     72060.000000           1           65.2662   
      2403:     72090.000000           1           65.2647   
      2404:     72120.000000           1           65.2637   
      2405:     72150.000000           1           65.2619   
      2406:     72180.000000           1           65.2622   
      2407:     72210.000000           1           65.2612   
      2408:     72240.000000           1           65.2597   
      2409:     72270.000000           1           65.2598   
      2410:     72300.000000           1           65.2592   
      2411:     72330.000000           1           65.2619   
      2412:     72360.000000           1           65.2620   
      2413:     72390.000000           1           65.2626   
      2414:     72420.000000           1           65.2625   
      2415:     72450.000000           1           65.2644   
      2416:     72480.000000           1           65.2652   
      2417:     72510.000000           1           65.2636   
      2418:     72540.000000           1           65.2628   
      2419:     72570.000000           1           65.2579   
      2420:     72600.000000           1           65.2561   
      2421:     72630.000000           1           65.2553   
      2422:     72660.000000           1          -18.3983   
      2423:     72690.000000           1          -18.3979   
      2424:     72720.000000           1          -18.3996   
      2425:     72750.000000           1          -18.4005   
      2426:     72780.000000           1          -18.4020   
      2427:     72810.000000           1          -18.4009   
      2428:     72840.000000           1          -18.4028   
      2429:     72870.000000           1          -18.4048   
      2430:     72900.000000           1          -18.4051   
      2431:     72930.000000           1          -18.4065   
      2432:     72960.000000           1          -18.4072   
      2433:     72990.000000           1          -18.4035   
      2434:     73020.000000           1          -18.4073   
      2435:     73050.000000           1          -18.4078   
      2436:     73080.000000           1          -18.4072   
      2437:     73110.000000           1          -18.4068   
      2438:     73140.000000           1          -18.4057   
      2439:     73170.000000           1          -18.4077   
      2440:     73200.000000           1          -18.4098   
      2441:     73230.000000           1          -18.4106   
      2442:     73260.000000           1          -18.4125   
      2443:     73290.000000           1          -18.4128   
      2444:     73320.000000           1          -18.4162   
      2445:     73350.000000           1          -18.4192   
      2446:     73380.000000           1          -18.4231   
      2447:     73410.000000           1          -18.4256   
      2448:     73440.000000           1          -18.4274   
      2449:     73470.000000           1          -18.4276   
      2450:     73500.000000           1          -18.4251   
      2451:     73530.000000           1          -18.4235   
      2452:     73560.000000           1          -18.4247   
      2453:     73590.000000           1          -18.4286   
      2454:     73620.000000           1          -18.4308   
      2455:     73650.000000           1          -18.4307   
      2456:     73680.000000           1          -18.4318   
      2457:     73710.000000           1          -18.4319   
      2458:     73740.000000           1          -18.4323   
      2459:     73770.000000           1          -18.4337   
      2460:     73800.000000           1          -18.4324   
      2461:     73830.000000           1          -18.4324   
      2462:     73860.000000           1          -18.4342   
      2463:     73890.000000           1          -18.4356   
      2464:     73920.000000           1          -18.4391   
      2465:     73950.000000           1          -18.4426   
      2466:     73980.000000           1          -18.4454   
      2467:     74010.000000           1          -18.4459   
      2468:     74040.000000           1          -18.4448   
      2469:     74070.000000           1          -18.4437   
      2470:     74100.000000           1          -18.4444   
      2471:     74130.000000           1          -18.4461   
      2472:     74160.000000           1          -18.4479   
      2473:     74190.000000           1          -18.4500   
      2474:     74220.000000           1          -18.4512   
      2475:     74250.000000           1          -18.4508   
      2476:     74280.000000           1          -18.4532   
      2477:     74310.000000           1          -18.4532   
      2478:     74340.000000           1          -18.4558   
      2479:     74370.000000           1          -18.4563   
      2480:     74400.000000           1          -18.4613   
      2481:     74430.000000           1          -18.4645   
      2482:     74460.000000           1          -18.4674   
      2483:     74490.000000           1          -18.4689   
      2484:     74520.000000           1          -18.4704   
      2485:     74550.000000           1          -18.4704   
      2486:     74580.000000           1          -18.4740   
      2487:     74610.000000           1          -18.4766   
      2488:     74640.000000           1          -18.4810   
      2489:     74670.000000           1          -18.4828   
      2490:     74700.000000           1          -18.4848   
      2491:     74730.000000           1          -18.4857   
      2492:     74760.000000           1          -18.4882   
      2493:     74790.000000           1          -18.4897   
      2494:     74820.000000           1          -18.4910   
      2495:     74850.000000           1          -18.4916   
      2496:     74880.000000           1          -18.4926   
      2497:     74910.000000           1          -18.4949   
      2498:     74940.000000           1          -18.4974   
      2499:     74970.000000           1          -18.4980   
      2500:     75000.000000           1          -18.4984   
      2501:     75030.000000           1          -18.5007   
      2502:     75060.000000           1          -18.5030   
      2503:     75090.000000           1          -18.5060   
      2504:     75120.000000           1          -18.5100   
      2505:     75150.000000           1          -18.5122   
      2506:     75180.000000           1          -18.5160   
      2507:     75210.000000           1          -18.5178   
      2508:     75240.000000           1          -18.5167   
      2509:     75270.000000           1          -18.5197   
      2510:     75300.000000           1          -18.5260   
      2511:     75330.000000           1          -18.5285   
      2512:     75360.000000           1          -18.5307   
      2513:     75390.000000           1          -29.7562   
      2514:     75420.000000           1          -18.5382   
      2515:     75450.000000           1          -18.5405   
      2516:     75480.000000           1          -18.5429   
      2517:     75510.000000           1          -18.5435   
      2518:     75540.000000           1          -18.5426   
      2519:     75570.000000           1          -18.5453   
      2520:     75600.000000           1          -18.5476   
      2521:     75630.000000           1          -18.5480   
      2522:     75660.000000           1          -18.5487   
      2523:     75690.000000           1          -18.5508   
      2524:     75720.000000           1          -18.5527   
      2525:     75750.000000           1          -18.5555   
      2526:     75780.000000           1          -18.5577   
      2527:     75810.000000           1          -18.5586   
      2528:     75840.000000           1          -18.5599   
      2529:     75870.000000           1          -18.5630   
      2530:     75900.000000           1          -18.5631   
      2531:     75930.000000           1          -18.5666   
      2532:     75960.000000           1          -18.5667   
      2533:     75990.000000           1          -18.5673   
      2534:     76020.000000           1          -18.5716   
      2535:     76050.000000           1          -18.5727   
      2536:     76080.000000           1          -18.5751   
      2537:     76110.000000           1          -18.5763   
      2538:     76140.000000           1          -18.5790   
      2539:     76170.000000           1          -18.5783   
      2540:     76200.000000           1          -18.5805   
      2541:     76230.000000           1          -18.5870   
      2542:     76260.000000           1          -18.5889   
      2543:     76290.000000           1          -18.5917   
      2544:     76320.000000           1          -18.5924   
      2545:     76350.000000           1          -18.5946   
      2546:     76380.000000           1          -18.5964   
      2547:     76410.000000           1          -18.5973   
      2548:     76440.000000           1          -18.5975   
      2549:     76470.000000           1          -18.6009   
      2550:     76500.000000           1          -18.6041   
      2551:     76530.000000           1          -18.6045   
      2552:     76560.000000           1          -18.6041   
      2553:     76590.000000           1          -18.6051   
      2554:     76620.000000           1          -18.6071   
      2555:     76650.000000           1          -18.6088   
      2556:     76680.000000           1          -18.6106   
      2557:     76710.000000           1          -18.6102   
      2558:     76740.000000           1          -18.6112   
      2559:     76770.000000           1          -18.6117   
      2560:     76800.000000           1          -18.6139   
      2561:     76830.000000           1          -18.6167   
      2562:     76860.000000           1          -18.6197   
      2563:     76890.000000           1          -18.6194   
      2564:     76920.000000           1          -18.6224   
      2565:     76950.000000           1          -18.6246   
      2566:     76980.000000           1          -18.6302   
      2567:     77010.000000           1          -18.6339   
      2568:     77040.000000           1          -18.6408   
      2569:     77070.000000           1          -18.6439   
      2570:     77100.000000           1          -18.6462   
      2571:     77130.000000           1          -18.6502   
      2572:     77160.000000           1          -18.6526   
      2573:     77190.000000           1          -18.6573   
      2574:     77220.000000           1          -18.6593   
      2575:     77250.000000           1          -18.6612   
      2576:     77280.000000           1          -18.6633   
      2577:     77310.000000           1          -18.6661   
      2578:     77340.000000           1          -18.6709   
      2579:     77370.000000           1          -18.6757   
      2580:     77400.000000           1          -18.6793   
      2581:     77430.000000           1          -18.6817   
      2582:     77460.000000           1          -18.6850   
      2583:     77490.000000           1          -18.6887   
      2584:     77520.000000           1          -18.6935   
      2585:     77550.000000           1          -18.6944   
      2586:     77580.000000           1          -18.6960   
      2587:     77610.000000           1          -18.6967   
      2588:     77640.000000           1          -18.6972   
      2589:     77670.000000           1          -18.7001   
      2590:     77700.000000           1          -18.7000   
      2591:     77730.000000           1          -18.7004   
      2592:     77760.000000           1          -18.7028   
      2593:     77790.000000           1          -18.7057   
      2594:     77820.000000           1          -18.7070   
      2595:     77850.000000           1          -18.7080   
      2596:     77880.000000           1          -18.7073   
      2597:     77910.000000           1          -18.7095   
      2598:     77940.000000           1          -18.7116   
      2599:     77970.000000           1          -18.7143   
      2600:     78000.000000           1          -18.7162   
      2601:     78030.000000           1          -18.7191   
      2602:     78060.000000           1          -18.7208   
      2603:     78090.000000           1          -18.7237   
      2604:     78120.000000           1          -18.7256   
      2605:     78150.000000           1          -18.7304   
      2606:     78180.000000           1          -18.7349   
      2607:     78210.000000           1          -18.7397   
      2608:     78240.000000           1          -18.7422   
      2609:     78270.000000           1          -18.7438   
      2610:     78300.000000           1          -18.7469   
      2611:     78330.000000           1          -18.7499   
      2612:     78360.000000           1          -18.7523   
      2613:     78390.000000           1          -18.7528   
      2614:     78420.000000           1          -18.7525   
      2615:     78450.000000           1          -18.7519   
      2616:     78480.000000           1          -18.7529   
      2617:     78510.000000           1          -18.7536   
      2618:     78540.000000           1          -18.7544   
      2619:     78570.000000           1          -18.7556   
      2620:     78600.000000           1          -18.7596   
      2621:     78630.000000           1          -18.7631   
      2622:     78660.000000           1          -18.7669   
      2623:     78690.000000           1          -18.7699   
      2624:     78720.000000           1          -18.7750   
      2625:     78750.000000           1          -18.7801   
      2626:     78780.000000           1          -18.7846   
      2627:     78810.000000           1          -18.7890   
      2628:     78840.000000           1          -18.7916   
      2629:     78870.000000           1          -18.7954   
      2630:     78900.000000           1          -18.7992   
      2631:     78930.000000           1          -18.8016   
      2632:     78960.000000           1          -18.8031   
      2633:     78990.000000           1          -18.8038   
      2634:     79020.000000           1          -18.8040   
      2635:     79050.000000           1          -18.8056   
      2636:     79080.000000           1          -18.8066   
      2637:     79110.000000           1          -18.8082   
      2638:     79140.000000           1          -18.8090   
      2639:     79170.000000           1          -18.8116   
      2640:     79200.000000           1          -18.8161   
      2641:     79230.000000           1          -18.8185   
      2642:     79260.000000           1          -18.8228   
      2643:     79290.000000           1          -18.8276   
      2644:     79320.000000           1          -18.8304   
      2645:     79350.000000           1          -18.8339   
      2646:     79380.000000           1          -18.8368   
      2647:     79410.000000           1          -18.8393   
      2648:     79440.000000           1          -18.8421   
      2649:     79470.000000           1          -18.8457   
      2650:     79500.000000           1          -18.8476   
      2651:     79530.000000           1          -18.8502   
      2652:     79560.000000           1          -18.8530   
      2653:     79590.000000           1          -18.8557   
      2654:     79620.000000           1          -18.8622   
      2655:     79650.000000           1          -18.8661   
      2656:     79680.000000           1          -18.8695   
      2657:     79710.000000           1          -18.8750   
      2658:     79740.000000           1          -18.8757   
      2659:     79770.000000           1          -18.8808   
      2660:     79800.000000           1          -18.8821   
      2661:     79830.000000           1          -18.8899   
      2662:     79860.000000           1          -18.8946   
      2663:     79890.000000           1          -18.8997   
      2664:     79920.000000           1          -18.9027   
      2665:     79950.000000           1          -18.9051   
      2666:     79980.000000           1          -18.9077   
      2667:     80010.000000           1          -18.9151   
      2668:     80040.000000           1          -18.9190   
      2669:     80070.000000           1          -18.9229   
      2670:     80100.000000           1          -18.9244   
      2671:     80130.000000           1          -18.9264   
      2672:     80160.000000           1          -18.9276   
      2673:     80190.000000           1          -18.9309   
      2674:     80220.000000           1          -18.9323   
      2675:     80250.000000           1          -18.9367   
      2676:     80280.000000           1          -18.9389   
      2677:     80310.000000           1          -18.9425   
      2678:     80340.000000           1          -18.9438   
      2679:     80370.000000           1          -18.9466   
      2680:     80400.000000           1          -18.9493   
      2681:     80430.000000           1          -18.9518   
      2682:     80460.000000           1          -18.9556   
      2683:     80490.000000           1          -18.9568   
      2684:     80520.000000           1          -18.9591   
      2685:     80550.000000           1          -18.9614   
      2686:     80580.000000           1          -18.9640   
      2687:     80610.000000           1          -18.9680   
      2688:     80640.000000           1          -18.9703   
      2689:     80670.000000           1          -18.9721   
      2690:     80700.000000           1          -18.9748   
      2691:     80730.000000           1          -18.9766   
      2692:     80760.000000           1          -18.9809   
      2693:     80790.000000           1          -18.9883   
      2694:     80820.000000           1          -18.9915   
      2695:     80850.000000           1          -18.9997   
      2696:     80880.000000           1          -19.0036   
      2697:     80910.000000           1          -19.0052   
      2698:     80940.000000           1          -19.0076   
      2699:     80970.000000           1          -19.0115   
      2700:     81000.000000           1          -19.0119   
      2701:     81030.000000           1          -19.0138   
      2702:     81060.000000           1          -19.0170   
      2703:     81090.000000           1          -19.0199   
      2704:     81120.000000           1          -19.0236   
      2705:     81150.000000           1          -19.0254   
      2706:     81180.000000           1          -19.0264   
      2707:     81210.000000           1          -19.0274   
      2708:     81240.000000           1          -19.0314   
      2709:     81270.000000           1          -19.0334   
      2710:     81300.000000           1          -19.0335   
      2711:     81330.000000           1          -19.0379   
      2712:     81360.000000           1          -19.0401   
      2713:     81390.000000           1          -19.0429   
      2714:     81420.000000           1          -19.0457   
      2715:     81450.000000           1          -19.0497   
      2716:     81480.000000           1          -19.0524   
      2717:     81510.000000           1          -19.0585   
      2718:     81540.000000           1          -19.0604   
      2719:     81570.000000           1          -19.0628   
      2720:     81600.000000           1          -19.0659   
      2721:     81630.000000           1          -19.0686   
      2722:     81660.000000           1          -19.0711   
      2723:     81690.000000           1          -19.0743   
      2724:     81720.000000           1          -19.0790   
      2725:     81750.000000           1          -19.0836   
      2726:     81780.000000           1          -19.0853   
      2727:     81810.000000           1          -19.0882   
      2728:     81840.000000           1          -19.0913   
      2729:     81870.000000           1          -19.0944   
      2730:     81900.000000           1          -19.0956   
      2731:     81930.000000           1          -19.0988   
      2732:     81960.000000           1          -19.1008   
      2733:     81990.000000           1          -19.1035   
      2734:     82020.000000           1          -19.1085   
      2735:     82050.000000           1          -19.1122   
      2736:     82080.000000           1          -19.1147   
      2737:     82110.000000           1          -19.1162   
      2738:     82140.000000           1          -19.1177   
      2739:     82170.000000           1          -19.1217   
      2740:     82200.000000           1          -19.1246   
      2741:     82230.000000           1          -19.1301   
      2742:     82260.000000           1          -30.4519   
      2743:     82290.000000           1          -30.4517   
      2744:     82320.000000           1          -30.4525   
      2745:     82350.000000           1          -30.4532   
      2746:     82380.000000           1          -30.4553   
      2747:     82410.000000           1          -30.4567   
      2748:     82440.000000           1          -30.4578   
      2749:     82470.000000           1          -30.4635   
      2750:     82500.000000           1          -30.4667   
      2751:     82530.000000           1          -30.4715   
      2752:     82560.000000           1          -30.4800   
      2753:     82590.000000           1          -30.4850   
      2754:     82620.000000           1          -30.4869   
      2755:     82650.000000           1          -30.4899   
      2756:     82680.000000           1          -30.4919   
      2757:     82710.000000           1          -30.4931   
      2758:     82740.000000           1          -30.4961   
      2759:     82770.000000           1          -30.4983   
      2760:     82800.000000           1          -30.5020   
      2761:     82830.000000           1          -30.5037   
      2762:     82860.000000           1          -30.5067   
      2763:     82890.000000           1          -30.5114   
      2764:     82920.000000           1          -30.5135   
      2765:     82950.000000           1          -30.5204   
      2766:     82980.000000           1          -30.5243   
      2767:     83010.000000           1          169.6106   
      2768:     83040.000000           1          169.6085   
      2769:     83070.000000           1          169.6067   
      2770:     83100.000000           1          169.6019   
      2771:     83130.000000           1          169.5997   
      2772:     83160.000000           1          169.5949   
      2773:     83190.000000           1          169.5930   
