      1847:     55410.000000           1           90.5034   
      1848:     55440.000000           1           90.5238   
      1849:     55470.000000           1           90.5472   
      1850:     55500.000000           1           90.5173   
      1851:     55530.000000           1           90.5229   
      1852:     55560.000000           1           90.5345   
      1853:     55590.000000           1           90.5740   
      1854:     55620.000000           1           90.6155   
      1855:     55650.000000           1           90.6525   
      1856:     55680.000000           1           90.6944   
      1857:     55710.000000           1           90.7276   
      1858:     55740.000000           1           90.7586   
      1861:     55830.000000           1           91.1264   
      1862:     55860.000000           1           91.1573   
      1863:     55890.000000           1           91.2287   
      1864:     55920.000000           1           91.2331   
      1865:     55950.000000           1           91.2076   
      1866:     55980.000000           1           91.1987   
      1867:     56010.000000           1         -370.3888   
      1868:     56040.000000           1         -370.3862   
      1869:     56070.000000           1         -370.3857   
      1870:     56100.000000           1         -370.3859   
      1871:     56130.000000           1         -370.3827   
      1872:     56160.000000           1         -370.3799   
      1873:     56190.000000           1         -370.3725   
      1874:     56220.000000           1         -370.3685   
      1875:     56250.000000           1         -370.3758   
      1876:     56280.000000           1         -370.3729   
      1877:     56310.000000           1         -370.3656   
      1878:     56340.000000           1         -370.3582   
      1879:     56370.000000           1         -370.3557   
      1880:     56400.000000           1         -370.3534   
      1881:     56430.000000           1         -370.3483   
      1882:     56460.000000           1         -370.3466   
      1883:     56490.000000           1         -370.3470   
      1884:     56520.000000           1         -370.3463   
      1885:     56550.000000           1         -370.3503   
      1886:     56580.000000           1         -370.3497   
      1887:     56610.000000           1         -370.3499   
      1888:     56640.000000           1         -370.3515   
      1889:     56670.000000           1         -370.3565   
      1890:     56700.000000           1         -370.3572   
      1891:     56730.000000           1           91.2397   
      1892:     56760.000000           1         -370.3775   
      1893:     56790.000000           1         -370.3827   
      1894:     56820.000000           1         -370.3844   
      1895:     56850.000000           1         -370.3917   
      1896:     56880.000000           1         -370.3954   
      1897:     56910.000000           1         -370.3960   
      1898:     56940.000000           1         -370.3976   
      1899:     56970.000000           1           91.2690   
      1900:     57000.000000           1           91.2673   
      1901:     57030.000000           1           91.2690   
      1902:     57060.000000           1           91.2683   
      1923:     57690.000000           1           91.4575   
      1926:     57780.000000           1           91.4867   
      1928:     57840.000000           1           91.4967   
      1929:     57870.000000           1         -370.4986   
      1930:     57900.000000           1         -370.4999   
      1931:     57930.000000           1         -370.4977   
      1932:     57960.000000           1         -370.4985   
      1933:     57990.000000           1         -370.5020   
      1934:     58020.000000           1         -370.5037   
      1935:     58050.000000           1         -370.5028   
      1936:     58080.000000           1         -370.4998   
      1937:     58110.000000           1         -370.5001   
      1938:     58140.000000           1         -370.4991   
      1939:     58170.000000           1         -370.4991   
      1940:     58200.000000           1         -370.4984   
      1941:     58230.000000           1         -370.4988   
      1942:     58260.000000           1         -370.4983   
      1943:     58290.000000           1         -370.5008   
      1944:     58320.000000           1         -370.5062   
      1945:     58350.000000           1         -370.5082   
      1946:     58380.000000           1         -370.5091   
      1947:     58410.000000           1         -370.5088   
      1948:     58440.000000           1         -370.5118   
      1949:     58470.000000           1         -370.5170   
      1950:     58500.000000           1         -370.5171   
      1951:     58530.000000           1         -370.5191   
      1952:     58560.000000           1         -370.5243   
      1953:     58590.000000           1         -370.5244   
      1954:     58620.000000           1         -370.5260   
      1955:     58650.000000           1         -370.5266   
      1956:     58680.000000           1         -370.5314   
      1957:     58710.000000           1         -370.5360   
      1958:     58740.000000           1         -370.5398   
      1959:     58770.000000           1         -370.5402   
      1960:     58800.000000           1         -370.5377   
      1961:     58830.000000           1         -370.5352   
      1962:     58860.000000           1         -370.5351   
      1963:     58890.000000           1         -370.5387   
      1964:     58920.000000           1         -370.5399   
      1965:     58950.000000           1         -370.5411   
      1966:     58980.000000           1         -370.5440   
      1967:     59010.000000           1         -370.5441   
      1968:     59040.000000           1         -370.5471   
      1969:     59070.000000           1         -370.5504   
      1970:     59100.000000           1         -370.5485   
      1971:     59130.000000           1         -370.5513   
      1972:     59160.000000           1         -370.5571   
      1973:     59190.000000           1         -370.5598   
      1974:     59220.000000           1         -370.5592   
      1975:     59250.000000           1         -370.5610   
      1976:     59280.000000           1         -370.5627   
      1977:     59310.000000           1         -370.5631   
      1978:     59340.000000           1         -370.5630   
      1979:     59370.000000           1         -370.5649   
      1980:     59400.000000           1         -370.5666   
      1981:     59430.000000           1         -370.5674   
      1982:     59460.000000           1         -370.5685   
      1983:     59490.000000           1         -370.5676   
      1984:     59520.000000           1         -370.5721   
      1985:     59550.000000           1         -370.5748   
      1986:     59580.000000           1         -370.5812   
      1987:     59610.000000           1         -370.5826   
      1988:     59640.000000           1         -370.5804   
      1989:     59670.000000           1         -370.5819   
      1990:     59700.000000           1         -370.5834   
      1991:     59730.000000           1         -370.5834   
      1992:     59760.000000           1         -370.5859   
      1993:     59790.000000           1         -370.5867   
      1994:     59820.000000           1           91.3718   
      1995:     59850.000000           1         -370.5868   
      1996:     59880.000000           1         -370.5889   
      1997:     59910.000000           1         -370.5932   
      1998:     59940.000000           1           91.3605   
      1999:     59970.000000           1           91.3597   
      2000:     60000.000000           1           91.3603   
      2001:     60030.000000           1           91.3604   
      2002:     60060.000000           1           91.3647   
      2003:     60090.000000           1           91.3679   
      2004:     60120.000000           1           91.3674   
      2005:     60150.000000           1           91.3733   
      2006:     60180.000000           1           91.3765   
      2007:     60210.000000           1           91.3778   
      2008:     60240.000000           1           91.3810   
      2009:     60270.000000           1           91.3840   
      2010:     60300.000000           1           91.3859   
      2011:     60330.000000           1           91.3884   
      2012:     60360.000000           1           91.3939   
      2013:     60390.000000           1           91.3930   
      2014:     60420.000000           1           91.3929   
      2015:     60450.000000           1           91.3906   
      2022:     60660.000000           1           91.3779   
      2023:     60690.000000           1           91.3797   
      2025:     60750.000000           1           91.3904   
      2027:     60810.000000           1           91.3903   
      2028:     60840.000000           1           91.3906   
      2035:     61050.000000           1           91.4088   
      2036:     61080.000000           1           91.4076   
      2037:     61110.000000           1           91.4080   
      2039:     61170.000000           1           91.4015   
      2040:     61200.000000           1           91.3970   
      2041:     61230.000000           1           91.3948   
      2042:     61260.000000           1           91.3956   
      2043:     61290.000000           1         -370.5986   
      2044:     61320.000000           1         -370.6007   
      2045:     61350.000000           1         -370.6028   
      2046:     61380.000000           1           91.3948   
      2047:     61410.000000           1         -370.5952   
      2048:     61440.000000           1         -370.5907   
      2049:     61470.000000           1           91.4235   
      2050:     61500.000000           1         -370.5831   
      2051:     61530.000000           1         -370.5807   
      2052:     61560.000000           1           91.4272   
      2053:     61590.000000           1         -370.5837   
      2054:     61620.000000           1           91.4280   
      2055:     61650.000000           1         -370.5908   
      2056:     61680.000000           1         -370.5899   
      2057:     61710.000000           1         -370.5865   
      2058:     61740.000000           1         -370.5840   
      2059:     61770.000000           1         -370.5834   
      2060:     61800.000000           1         -370.5801   
      2061:     61830.000000           1         -370.5788   
      2062:     61860.000000           1           91.4399   
      2063:     61890.000000           1           91.4426   
      2064:     61920.000000           1           91.4448   
      2065:     61950.000000           1           91.4463   
      2066:     61980.000000           1           91.4497   
      2067:     62010.000000           1         -370.5716   
      2068:     62040.000000           1         -370.5686   
      2069:     62070.000000           1           91.4606   
      2075:     62250.000000           1           91.4703   
      2078:     62340.000000           1           91.4607   
      2091:     62730.000000           1           91.4524   
      2119:     63570.000000           1           91.4990   
      2120:     63600.000000           1           91.5000   
      2146:     64380.000000           1           91.5101   
      2148:     64440.000000           1           91.5059   
      2149:     64470.000000           1           91.5065   
      2150:     64500.000000           1           91.5088   
      2151:     64530.000000           1         -370.5263   
      2152:     64560.000000           1         -370.5261   
      2153:     64590.000000           1         -370.5260   
      2154:     64620.000000           1         -370.5270   
      2155:     64650.000000           1         -370.5315   
      2156:     64680.000000           1         -370.5327   
      2157:     64710.000000           1         -370.5350   
      2158:     64740.000000           1         -370.5322   
      2159:     64770.000000           1         -370.5277   
      2160:     64800.000000           1         -370.5265   
      2161:     64830.000000           1         -370.5244   
      2162:     64860.000000           1         -370.5186   
      2163:     64890.000000           1         -370.5164   
      2164:     64920.000000           1         -370.5169   
      2165:     64950.000000           1         -370.5149   
      2166:     64980.000000           1         -370.5173   
      2167:     65010.000000           1         -370.5176   
      2168:     65040.000000           1         -370.5219   
      2169:     65070.000000           1           91.5219   
      2170:     65100.000000           1           91.5253   
      2171:     65130.000000           1         -370.5178   
      2172:     65160.000000           1           91.5302   
      2173:     65190.000000           1           91.5290   
      2174:     65220.000000           1           91.5301   
      2175:     65250.000000           1           91.5285   
      2176:     65280.000000           1           91.5256   
      2177:     65310.000000           1           91.5252   
      2178:     65340.000000           1           91.5244   
      2179:     65370.000000           1           91.5229   
      2180:     65400.000000           1           91.5253   
      2181:     65430.000000           1           91.5273   
      2182:     65460.000000           1           91.5323   
      2183:     65490.000000           1           91.5339   
      2184:     65520.000000           1           91.5386   
      2187:     65610.000000           1           91.5464   
      2188:     65640.000000           1           91.5499   
      2191:     65730.000000           1           91.5700   
      2192:     65760.000000           1           91.5715   
      2193:     65790.000000           1           91.5696   
      2194:     65820.000000           1           91.5678   
      2195:     65850.000000           1           91.5664   
      2196:     65880.000000           1           91.5679   
      2197:     65910.000000           1           91.5714   
      2198:     65940.000000           1           91.5736   
      2199:     65970.000000           1           91.5756   
      2201:     66030.000000           1           91.5891   
      2202:     66060.000000           1           91.5909   
      2203:     66090.000000           1           91.5884   
      2204:     66120.000000           1           91.5883   
      2206:     66180.000000           1           91.5849   
      2207:     66210.000000           1           91.5846   
      2208:     66240.000000           1           91.5856   
      2209:     66270.000000           1           91.5853   
      2210:     66300.000000           1           91.5861   
      2261:     67830.000000           1           91.5951   
      2262:     67860.000000           1           91.5967   
      2263:     67890.000000           1           91.6010   
      2264:     67920.000000           1           91.5970   
      2265:     67950.000000           1           91.5958   
      2266:     67980.000000           1           91.5963   
      2267:     68010.000000           1           91.5932   
      2268:     68040.000000           1           91.5956   
      2269:     68070.000000           1           91.5955   
      2270:     68100.000000           1           91.5937   
      2271:     68130.000000           1           91.5944   
      2339:     70170.000000           1         -370.5139   
      2340:     70200.000000           1         -370.5151   
      2341:     70230.000000           1         -370.5154   
      2342:     70260.000000           1         -370.5134   
      2343:     70290.000000           1         -370.5159   
      2344:     70320.000000           1         -370.5142   
      2345:     70350.000000           1         -370.5143   
      2346:     70380.000000           1         -370.5159   
      2347:     70410.000000           1         -370.5188   
      2348:     70440.000000           1         -370.5207   
      2349:     70470.000000           1         -370.5240   
      2350:     70500.000000           1         -370.5247   
      2351:     70530.000000           1         -370.5274   
      2451:     73530.000000           1         -370.5545   
      2452:     73560.000000           1         -370.5557   
      2453:     73590.000000           1         -370.5596   
      2454:     73620.000000           1         -370.5620   
      2455:     73650.000000           1         -370.5619   
      2456:     73680.000000           1         -370.5630   
      2457:     73710.000000           1         -370.5630   
      2458:     73740.000000           1         -370.5634   
      2459:     73770.000000           1         -370.5647   
      2460:     73800.000000           1         -370.5634   
      2461:     73830.000000           1         -370.5635   
      2464:     73920.000000           1         -370.5703   
      2465:     73950.000000           1         -370.5737   
      2466:     73980.000000           1         -370.5763   
      2467:     74010.000000           1         -370.5768   
      2468:     74040.000000           1         -370.5756   
      2469:     74070.000000           1         -370.5745   
      2470:     74100.000000           1         -370.5753   
      2471:     74130.000000           1         -370.5770   
      2472:     74160.000000           1         -370.5788   
      2473:     74190.000000           1         -370.5810   
      2474:     74220.000000           1         -370.5821   
      2475:     74250.000000           1         -370.5816   
      2476:     74280.000000           1         -370.5840   
      2477:     74310.000000           1         -370.5839   
      2478:     74340.000000           1         -370.5866   
      2479:     74370.000000           1         -370.5873   
      2480:     74400.000000           1         -370.5925   
      2481:     74430.000000           1         -370.5957   
      2483:     74490.000000           1         -370.5997   
      2484:     74520.000000           1         -370.6012   
      2485:     74550.000000           1         -370.6011   
      2486:     74580.000000           1         -370.6048   
      2566:     76980.000000           1         -370.7602   
      2568:     77040.000000           1         -370.7709   
      2569:     77070.000000           1         -370.7741   
      2570:     77100.000000           1         -370.7766   
      2571:     77130.000000           1         -370.7808   
      2572:     77160.000000           1         -370.7833   
      2573:     77190.000000           1         -370.7880   
      2574:     77220.000000           1         -370.7901   
      2575:     77250.000000           1         -370.7921   
      2576:     77280.000000           1         -370.7943   
      2577:     77310.000000           1         -370.7973   
      2578:     77340.000000           1         -370.8021   
      2579:     77370.000000           1         -370.8070   
      2580:     77400.000000           1         -370.8107   
      2581:     77430.000000           1         -370.8131   
      2582:     77460.000000           1         -370.8165   
      2584:     77520.000000           1         -370.8254   
      2585:     77550.000000           1         -370.8264   
      2586:     77580.000000           1         -370.8280   
      2587:     77610.000000           1         -370.8290   
      2588:     77640.000000           1         -370.8297   
      2589:     77670.000000           1         -370.8325   
      2590:     77700.000000           1         -370.8325   
      2591:     77730.000000           1         -370.8330   
      2592:     77760.000000           1         -370.8356   
      2593:     77790.000000           1         -370.8387   
      2594:     77820.000000           1         -370.8400   
      2595:     77850.000000           1         -370.8411   
      2596:     77880.000000           1         -370.8405   
      2597:     77910.000000           1         -370.8427   
      2598:     77940.000000           1         -370.8449   
      2599:     77970.000000           1         -370.8476   
      2600:     78000.000000           1         -370.8496   
      2601:     78030.000000           1         -370.8527   
      2602:     78060.000000           1         -370.8545   
      2603:     78090.000000           1         -370.8576   
      2604:     78120.000000           1         -370.8596   
      2605:     78150.000000           1         -370.8645   
      2606:     78180.000000           1         -370.8690   
      2607:     78210.000000           1         -370.8739   
      2608:     78240.000000           1         -370.8764   
      2654:     79620.000000           1         -370.9991   
      2655:     79650.000000           1         -371.0030   
      2656:     79680.000000           1         -371.0065   
      2657:     79710.000000           1         -371.0119   
      2658:     79740.000000           1         -371.0127   
