        97:    521310.000000           1           83.3864   
        98:    521340.000000           1         -114.0985   
        99:    521370.000000           1         -114.1237   
       100:    521400.000000           1         -114.1208   
       101:    521430.000000           1         -114.0975   
       102:    521460.000000           1           83.6359   
       103:    521490.000000           1         -320.7172   
       104:    521520.000000           1           83.7711   
       105:    521550.000000           1           83.8230   
       106:    521580.000000           1           83.8621   
       107:    521610.000000           1          -83.8544   
       108:    521640.000000           1           84.0064   
       109:    521670.000000           1           84.0781   
       110:    521700.000000           1           84.0945   
       111:    521730.000000           1           84.0764   
       112:    521760.000000           1         -320.7183   
       113:    521790.000000           1         -113.8363   
       114:    521820.000000           1         -113.8316   
       115:    521850.000000           1         -320.5923   
       116:    521880.000000           1         -113.8027   
       117:    521910.000000           1         -113.8302   
       118:    521940.000000           1           84.2819   
       119:    521970.000000           1         -113.8135   
       120:    522000.000000           1         -320.4935   
       121:    522030.000000           1         -113.7497   
       122:    522060.000000           1         -113.7502   
       123:    522090.000000           1         -113.7552   
       124:    522120.000000           1         -113.6641   
       125:    522150.000000           1         -113.6248   
       126:    522180.000000           1           84.7264   
       127:    522210.000000           1           84.7866   
       128:    522240.000000           1           84.8902   
       129:    522270.000000           1         -113.4094   
       130:    522300.000000           1         -113.3854   
       131:    522330.000000           1           85.0705   
       132:    522360.000000           1         -113.3055   
       133:    522390.000000           1         -113.2861   
       134:    522420.000000           1         -113.2976   
       135:    522450.000000           1         -113.2909   
       136:    522480.000000           1           64.2296   
       137:    522510.000000           1           64.2987   
       138:    522540.000000           1           85.3166   
       139:    522570.000000           1           85.3300   
       140:    522600.000000           1           64.2871   
       141:    522630.000000           1           64.2323   
       142:    522660.000000           1           85.3839   
       143:    522690.000000           1           64.1309   
       144:    522720.000000           1           85.5214   
       145:    522750.000000           1           63.9126   
       146:    522780.000000           1           63.9152   
       147:    522810.000000           1           63.9021   
       148:    522840.000000           1           63.9238   
       149:    522870.000000           1           85.6365   
       150:    522900.000000           1           63.6690   
       151:    522930.000000           1           63.3351   
       152:    522960.000000           1           63.1640   
       153:    522990.000000           1           63.1115   
       154:    523020.000000           1           63.0184   
       155:    523050.000000           1           62.9556   
       156:    523080.000000           1           62.9220   
       157:    523110.000000           1           85.6097   
       158:    523140.000000           1           62.8096   
       159:    523170.000000           1           62.9603   
       160:    523200.000000           1           85.5979   
       161:    523230.000000           1           63.0261   
       162:    523260.000000           1           85.6215   
       163:    523290.000000           1           63.1876   
       164:    523320.000000           1           63.1965   
       165:    523350.000000           1           63.2144   
       166:    523380.000000           1           63.2196   
       167:    523410.000000           1         -113.0062   
       168:    523440.000000           1         -113.0109   
       169:    523470.000000           1           63.2303   
       170:    523500.000000           1           85.7152   
       171:    523530.000000           1           63.1605   
       172:    523560.000000           1           63.1520   
       173:    523590.000000           1           63.1253   
       174:    523620.000000           1           63.1126   
       175:    523650.000000           1           63.0934   
       176:    523680.000000           1           63.0597   
       177:    523710.000000           1          161.2897   
       178:    523740.000000           1          161.1299   
       179:    523770.000000           1          161.0061   
       180:    523800.000000           1          160.9703   
       181:    523830.000000           1          160.9208   
       182:    523860.000000           1          160.8950   
       183:    523890.000000           1          160.8257   
       184:    523920.000000           1          160.7990   
       185:    523950.000000           1          160.7634   
       186:    523980.000000           1          160.7134   
       187:    524010.000000           1          160.6754   
       188:    524040.000000           1          160.6707   
       189:    524070.000000           1          160.6437   
       190:    524100.000000           1          160.6242   
       191:    524130.000000           1          160.6130   
       192:    524160.000000           1           85.8445   
       193:    524190.000000           1           85.8554   
       194:    524220.000000           1           85.8700   
       195:    524250.000000           1         -319.7482   
       196:    524280.000000           1         -319.7413   
       197:    524310.000000           1         -319.6811   
       198:    524340.000000           1         -319.6561   
       199:    524370.000000           1         -319.6055   
       200:    524400.000000           1          160.9728   
       201:    524430.000000           1           63.3501   
       202:    524460.000000           1          161.0125   
       203:    524490.000000           1           63.3414   
       204:    524520.000000           1           63.3381   
       205:    524550.000000           1           63.3513   
       206:    524580.000000           1           63.3586   
       207:    524610.000000           1           63.3608   
       208:    524640.000000           1           63.3984   
       209:    524670.000000           1           63.4636   
       210:    524700.000000           1         -112.6777   
       211:    524730.000000           1         -112.6580   
       212:    524760.000000           1         -112.6397   
       213:    524790.000000           1         -112.6155   
       214:    524820.000000           1         -112.6157   
       215:    524850.000000           1         -112.6159   
       216:    524880.000000           1           63.5743   
       217:    524910.000000           1         -112.5835   
       218:    524940.000000           1         -112.5628   
       219:    524970.000000           1         -112.5557   
       220:    525000.000000           1         -112.5485   
       221:    525030.000000           1         -112.5393   
       222:    525060.000000           1          198.5280   
       223:    525090.000000           1          198.5392   
       224:    525120.000000           1          198.5565   
       225:    525150.000000           1          198.5817   
       226:    525180.000000           1         -112.5569   
       227:    525210.000000           1          198.6639   
       228:    525240.000000           1          198.5731   
       229:    525270.000000           1          198.5326   
       230:    525300.000000           1          198.5095   
       231:    525330.000000           1          198.4734   
       232:    525360.000000           1          198.5181   
       233:    525390.000000           1         -112.4180   
       234:    525420.000000           1          198.6815   
       235:    525450.000000           1          198.6659   
       236:    525480.000000           1          198.8056   
       237:    525510.000000           1          198.8152   
       238:    525540.000000           1          198.8489   
       239:    525570.000000           1          198.8994   
       240:    525600.000000           1          198.8925   
       241:    525630.000000           1          198.8595   
       242:    525660.000000           1          198.8965   
       243:    525690.000000           1          198.9179   
       244:    525720.000000           1          198.9304   
       245:    525750.000000           1          198.9250   
       246:    525780.000000           1          198.9233   
       247:    525810.000000           1          198.9430   
       248:    525840.000000           1          198.9424   
       249:    525870.000000           1          198.9191   
       250:    525900.000000           1          198.9180   
       251:    525930.000000           1          198.9292   
       252:    525960.000000           1          198.9526   
       253:    525990.000000           1          198.9608   
       254:    526020.000000           1          198.9547   
       255:    526050.000000           1          198.9586   
       256:    526080.000000           1          198.9910   
       257:    526110.000000           1          198.9948   
       258:    526140.000000           1          198.9936   
       259:    526170.000000           1          198.9961   
       260:    526200.000000           1          199.0079   
       261:    526230.000000           1          199.0255   
       262:    526260.000000           1          199.0375   
       263:    526290.000000           1          199.0387   
       264:    526320.000000           1          199.0302   
       265:    526350.000000           1          199.0118   
       266:    526380.000000           1          199.0112   
       267:    526410.000000           1          199.0215   
       268:    526440.000000           1         -112.5959   
       269:    526470.000000           1          199.0304   
       270:    526500.000000           1          199.0251   
       271:    526530.000000           1          198.9959   
       272:    526560.000000           1          198.9610   
       273:    526590.000000           1          198.9575   
       274:    526620.000000           1          198.9500   
       275:    526650.000000           1          198.9428   
       276:    526680.000000           1          198.9404   
       277:    526710.000000           1         -112.8533   
       278:    526740.000000           1          198.9182   
       279:    526770.000000           1          198.9191   
       280:    526800.000000           1          198.9251   
       281:    526830.000000           1          198.9197   
       282:    526860.000000           1         -112.9451   
       283:    526890.000000           1          198.8846   
       284:    526920.000000           1          198.8613   
       285:    526950.000000           1          198.8403   
       286:    526980.000000           1         -113.0351   
       287:    527010.000000           1         -113.0381   
       288:    527040.000000           1         -113.0437   
       289:    527070.000000           1           63.4213   
       290:    527100.000000           1           63.4198   
       291:    527130.000000           1           63.4114   
       292:    527160.000000           1           63.4082   
       293:    527190.000000           1           63.4065   
       294:    527220.000000           1          161.6718   
       295:    527250.000000           1           63.3853   
       296:    527280.000000           1           63.3864   
       297:    527310.000000           1           63.3860   
       298:    527340.000000           1           63.3845   
       299:    527370.000000           1           63.3869   
       300:    527400.000000           1           63.3897   
       301:    527430.000000           1           63.3870   
       302:    527460.000000           1           63.3813   
       303:    527490.000000           1          161.6934   
       304:    527520.000000           1          161.6900   
       305:    527550.000000           1         -319.8875   
       306:    527580.000000           1         -319.8876   
       307:    527610.000000           1         -319.8917   
       308:    527640.000000           1         -319.8963   
       309:    527670.000000           1         -319.8997   
       310:    527700.000000           1          161.7158   
       311:    527730.000000           1          161.7223   
       312:    527760.000000           1         -319.9261   
       313:    527790.000000           1           63.3831   
       314:    527820.000000           1          161.7057   
       315:    527850.000000           1          161.7072   
       316:    527880.000000           1          161.6818   
       317:    527910.000000           1          161.6636   
       318:    527940.000000           1          161.6512   
       319:    527970.000000           1          161.6511   
       320:    528000.000000           1          161.6560   
       321:    528030.000000           1          161.6421   
       322:    528060.000000           1          161.6484   
       323:    528090.000000           1          161.6522   
       324:    528120.000000           1          161.6633   
       325:    528150.000000           1          161.6641   
       326:    528180.000000           1           63.3350   
       327:    528210.000000           1          161.6718   
       328:    528240.000000           1          161.6704   
       329:    528270.000000           1          161.6677   
       330:    528300.000000           1          161.6588   
       331:    528330.000000           1          161.6624   
       332:    528360.000000           1          161.6513   
       333:    528390.000000           1          161.6477   
       334:    528420.000000           1          161.6424   
       335:    528450.000000           1          161.6279   
       336:    528480.000000           1          161.6185   
       337:    528510.000000           1          161.6030   
       338:    528540.000000           1          161.5936   
       339:    528570.000000           1          161.5800   
       340:    528600.000000           1          161.5670   
       341:    528630.000000           1          161.5715   
       342:    528660.000000           1           63.1952   
       343:    528690.000000           1           63.1883   
       344:    528720.000000           1           63.1867   
       345:    528750.000000           1           63.1774   
       346:    528780.000000           1         -113.4669   
       347:    528810.000000           1           63.1375   
       348:    528840.000000           1         -113.5002   
       349:    528870.000000           1         -113.5089   
       350:    528900.000000           1         -113.5103   
       351:    528930.000000           1         -113.5179   
       352:    528960.000000           1           63.0620   
       353:    528990.000000           1           63.0598   
       354:    529020.000000           1           63.0619   
       355:    529050.000000           1           63.0544   
       356:    529080.000000           1           63.0578   
       357:    529110.000000           1          161.5450   
       358:    529140.000000           1           63.0446   
       359:    529170.000000           1           63.0401   
       360:    529200.000000           1         -113.5661   
       361:    529230.000000           1           63.0322   
       362:    529260.000000           1           63.0261   
       363:    529290.000000           1          161.5254   
       364:    529320.000000           1           63.0015   
       365:    529350.000000           1           62.9955   
       366:    529380.000000           1           62.9933   
       367:    529410.000000           1           62.9902   
       368:    529440.000000           1           62.9889   
       369:    529470.000000           1         -113.5783   
       370:    529500.000000           1           62.9959   
       371:    529530.000000           1           62.9943   
       372:    529560.000000           1         -113.5701   
       373:    529590.000000           1         -113.5856   
       374:    529620.000000           1         -113.5908   
       375:    529650.000000           1         -113.6093   
       376:    529680.000000           1           62.9615   
       377:    529710.000000           1           62.9439   
       378:    529740.000000           1         -113.6441   
       379:    529770.000000           1         -113.6542   
       380:    529800.000000           1         -113.6523   
       381:    529830.000000           1           62.9200   
       382:    529860.000000           1          161.4482   
       383:    529890.000000           1           62.8807   
       384:    529920.000000           1          161.4189   
       385:    529950.000000           1          161.3983   
       386:    529980.000000           1         -320.5694   
       387:    530010.000000           1          161.3835   
       388:    530040.000000           1         -320.5994   
       389:    530070.000000           1          161.3503   
       390:    530100.000000           1          161.3400   
       391:    530130.000000           1          161.3314   
       392:    530160.000000           1         -320.6390   
       393:    530190.000000           1          161.2967   
       394:    530220.000000           1         -320.6469   
       395:    530250.000000           1          161.3001   
       396:    530280.000000           1         -320.6447   
       397:    530310.000000           1          161.2778   
       398:    530340.000000           1          161.2719   
       399:    530370.000000           1          161.2670   
       400:    530400.000000           1          161.2641   
       401:    530430.000000           1          161.2581   
       402:    530460.000000           1          161.2575   
       403:    530490.000000           1          161.2529   
       404:    530520.000000           1          161.2437   
       405:    530550.000000           1         -320.7072   
       406:    530580.000000           1         -320.7114   
       407:    530610.000000           1         -320.7146   
       408:    530640.000000           1         -159.3370   
       409:    530670.000000           1         -159.3455   
       410:    530700.000000           1         -320.7404   
       411:    530730.000000           1         -320.7735   
       412:    530760.000000           1         -320.8377   
       413:    530790.000000           1         -320.7701   
       414:    530820.000000           1          160.7554   
       415:    530850.000000           1          160.7330   
       416:    530880.000000           1          160.8041   
       417:    530910.000000           1          160.7523   
       418:    530940.000000           1          160.8606   
       419:    530970.000000           1         -159.3137   
       420:    531000.000000           1         -320.6204   
       421:    531030.000000           1         -320.6185   
       422:    531060.000000           1         -320.6399   
       423:    531090.000000           1         -320.6639   
       424:    531120.000000           1         -201.7396   
       425:    531150.000000           1         -320.6545   
       426:    531180.000000           1         -159.2894   
       427:    531210.000000           1         -320.7036   
       428:    531240.000000           1         -320.7317   
       429:    531270.000000           1         -320.7370   
       430:    531300.000000           1          161.3438   
       431:    531330.000000           1           62.5549   
       432:    531360.000000           1           62.5626   
       433:    531390.000000           1           62.5601   
       434:    531420.000000           1           62.5510   
       435:    531450.000000           1           62.5458   
       436:    531480.000000           1           62.5455   
       437:    531510.000000           1          161.4685   
       438:    531540.000000           1           62.5337   
       439:    531570.000000           1           62.5374   
       440:    531600.000000           1          161.5319   
       441:    531630.000000           1          161.5548   
       442:    531660.000000           1          161.5847   
       443:    531690.000000           1          161.6067   
       444:    531720.000000           1         -320.7570   
       445:    531750.000000           1         -320.7466   
       446:    531780.000000           1          161.6725   
       447:    531810.000000           1         -159.1019   
       448:    531840.000000           1          161.6973   
       449:    531870.000000           1          161.7084   
       450:    531900.000000           1          161.7021   
       451:    531930.000000           1          161.7094   
       452:    531960.000000           1           62.6449   
       453:    531990.000000           1          161.7213   
       454:    532020.000000           1          161.7373   
       455:    532050.000000           1           62.6483   
       456:    532080.000000           1          214.4673   
       457:    532110.000000           1           62.6495   
       458:    532140.000000           1          214.3857   
       459:    532170.000000           1          214.4743   
       460:    532200.000000           1          214.4633   
       461:    532230.000000           1          214.4776   
       462:    532260.000000           1          214.4619   
       463:    532290.000000           1           62.6680   
       464:    532320.000000           1          214.4618   
       465:    532350.000000           1          214.4617   
       466:    532380.000000           1           62.6849   
       467:    532410.000000           1           62.7015   
       468:    532440.000000           1           62.7121   
       469:    532470.000000           1          214.5655   
       470:    532500.000000           1           62.7161   
       471:    532530.000000           1           62.7083   
       472:    532560.000000           1          214.4320   
       473:    532590.000000           1           62.7015   
       474:    532620.000000           1          214.4415   
       475:    532650.000000           1          214.4522   
       476:    532680.000000           1          199.9371   
       477:    532710.000000           1          199.8989   
       478:    532740.000000           1          199.8657   
       479:    532770.000000           1          199.8914   
       480:    532800.000000           1          199.8786   
       481:    532830.000000           1          214.5463   
       482:    532860.000000           1          214.5486   
       483:    532890.000000           1          214.5512   
       484:    532920.000000           1          214.5561   
       485:    532950.000000           1          214.5350   
       486:    532980.000000           1           62.6995   
       487:    533010.000000           1           62.7008   
       488:    533040.000000           1           62.6978   
       489:    533070.000000           1          161.7087   
       490:    533100.000000           1           62.7046   
       491:    533130.000000           1           62.7075   
       492:    533160.000000           1           62.7107   
       493:    533190.000000           1           62.7082   
       494:    533220.000000           1           62.7094   
       495:    533250.000000           1          161.7156   
       496:    533280.000000           1           62.7003   
       497:    533310.000000           1          161.7221   
       498:    533340.000000           1           62.7081   
       499:    533370.000000           1          161.7196   
       500:    533400.000000           1           62.7042   
       501:    533430.000000           1           62.7059   
       502:    533460.000000           1           62.7162   
       503:    533490.000000           1          161.7327   
       504:    533520.000000           1          161.7387   
       505:    533550.000000           1          161.7395   
       506:    533580.000000           1          161.7396   
       507:    533610.000000           1           62.7315   
       508:    533640.000000           1          161.7397   
       509:    533670.000000           1          161.7458   
       510:    533700.000000           1          161.7439   
       511:    533730.000000           1          161.7465   
       512:    533760.000000           1          161.7484   
       513:    533790.000000           1          161.7483   
       514:    533820.000000           1          161.7466   
       515:    533850.000000           1          161.7477   
       516:    533880.000000           1          161.7487   
       517:    533910.000000           1         -320.5319   
       984:    547920.000000           1          758.2103   
       985:    547950.000000           1          758.2002   
       986:    547980.000000           1          758.1898   
       987:    548010.000000           1          758.1770   
       988:    548040.000000           1          758.1292   
       989:    548070.000000           1          758.1036   
       990:    548100.000000           1          758.0938   
       991:    548130.000000           1          758.0884   
       992:    548160.000000           1          758.0772   
       993:    548190.000000           1          758.0612   
       994:    548220.000000           1          758.0436   
       995:    548250.000000           1          758.0092   
       996:    548280.000000           1          757.9825   
       997:    548310.000000           1          757.9649   
       998:    548340.000000           1          757.9502   
       999:    548370.000000           1          757.9357   
      1000:    548400.000000           1          757.9140   
      1001:    548430.000000           1          757.9032   
      1002:    548460.000000           1          757.8932   
      1003:    548490.000000           1          757.8775   
      1004:    548520.000000           1          757.8613   
      1005:    548550.000000           1          757.8351   
      1006:    548580.000000           1          757.8158   
      1007:    548610.000000           1          757.8086   
      1008:    548640.000000           1          757.8032   
      1009:    548670.000000           1          757.7896   
      1010:    548700.000000           1          140.0385   
      1011:    548730.000000           1          139.9558   
      1012:    548760.000000           1          140.0005   
      1013:    548790.000000           1          139.8983   
      1014:    548820.000000           1          139.8383   
      1015:    548850.000000           1          139.9210   
      1016:    548880.000000           1          140.1223   
      1017:    548910.000000           1          140.2589   
      1018:    548940.000000           1          140.2957   
      1019:    548970.000000           1          140.3165   
      1020:    549000.000000           1          140.3230   
      1021:    549030.000000           1          140.3554   
      1022:    549060.000000           1          140.4050   
      1023:    549090.000000           1          140.4026   
      1024:    549120.000000           1          140.3894   
      1025:    549150.000000           1          140.3673   
      1026:    549180.000000           1          140.3501   
      1027:    549210.000000           1          140.2972   
      1028:    549240.000000           1          140.2651   
      1029:    549270.000000           1          140.1535   
      1030:    549300.000000           1          140.1208   
      1031:    549330.000000           1          140.0912   
      1032:    549360.000000           1          140.0530   
      1033:    549390.000000           1          140.0117   
      1034:    549420.000000           1          139.9704   
      1035:    549450.000000           1          139.8984   
      1036:    549480.000000           1          139.8238   
      1037:    549510.000000           1          139.7600   
      1038:    549540.000000           1          139.6305   
      1039:    549570.000000           1          139.5616   
      1040:    549600.000000           1          139.5546   
      1041:    549630.000000           1          139.5043   
      1042:    549660.000000           1          139.4899   
      1043:    549690.000000           1          139.4623   
      1044:    549720.000000           1          139.4439   
      1045:    549750.000000           1          139.4281   
      1046:    549780.000000           1          139.4179   
      1047:    549810.000000           1          139.4056   
      1048:    549840.000000           1          139.3932   
      1049:    549870.000000           1          139.4163   
      1050:    549900.000000           1          139.4406   
      1051:    549930.000000           1          139.4439   
      1052:    549960.000000           1          139.4239   
      1053:    549990.000000           1          139.4488   
      1054:    550020.000000           1          139.4564   
      1055:    550050.000000           1          139.4513   
      1056:    550080.000000           1          139.4471   
      1057:    550110.000000           1          139.4408   
      1058:    550140.000000           1          139.4225   
      1059:    550170.000000           1          139.3872   
      1060:    550200.000000           1          139.3744   
      1061:    550230.000000           1          139.3599   
      1062:    550260.000000           1          139.3492   
      1063:    550290.000000           1          139.3360   
      1064:    550320.000000           1          139.3206   
      1065:    550350.000000           1          139.3140   
      1066:    550380.000000           1          139.2995   
      1067:    550410.000000           1          139.2909   
      1068:    550440.000000           1          139.3044   
      1069:    550470.000000           1          139.3233   
      1070:    550500.000000           1          139.3080   
      1071:    550530.000000           1          139.2956   
      1072:    550560.000000           1          139.2844   
      1073:    550590.000000           1          139.2749   
      1074:    550620.000000           1          139.2635   
      1075:    550650.000000           1          139.2711   
      1076:    550680.000000           1          139.2740   
      1077:    550710.000000           1          139.2850   
      1078:    550740.000000           1          139.3065   
      1079:    550770.000000           1          139.3311   
      1080:    550800.000000           1          139.3433   
      1081:    550830.000000           1          139.3347   
      1082:    550860.000000           1          139.3250   
      1083:    550890.000000           1          139.3158   
      1084:    550920.000000           1          139.3058   
      1085:    550950.000000           1          139.3081   
      1086:    550980.000000           1          139.3062   
      1087:    551010.000000           1          139.3096   
      1088:    551040.000000           1          139.3072   
      1089:    551070.000000           1          139.3021   
      1090:    551100.000000           1          139.2953   
      1091:    551130.000000           1          139.2794   
      1092:    551160.000000           1          139.2644   
      1093:    551190.000000           1          139.2546   
      1094:    551220.000000           1          139.2386   
      1095:    551250.000000           1          139.2271   
      1096:    551280.000000           1          139.2187   
      1097:    551310.000000           1          139.2016   
      1098:    551340.000000           1          139.1919   
      1099:    551370.000000           1          139.1936   
      1100:    551400.000000           1          139.1935   
      1101:    551430.000000           1          139.1983   
      1102:    551460.000000           1          139.2185   
      1103:    551490.000000           1          139.2463   
      1104:    551520.000000           1          139.2691   
      1105:    551550.000000           1          139.2908   
      1106:    551580.000000           1          139.3003   
      1107:    551610.000000           1          139.3096   
      1108:    551640.000000           1          139.3217   
      1109:    551670.000000           1          139.3397   
      1110:    551700.000000           1          139.3477   
      1111:    551730.000000           1          163.3433   
      1112:    551760.000000           1          139.4319   
      1113:    551790.000000           1          139.3625   
      1114:    551820.000000           1          139.4041   
      1115:    551850.000000           1          139.3856   
      1116:    551880.000000           1          139.3615   
      1117:    551910.000000           1          139.3610   
      1118:    551940.000000           1          139.3545   
      1119:    551970.000000           1          139.3732   
      1120:    552000.000000           1          139.3826   
      1121:    552030.000000           1          139.4010   
      1122:    552060.000000           1          139.4526   
      1123:    552090.000000           1          139.4382   
      1124:    552120.000000           1          139.4341   
      1125:    552150.000000           1          139.4397   
      1126:    552180.000000           1          139.4415   
      1127:    552210.000000           1          139.4519   
      1128:    552240.000000           1          139.4553   
      1129:    552270.000000           1          139.4539   
      1130:    552300.000000           1          139.4575   
      1131:    552330.000000           1          139.4460   
      1132:    552360.000000           1          139.4308   
      1133:    552390.000000           1          139.4102   
      1134:    552420.000000           1          139.3791   
      1135:    552450.000000           1          139.3684   
      1136:    552480.000000           1          139.3495   
      1137:    552510.000000           1          139.3316   
      1138:    552540.000000           1          139.3155   
      1139:    552570.000000           1          139.3094   
      1140:    552600.000000           1          139.3113   
      1141:    552630.000000           1          139.3142   
      1142:    552660.000000           1          139.3006   
      1143:    552690.000000           1          139.2763   
      1144:    552720.000000           1          139.2519   
      1145:    552750.000000           1          139.2393   
      1146:    552780.000000           1          139.2363   
      1147:    552810.000000           1          139.2397   
      1148:    552840.000000           1          139.2398   
      1149:    552870.000000           1          139.2549   
      1150:    552900.000000           1          139.2698   
      1151:    552930.000000           1          139.2882   
      1152:    552960.000000           1          139.3138   
      1153:    552990.000000           1          139.3206   
      1154:    553020.000000           1          139.3278   
      1155:    553050.000000           1          139.3618   
      1156:    553080.000000           1          139.3724   
      1157:    553110.000000           1          139.3755   
      1158:    553140.000000           1          139.3795   
      1159:    553170.000000           1          139.3852   
      1160:    553200.000000           1          139.3892   
      1161:    553230.000000           1          139.4005   
      1162:    553260.000000           1          139.4129   
      1163:    553290.000000           1          139.4272   
      1164:    553320.000000           1          139.4323   
      1165:    553350.000000           1          139.4295   
      1166:    553380.000000           1          139.4120   
      1167:    553410.000000           1          139.4025   
      1168:    553440.000000           1          139.3910   
      1169:    553470.000000           1          139.3839   
      1170:    553500.000000           1          139.3872   
      1171:    553530.000000           1          139.3874   
      1172:    553560.000000           1          139.3892   
      1173:    553590.000000           1          139.3930   
      1174:    553620.000000           1          139.3898   
      1175:    553650.000000           1          139.3913   
      1176:    553680.000000           1          139.3912   
      1177:    553710.000000           1          139.3956   
      1178:    553740.000000           1          139.4036   
      1179:    553770.000000           1          139.4137   
      1180:    553800.000000           1          139.4203   
      1181:    553830.000000           1          139.4251   
      1182:    553860.000000           1          139.4355   
      1183:    553890.000000           1          139.4532   
      1184:    553920.000000           1          139.4511   
      1185:    553950.000000           1          139.4564   
      1186:    553980.000000           1          139.4679   
      1187:    554010.000000           1          139.4795   
      1188:    554040.000000           1          139.4816   
      1189:    554070.000000           1          139.4869   
      1190:    554100.000000           1          139.4931   
      1191:    554130.000000           1          139.5039   
      1192:    554160.000000           1          139.5118   
      1193:    554190.000000           1          139.5259   
      1194:    554220.000000           1          632.0944   
      1195:    554250.000000           1          139.5579   
      1196:    554280.000000           1          139.5619   
      1197:    554310.000000           1          139.5699   
      1198:    554340.000000           1          139.5775   
      1199:    554370.000000           1          139.5843   
      1200:    554400.000000           1          139.5940   
      1201:    554430.000000           1          139.6069   
      1202:    554460.000000           1          139.6192   
      1203:    554490.000000           1          139.6332   
      1204:    554520.000000           1          139.6436   
      1205:    554550.000000           1          139.6578   
      1206:    554580.000000           1          139.6678   
      1207:    554610.000000           1          139.6743   
      1208:    554640.000000           1          139.6846   
      1209:    554670.000000           1          139.6955   
      1210:    554700.000000           1          139.7006   
      1211:    554730.000000           1          139.7079   
      1212:    554760.000000           1          139.7154   
      1213:    554790.000000           1          139.7239   
      1214:    554820.000000           1          139.7335   
      1215:    554850.000000           1          139.7409   
      1216:    554880.000000           1          139.7431   
      1217:    554910.000000           1          139.7465   
      1218:    554940.000000           1          139.7573   
      1219:    554970.000000           1          139.7635   
      1220:    555000.000000           1          139.7714   
      1221:    555030.000000           1          139.7785   
      1222:    555060.000000           1          139.7910   
      1223:    555090.000000           1          139.7971   
      1224:    555120.000000           1          139.8042   
      1225:    555150.000000           1          139.8106   
      1226:    555180.000000           1          632.6252   
      1227:    555210.000000           1          139.8261   
      1228:    555240.000000           1          139.8306   
      1229:    555270.000000           1          139.8459   
      1230:    555300.000000           1          139.8560   
      1231:    555330.000000           1          139.8633   
      1232:    555360.000000           1          139.8729   
      1233:    555390.000000           1          139.8844   
      1234:    555420.000000           1          139.8881   
      1235:    555450.000000           1          139.8762   
      1236:    555480.000000           1          139.8713   
      1237:    555510.000000           1          139.8577   
      1238:    555540.000000           1          139.7953   
      1239:    555570.000000           1          139.7502   
      1240:    555600.000000           1          633.0393   
      1241:    555630.000000           1          633.0571   
      1242:    555660.000000           1          633.0652   
      1243:    555690.000000           1          633.0723   
      1244:    555720.000000           1          633.0758   
      1245:    555750.000000           1          633.0757   
      1246:    555780.000000           1          633.0706   
      1247:    555810.000000           1          633.0622   
      1248:    555840.000000           1          633.0645   
      1249:    555870.000000           1          633.0688   
      1250:    555900.000000           1          633.0772   
      1251:    555930.000000           1          633.0826   
      1252:    555960.000000           1          633.0991   
      1253:    555990.000000           1          633.1178   
      1254:    556020.000000           1          633.1338   
      1255:    556050.000000           1          633.1420   
      1256:    556080.000000           1          633.1316   
      1257:    556110.000000           1          633.1469   
      1258:    556140.000000           1          633.1499   
      1259:    556170.000000           1          633.1653   
      1260:    556200.000000           1          633.1720   
      1261:    556230.000000           1          633.1802   
      1262:    556260.000000           1          633.2012   
      1263:    556290.000000           1          633.2066   
      1264:    556320.000000           1          140.0842   
      1265:    556350.000000           1          140.0974   
      1266:    556380.000000           1          140.1030   
      1267:    556410.000000           1          140.1052   
      1268:    556440.000000           1          633.2671   
      1269:    556470.000000           1          140.1149   
      1270:    556500.000000           1          140.1223   
      1271:    556530.000000           1          140.1287   
      1272:    556560.000000           1          140.1362   
      1273:    556590.000000           1          140.1446   
      1274:    556620.000000           1          140.1495   
      1275:    556650.000000           1          140.1600   
      1276:    556680.000000           1          633.3854   
      1277:    556710.000000           1          633.4001   
      1278:    556740.000000           1          633.4069   
      1279:    556770.000000           1          633.4162   
      1280:    556800.000000           1          163.9167   
      1281:    556830.000000           1          633.4488   
      1282:    556860.000000           1          633.4575   
      1283:    556890.000000           1          633.4662   
      1284:    556920.000000           1          633.4752   
      1285:    556950.000000           1          633.4932   
      1286:    556980.000000           1          633.5054   
      1287:    557010.000000           1          633.5097   
      1288:    557040.000000           1          633.5123   
      1289:    557070.000000           1          633.5202   
      1290:    557100.000000           1          633.5277   
      1291:    557130.000000           1          633.5360   
      1292:    557160.000000           1          633.5468   
      1293:    557190.000000           1          633.5617   
      1294:    557220.000000           1          633.5790   
      1295:    557250.000000           1          633.5980   
      1296:    557280.000000           1          633.6162   
      1297:    557310.000000           1          164.0986   
      1298:    557340.000000           1          633.6650   
      1299:    557370.000000           1          633.6904   
      1300:    557400.000000           1          633.6978   
      1301:    557430.000000           1          140.4475   
      1302:    557460.000000           1          140.4573   
      1303:    557490.000000           1          140.4660   
      1304:    557520.000000           1          140.4747   
      1305:    557550.000000           1          140.4833   
      1306:    557580.000000           1          140.5065   
      1307:    557610.000000           1          140.5294   
      1308:    557640.000000           1          140.5372   
      1309:    557670.000000           1          140.5434   
      1310:    557700.000000           1          140.5499   
      1311:    557730.000000           1          140.5547   
      1312:    557760.000000           1          140.5649   
      1313:    557790.000000           1          633.8258   
      1314:    557820.000000           1          140.5926   
      1315:    557850.000000           1          140.6023   
      1316:    557880.000000           1          164.7877   
      1317:    557910.000000           1          140.6305   
      1318:    557940.000000           1          140.6377   
      1319:    557970.000000           1          140.6538   
      1320:    558000.000000           1          633.9011   
      1321:    558030.000000           1          633.9069   
      1322:    558060.000000           1          633.9195   
      1323:    558090.000000           1          633.9233   
      1324:    558120.000000           1          633.9291   
      1325:    558150.000000           1          633.9327   
      1326:    558180.000000           1          633.9340   
      1327:    558210.000000           1          633.9403   
      1328:    558240.000000           1          633.9472   
      1329:    558270.000000           1          633.9556   
      1330:    558300.000000           1          633.9747   
      1331:    558330.000000           1          633.9955   
      1332:    558360.000000           1          634.0051   
      1333:    558390.000000           1          634.0274   
      1334:    558420.000000           1          634.0435   
      1335:    558450.000000           1          634.0631   
      1336:    558480.000000           1          164.8848   
      1337:    558510.000000           1           -1.0541   
      1338:    558540.000000           1          164.8766   
      1339:    558570.000000           1          164.8795   
      1340:    558600.000000           1          164.8778   
      1341:    558630.000000           1          164.8709   
      1342:    558660.000000           1          164.8641   
      1343:    558690.000000           1          164.8620   
      1344:    558720.000000           1          164.8636   
      1345:    558750.000000           1          164.8060   
      1346:    558780.000000           1          165.1789   
      1347:    558810.000000           1          165.1699   
      1348:    558840.000000           1          165.1558   
      1349:    558870.000000           1          165.1506   
      1350:    558900.000000           1          634.2354   
      1351:    558930.000000           1          634.2327   
      1352:    558960.000000           1          165.1406   
      1353:    558990.000000           1          165.1519   
      1354:    559020.000000           1          165.1585   
      1355:    559050.000000           1          165.1633   
      1356:    559080.000000           1          165.1659   
      1357:    559110.000000           1          165.1665   
      1358:    559140.000000           1          165.1671   
      1359:    559170.000000           1          165.1721   
      1360:    559200.000000           1          634.3484   
      1361:    559230.000000           1          634.3629   
      1362:    559260.000000           1          634.3776   
      1363:    559290.000000           1          634.3869   
      1364:    559320.000000           1          634.4009   
      1365:    559350.000000           1          634.4078   
      1366:    559380.000000           1          634.4152   
      1367:    559410.000000           1          634.4233   
      1368:    559440.000000           1          634.4328   
      1369:    559470.000000           1          634.4391   
      1370:    559500.000000           1          634.4454   
      1371:    559530.000000           1          634.4431   
      1372:    559560.000000           1          634.4423   
      1373:    559590.000000           1          634.4321   
      1374:    559620.000000           1          634.4285   
      1375:    559650.000000           1          634.4249   
      1376:    559680.000000           1          634.4202   
      1377:    559710.000000           1          634.4154   
      1378:    559740.000000           1          634.4055   
      1379:    559770.000000           1          634.3952   
      1380:    559800.000000           1          634.3843   
      1381:    559830.000000           1          634.3766   
      1382:    559860.000000           1          634.3731   
      1383:    559890.000000           1          634.3700   
      1384:    559920.000000           1          141.0783   
      1385:    559950.000000           1          141.0707   
      1386:    559980.000000           1          141.0580   
      1387:    560010.000000           1          141.0478   
      1388:    560040.000000           1          141.0420   
      1389:    560070.000000           1          141.0325   
      1390:    560100.000000           1          141.0293   
      1391:    560130.000000           1          141.0255   
      1392:    560160.000000           1          634.3041   
      1393:    560190.000000           1          141.0086   
      1394:    560220.000000           1          141.0076   
      1395:    560250.000000           1          141.0035   
      1396:    560280.000000           1          140.9993   
      1397:    560310.000000           1          140.9963   
      1398:    560340.000000           1          140.9942   
      1399:    560370.000000           1          140.9916   
      1400:    560400.000000           1          140.9879   
      1401:    560430.000000           1          140.9846   
      1402:    560460.000000           1          140.9782   
      1403:    560490.000000           1          634.2414   
      1404:    560520.000000           1          634.2402   
      1405:    560550.000000           1          634.2367   
      1406:    560580.000000           1          634.2322   
      1407:    560610.000000           1          634.2275   
      1408:    560640.000000           1          634.2232   
      1409:    560670.000000           1          634.2199   
      1410:    560700.000000           1          634.2147   
      1411:    560730.000000           1          634.2103   
      1412:    560760.000000           1          634.2058   
      1413:    560790.000000           1          634.2016   
      1414:    560820.000000           1           -1.0511   
      1415:    560850.000000           1          634.1859   
      1416:    560880.000000           1          634.1796   
      1417:    560910.000000           1          634.1750   
      1418:    560940.000000           1          634.1707   
      1419:    560970.000000           1          634.1669   
      1420:    561000.000000           1          634.1636   
      1421:    561030.000000           1          634.1565   
      1422:    561060.000000           1          634.1455   
      1423:    561090.000000           1          634.1403   
      1424:    561120.000000           1          634.1364   
      1425:    561150.000000           1          634.1319   
      1426:    561180.000000           1          634.1279   
      1427:    561210.000000           1          634.1219   
      1428:    561240.000000           1          634.1158   
      1429:    561270.000000           1          634.1109   
      1430:    561300.000000           1          140.8312   
      1431:    561330.000000           1          140.8235   
      1432:    561360.000000           1          140.8138   
      1433:    561390.000000           1          140.8066   
      1434:    561420.000000           1          140.7967   
      1435:    561450.000000           1          140.7881   
      1436:    561480.000000           1          140.7828   
      1437:    561510.000000           1          140.7805   
      1438:    561540.000000           1          140.7751   
      1439:    561570.000000           1          140.7682   
      1440:    561600.000000           1          634.0478   
      1441:    561630.000000           1          140.7465   
      1442:    561660.000000           1          140.7422   
      1443:    561690.000000           1          140.7332   
      1444:    561720.000000           1          634.0090   
      1445:    561750.000000           1          140.7203   
      1446:    561780.000000           1          633.9937   
      1447:    561810.000000           1          140.7079   
      1448:    561840.000000           1          140.7043   
      1449:    561870.000000           1          140.6898   
      1450:    561900.000000           1          140.6805   
      1451:    561930.000000           1          633.9509   
      1452:    561960.000000           1          140.6643   
      1453:    561990.000000           1          140.6598   
      1454:    562020.000000           1          140.6552   
      1455:    562050.000000           1          140.6441   
      1456:    562080.000000           1          633.9146   
      1457:    562110.000000           1          140.6300   
      1458:    562140.000000           1          140.6251   
      1459:    562170.000000           1          140.6219   
      1460:    562200.000000           1          140.6192   
      1461:    562230.000000           1          140.6130   
      1462:    562260.000000           1          140.6068   
      1463:    562290.000000           1          140.6027   
      1464:    562320.000000           1          140.5988   
      1465:    562350.000000           1          140.5951   
      1466:    562380.000000           1          140.5912   
      1467:    562410.000000           1          140.5864   
      1468:    562440.000000           1          140.5839   
      1469:    562470.000000           1          140.5816   
      1470:    562500.000000           1          140.5757   
      1471:    562530.000000           1          140.5718   
      1472:    562560.000000           1          140.5663   
      1473:    562590.000000           1          633.8178   
      1474:    562620.000000           1          633.8143   
      1475:    562650.000000           1          633.8056   
      1476:    562680.000000           1          633.8032   
      1477:    562710.000000           1          633.7999   
      1478:    562740.000000           1          633.7982   
      1479:    562770.000000           1          633.7951   
      1480:    562800.000000           1          633.7948   
      1481:    562830.000000           1          633.8097   
      1482:    562860.000000           1          633.8155   
      1483:    562890.000000           1          633.8217   
      1484:    562920.000000           1          633.8259   
      1485:    562950.000000           1          633.8303   
      1486:    562980.000000           1          633.8348   
      1487:    563010.000000           1          633.8404   
      1488:    563040.000000           1          633.8466   
      1489:    563070.000000           1          633.8511   
      1490:    563100.000000           1          633.8562   
      1491:    563130.000000           1           -1.3687   
      1492:    563160.000000           1          633.8790   
      1493:    563190.000000           1          633.8869   
      1494:    563220.000000           1          633.8916   
      1495:    563250.000000           1          633.8976   
      1496:    563280.000000           1          633.9138   
      1497:    563310.000000           1          633.9198   
      1498:    563340.000000           1          633.9268   
      1499:    563370.000000           1          633.9323   
      1500:    563400.000000           1          633.9359   
      1501:    563430.000000           1          633.9409   
      1502:    563460.000000           1          140.7047   
      1503:    563490.000000           1          140.7113   
      1504:    563520.000000           1          633.9691   
      1505:    563550.000000           1          140.9661   
      1506:    563580.000000           1          140.8995   
      1507:    563610.000000           1          140.8662   
      1508:    563640.000000           1          140.8565   
      1509:    563670.000000           1          140.7531   
      1510:    563700.000000           1          140.7349   
      1511:    563730.000000           1          140.6665   
      1512:    563760.000000           1          140.5831   
      1513:    563790.000000           1          634.0464   
      1514:    563820.000000           1          634.0518   
      1515:    563850.000000           1          634.0574   
      1516:    563880.000000           1          634.0630   
      1517:    563910.000000           1          634.0669   
      1518:    563940.000000           1          634.0717   
      1519:    563970.000000           1          634.0755   
      1520:    564000.000000           1          634.0802   
      1521:    564030.000000           1          634.0854   
      1522:    564060.000000           1          634.0898   
      1523:    564090.000000           1          634.1014   
      1524:    564120.000000           1          634.1067   
      1525:    564150.000000           1          634.1086   
      1526:    564180.000000           1          634.1106   
      1527:    564210.000000           1          140.3560   
      1528:    564240.000000           1          634.1266   
      1529:    564270.000000           1          140.3667   
      1530:    564300.000000           1          140.3698   
      1531:    564330.000000           1          140.3803   
      1532:    564360.000000           1          140.3878   
      1533:    564390.000000           1          140.3979   
      1534:    564420.000000           1          140.4008   
      1535:    564450.000000           1          140.4066   
      1536:    564480.000000           1          140.4096   
      1537:    564510.000000           1          140.4153   
      1538:    564540.000000           1          140.4183   
      1539:    564570.000000           1          140.4242   
      1540:    564600.000000           1          140.4293   
      1541:    564630.000000           1          140.4344   
      1542:    564660.000000           1          140.4414   
      1543:    564690.000000           1          140.4470   
      1544:    564720.000000           1          140.4555   
      1545:    564750.000000           1          634.2062   
      1546:    564780.000000           1          634.2124   
      1547:    564810.000000           1          634.2168   
      1548:    564840.000000           1          634.2223   
      1549:    564870.000000           1          634.2277   
      1550:    564900.000000           1          634.2384   
      1551:    564930.000000           1          634.2434   
      1552:    564960.000000           1          634.2467   
      1553:    564990.000000           1          634.2501   
      1554:    565020.000000           1          634.2533   
      1555:    565050.000000           1          634.2577   
      1556:    565080.000000           1          634.2606   
      1557:    565110.000000           1          634.2643   
      1558:    565140.000000           1          634.2678   
      1559:    565170.000000           1          634.2744   
      1560:    565200.000000           1          634.2787   
      1561:    565230.000000           1          634.2828   
      1562:    565260.000000           1           56.9933   
      1563:    565290.000000           1           57.0694   
      1564:    565320.000000           1          634.3059   
      1565:    565350.000000           1          634.3105   
      1566:    565380.000000           1          634.3149   
      1567:    565410.000000           1          634.3172   
      1568:    565440.000000           1          634.3200   
