       305:    527550.000000           1          132.3247   
       306:    527580.000000           1          132.3234   
       307:    527610.000000           1          132.3165   
       308:    527640.000000           1          132.3063   
       309:    527670.000000           1          132.2986   
       310:    527700.000000           1          132.2824   
       311:    527730.000000           1          132.2847   
       312:    527760.000000           1          132.2724   
       313:    527790.000000           1          132.2632   
       314:    527820.000000           1          132.2545   
       315:    527850.000000           1          132.2561   
       316:    527880.000000           1          132.2310   
       317:    527910.000000           1          132.2101   
       318:    527940.000000           1          132.1912   
       319:    527970.000000           1          132.1848   
       320:    528000.000000           1          132.1840   
       321:    528030.000000           1          132.1632   
       322:    528060.000000           1          132.1628   
       323:    528090.000000           1          132.1583   
       324:    528120.000000           1          132.1605   
       325:    528150.000000           1          132.1573   
       327:    528210.000000           1          132.1551   
       328:    528240.000000           1          132.1473   
       329:    528270.000000           1          132.1394   
       330:    528300.000000           1          132.1267   
       331:    528330.000000           1          132.1212   
       332:    528360.000000           1          132.1029   
       333:    528390.000000           1          132.0948   
       334:    528420.000000           1          132.0815   
       335:    528450.000000           1          132.0578   
       336:    528480.000000           1          132.0371   
       337:    528510.000000           1          132.0145   
       338:    528540.000000           1          131.9991   
       339:    528570.000000           1          131.9801   
       340:    528600.000000           1          131.9608   
       341:    528630.000000           1          131.9582   
       342:    528660.000000           1          131.9436   
       343:    528690.000000           1          131.9311   
       344:    528720.000000           1          131.9220   
       345:    528750.000000           1          131.9076   
       346:    528780.000000           1          131.8818   
       347:    528810.000000           1          131.8729   
       348:    528840.000000           1          138.2784   
       349:    528870.000000           1          138.1396   
       350:    528900.000000           1          138.0478   
       351:    528930.000000           1          138.0044   
       352:    528960.000000           1          137.9540   
       353:    528990.000000           1          137.9267   
       354:    529020.000000           1          137.8989   
       355:    529050.000000           1          137.8617   
       356:    529080.000000           1          137.8663   
       357:    529110.000000           1          131.7627   
       358:    529140.000000           1          137.4664   
       359:    529170.000000           1          137.4519   
       360:    529200.000000           1          137.5540   
       361:    529230.000000           1          137.5639   
       362:    529260.000000           1          137.5600   
       363:    529290.000000           1          137.5190   
       364:    529320.000000           1          137.5408   
       365:    529350.000000           1          137.5786   
       366:    529380.000000           1          137.6143   
       367:    529410.000000           1          137.6397   
       368:    529440.000000           1          137.6750   
       369:    529470.000000           1          137.7503   
       370:    529500.000000           1          137.7508   
       371:    529530.000000           1          131.7110   
       372:    529560.000000           1          137.4464   
       373:    529590.000000           1          137.5815   
       374:    529620.000000           1          137.5228   
       375:    529650.000000           1          137.4776   
       376:    529680.000000           1          131.6669   
       377:    529710.000000           1          137.6385   
       378:    529740.000000           1          137.5927   
       379:    529770.000000           1          137.5984   
       380:    529800.000000           1          137.6081   
       381:    529830.000000           1          137.5968   
       382:    529860.000000           1          137.6080   
       383:    529890.000000           1          137.6101   
       384:    529920.000000           1          131.5803   
       385:    529950.000000           1          137.8999   
       386:    529980.000000           1          131.5537   
       387:    530010.000000           1          138.1873   
       388:    530040.000000           1          131.5211   
       389:    530070.000000           1          138.2479   
       390:    530100.000000           1          138.1860   
       391:    530130.000000           1          138.0876   
       392:    530160.000000           1          138.0173   
       393:    530190.000000           1          137.9685   
       394:    530220.000000           1          131.4722   
       395:    530250.000000           1          137.9780   
       396:    530280.000000           1          137.9809   
       397:    530310.000000           1          138.0097   
       398:    530340.000000           1          138.0095   
       399:    530370.000000           1          138.0058   
       400:    530400.000000           1          137.9946   
       401:    530430.000000           1          137.9932   
       402:    530460.000000           1          137.9984   
       403:    530490.000000           1          137.9806   
       404:    530520.000000           1          137.9652   
       405:    530550.000000           1          137.9451   
       406:    530580.000000           1          137.9362   
       407:    530610.000000           1          137.9354   
       408:    530640.000000           1          137.9124   
       409:    530670.000000           1          137.9230   
       410:    530700.000000           1          138.0484   
       411:    530730.000000           1          138.0683   
       412:    530760.000000           1          138.1932   
       413:    530790.000000           1          138.0964   
       414:    530820.000000           1          137.9032   
       415:    530850.000000           1          137.8754   
       416:    530880.000000           1          137.8974   
       417:    530910.000000           1          137.8425   
       418:    530940.000000           1          137.9185   
       419:    530970.000000           1          137.7123   
       420:    531000.000000           1          137.6922   
       421:    531030.000000           1          137.6841   
       422:    531060.000000           1          137.7359   
       423:    531090.000000           1          137.7876   
       424:    531120.000000           1          131.4177   
       425:    531150.000000           1          137.2690   
       426:    531180.000000           1          131.4078   
       427:    531210.000000           1          137.3546   
       428:    531240.000000           1          137.4341   
       429:    531270.000000           1          137.5661   
       430:    531300.000000           1          137.6895   
       431:    531330.000000           1          137.7149   
       432:    531360.000000           1          137.7772   
       433:    531390.000000           1          137.7993   
       434:    531420.000000           1          137.8001   
       435:    531450.000000           1          137.8142   
       436:    531480.000000           1          137.8307   
       437:    531510.000000           1          131.3673   
       438:    531540.000000           1          137.9565   
       439:    531570.000000           1          137.9789   
       440:    531600.000000           1          131.3678   
       441:    531630.000000           1          131.3774   
       442:    531660.000000           1          131.3911   
       443:    531690.000000           1          131.3990   
       444:    531720.000000           1          131.3952   
       445:    531750.000000           1          131.4070   
       446:    531780.000000           1          131.4118   
       447:    531810.000000           1          131.4008   
       448:    531840.000000           1          131.4045   
       449:    531870.000000           1          131.4132   
       450:    531900.000000           1          131.4191   
       451:    531930.000000           1          131.4325   
       452:    531960.000000           1          131.4309   
       453:    531990.000000           1          763.0822   
       454:    532020.000000           1          131.4249   
       455:    532050.000000           1          131.4176   
       456:    532080.000000           1          131.4135   
       457:    532110.000000           1          131.4157   
       458:    532140.000000           1          131.4214   
       459:    532170.000000           1          131.4314   
       460:    532200.000000           1          131.4324   
       461:    532230.000000           1          131.4339   
       462:    532260.000000           1          131.4324   
       463:    532290.000000           1          131.4417   
       464:    532320.000000           1          131.4489   
       465:    532350.000000           1          131.4486   
       466:    532380.000000           1          763.0634   
       467:    532410.000000           1          131.4695   
       468:    532440.000000           1          131.4837   
       469:    532470.000000           1          131.4882   
       470:    532500.000000           1          131.4883   
       471:    532530.000000           1          131.4852   
       472:    532560.000000           1          131.4904   
       473:    532590.000000           1          131.4929   
       474:    532620.000000           1          131.5070   
       475:    532650.000000           1          131.5090   
       476:    532680.000000           1          138.0669   
       477:    532710.000000           1          138.0515   
       478:    532740.000000           1          138.0278   
       479:    532770.000000           1          138.0282   
       480:    532800.000000           1          138.0264   
       481:    532830.000000           1          138.0015   
       482:    532860.000000           1          138.0078   
       483:    532890.000000           1          138.0114   
       484:    532920.000000           1          138.0128   
       485:    532950.000000           1          137.9934   
       486:    532980.000000           1          137.9540   
       487:    533010.000000           1          137.9297   
       488:    533040.000000           1          137.9246   
       489:    533070.000000           1          131.5115   
       490:    533100.000000           1          137.6598   
       491:    533130.000000           1          137.8152   
       492:    533160.000000           1          138.0166   
       493:    533190.000000           1          138.0961   
       494:    533220.000000           1          138.0768   
       495:    533250.000000           1          131.5125   
       496:    533280.000000           1          137.9124   
       497:    533310.000000           1          131.5069   
       498:    533340.000000           1          137.8613   
       499:    533370.000000           1          131.5046   
       500:    533400.000000           1          137.8040   
       501:    533430.000000           1          137.8078   
       502:    533460.000000           1          137.8387   
       503:    533490.000000           1          131.5167   
       504:    533520.000000           1          131.5223   
       505:    533550.000000           1          131.5245   
       506:    533580.000000           1          131.5259   
       507:    533610.000000           1          137.9218   
       508:    533640.000000           1          131.5244   
       509:    533670.000000           1          131.5297   
       510:    533700.000000           1          131.5280   
       511:    533730.000000           1          131.5303   
       512:    533760.000000           1          131.5344   
       513:    533790.000000           1          131.5376   
       514:    533820.000000           1          131.5409   
       515:    533850.000000           1          131.5460   
       516:    533880.000000           1          131.5510   
       517:    533910.000000           1          763.0977   
       518:    533940.000000           1          763.1019   
       519:    533970.000000           1          763.1049   
       520:    534000.000000           1          763.1154   
       521:    534030.000000           1          763.1202   
       522:    534060.000000           1          763.1218   
       523:    534090.000000           1          763.1246   
       524:    534120.000000           1          763.1283   
       525:    534150.000000           1          763.1241   
       526:    534180.000000           1          763.1219   
       527:    534210.000000           1          763.1234   
       528:    534240.000000           1          763.1239   
       529:    534270.000000           1          763.1269   
       530:    534300.000000           1          763.1309   
       531:    534330.000000           1          763.1425   
       532:    534360.000000           1          763.1500   
       533:    534390.000000           1          763.1575   
       534:    534420.000000           1          131.6091   
       535:    534450.000000           1          131.6115   
       536:    534480.000000           1          131.6184   
       537:    534510.000000           1          131.6215   
       538:    534540.000000           1          131.6146   
       539:    534570.000000           1          131.6161   
       540:    534600.000000           1          131.6173   
       541:    534630.000000           1          131.6202   
       542:    534660.000000           1          131.6234   
       543:    534690.000000           1          131.6219   
       544:    534720.000000           1          131.6241   
       545:    534750.000000           1          131.6273   
       546:    534780.000000           1          131.6311   
       547:    534810.000000           1          131.6352   
       548:    534840.000000           1          131.6347   
       549:    534870.000000           1          131.6409   
       550:    534900.000000           1          131.6394   
       551:    534930.000000           1          131.6415   
       552:    534960.000000           1          131.6495   
       553:    534990.000000           1          131.6560   
       554:    535020.000000           1          763.2851   
       555:    535050.000000           1          131.6853   
       556:    535080.000000           1          131.6963   
       557:    535110.000000           1          131.7040   
       558:    535140.000000           1          131.7096   
       559:    535170.000000           1          131.7202   
       561:    535230.000000           1          763.3146   
       562:    535260.000000           1          131.7047   
       563:    535290.000000           1          131.7023   
       564:    535320.000000           1          131.7021   
      1134:    552420.000000           1          163.2439   
      1135:    552450.000000           1          163.2433   
      1136:    552480.000000           1          163.2409   
      1137:    552510.000000           1          163.2359   
      1138:    552540.000000           1          163.2331   
      1139:    552570.000000           1          163.2299   
      1140:    552600.000000           1          163.2288   
      1141:    552630.000000           1          163.2282   
      1142:    552660.000000           1          163.2270   
      1143:    552690.000000           1          163.2226   
      1144:    552720.000000           1          163.2195   
      1145:    552750.000000           1          163.2189   
      1146:    552780.000000           1          163.2196   
      1147:    552810.000000           1          163.2201   
      1148:    552840.000000           1          163.2204   
      1149:    552870.000000           1           -2.5201   
      1150:    552900.000000           1          163.4101   
      1151:    552930.000000           1          163.1883   
      1152:    552960.000000           1          163.1810   
      1153:    552990.000000           1          163.1545   
      1154:    553020.000000           1          163.1672   
      1155:    553050.000000           1          630.4307   
      1156:    553080.000000           1          630.5080   
      1157:    553110.000000           1          630.5699   
      1158:    553140.000000           1          630.6514   
      1159:    553170.000000           1          630.7042   
      1160:    553200.000000           1          630.7419   
      1161:    553230.000000           1          630.8115   
      1162:    553260.000000           1          630.9143   
      1164:    553320.000000           1          631.3937   
      1165:    553350.000000           1          631.2518   
      1166:    553380.000000           1          631.1384   
      1167:    553410.000000           1          631.1269   
      1168:    553440.000000           1          631.1160   
      1169:    553470.000000           1          631.1205   
      1170:    553500.000000           1          631.1903   
      1171:    553530.000000           1          631.3168   
      1172:    553560.000000           1          631.3734   
      1173:    553590.000000           1          631.4251   
      1174:    553620.000000           1          631.4759   
      1175:    553650.000000           1          631.5258   
      1176:    553680.000000           1          631.5911   
      1177:    553710.000000           1          631.6253   
      1178:    553740.000000           1          631.6534   
      1179:    553770.000000           1          631.7065   
      1180:    553800.000000           1          631.7555   
      1181:    553830.000000           1          631.7932   
      1182:    553860.000000           1          631.8953   
      1183:    553890.000000           1          163.3115   
      1184:    553920.000000           1          632.3009   
      1185:    553950.000000           1          632.3135   
      1186:    553980.000000           1          632.4048   
      1187:    554010.000000           1          632.4774   
      1188:    554040.000000           1          632.5153   
      1189:    554070.000000           1          632.4994   
      1190:    554100.000000           1          632.4715   
      1191:    554130.000000           1          632.4235   
      1192:    554160.000000           1          632.3791   
      1193:    554190.000000           1          632.2488   
      1194:    554220.000000           1          163.3206   
      1195:    554250.000000           1          631.9803   
      1196:    554280.000000           1          631.9277   
      1197:    554310.000000           1          631.9202   
      1198:    554340.000000           1          631.9115   
      1199:    554370.000000           1          631.9253   
      1200:    554400.000000           1          631.9908   
      1201:    554430.000000           1          632.0512   
      1202:    554460.000000           1          632.0962   
      1203:    554490.000000           1          632.1138   
      1204:    554520.000000           1          632.1126   
      1205:    554550.000000           1          632.1845   
      1206:    554580.000000           1          632.2110   
      1207:    554610.000000           1          632.2309   
      1208:    554640.000000           1          632.2522   
      1209:    554670.000000           1          632.2686   
      1210:    554700.000000           1          632.2868   
      1211:    554730.000000           1          632.2891   
      1212:    554760.000000           1          632.2964   
      1213:    554790.000000           1          632.3038   
      1214:    554820.000000           1          632.3229   
      1215:    554850.000000           1          632.3417   
      1216:    554880.000000           1          632.3557   
      1217:    554910.000000           1          632.3717   
      1218:    554940.000000           1          632.4166   
      1219:    554970.000000           1          632.4385   
      1220:    555000.000000           1          632.4611   
      1221:    555030.000000           1          632.5036   
      1222:    555060.000000           1          632.5366   
      1223:    555090.000000           1          632.5555   
      1224:    555120.000000           1          632.5713   
      1225:    555150.000000           1          632.5865   
      1226:    555180.000000           1          163.5363   
      1227:    555210.000000           1          632.6546   
      1228:    555240.000000           1          632.6641   
      1229:    555270.000000           1          632.6862   
      1230:    555300.000000           1          632.7072   
      1231:    555330.000000           1          632.7230   
      1232:    555360.000000           1          632.7541   
      1233:    555390.000000           1          632.7814   
      1234:    555420.000000           1          632.7964   
      1235:    555450.000000           1          632.8181   
      1236:    555480.000000           1          632.8328   
      1237:    555510.000000           1          632.8593   
      1238:    555540.000000           1          632.9551   
      1239:    555570.000000           1          633.0143   
      1240:    555600.000000           1          163.5638   
      1241:    555630.000000           1          163.5688   
      1242:    555660.000000           1          163.5711   
      1243:    555690.000000           1          163.5717   
      1244:    555720.000000           1          163.5880   
      1245:    555750.000000           1          163.6140   
      1246:    555780.000000           1          163.6451   
      1247:    555810.000000           1          163.6593   
      1248:    555840.000000           1          163.6727   
      1249:    555870.000000           1          163.6797   
      1250:    555900.000000           1          163.6827   
      1251:    555930.000000           1          163.6909   
      1252:    555960.000000           1          163.7039   
      1253:    555990.000000           1          163.7116   
      1254:    556020.000000           1          163.7194   
      1255:    556050.000000           1          163.7279   
      1256:    556080.000000           1          163.7325   
      1257:    556110.000000           1          163.7420   
      1258:    556140.000000           1          163.7613   
      1259:    556170.000000           1          163.7769   
      1260:    556200.000000           1          163.7815   
      1261:    556230.000000           1          163.7892   
      1262:    556260.000000           1          163.7959   
      1263:    556290.000000           1          163.8016   
      1264:    556320.000000           1          633.2198   
      1265:    556350.000000           1          633.2338   
      1266:    556380.000000           1          633.2398   
      1267:    556410.000000           1          633.2460   
      1268:    556440.000000           1          163.8342   
      1269:    556470.000000           1          633.2918   
      1270:    556500.000000           1          633.3033   
      1271:    556530.000000           1          633.3119   
      1272:    556560.000000           1          633.3267   
      1273:    556590.000000           1          633.3426   
      1274:    556620.000000           1          633.3529   
      1275:    556650.000000           1          633.3640   
      1276:    556680.000000           1          163.8862   
      1277:    556710.000000           1          163.8940   
      1278:    556740.000000           1          163.8971   
      1279:    556770.000000           1          163.9010   
      1280:    556800.000000           1           -1.4210   
      1281:    556830.000000           1          163.9270   
      1282:    556860.000000           1          163.9333   
      1283:    556890.000000           1          163.9405   
      1284:    556920.000000           1          163.9477   
      1285:    556950.000000           1          163.9622   
      1286:    556980.000000           1          163.9762   
      1287:    557010.000000           1          163.9857   
      1288:    557040.000000           1          163.9934   
      1289:    557070.000000           1          164.0026   
      1290:    557100.000000           1          164.0120   
      1291:    557130.000000           1          164.0218   
      1292:    557160.000000           1          164.0314   
      1293:    557190.000000           1          164.0411   
      1294:    557220.000000           1          164.0543   
      1295:    557250.000000           1          164.0674   
      1296:    557280.000000           1          164.0794   
      1297:    557310.000000           1           -1.3592   
      1298:    557340.000000           1          164.1137   
      1299:    557370.000000           1          164.1331   
      1300:    557400.000000           1          164.1393   
      1301:    557430.000000           1          633.7015   
      1302:    557460.000000           1          633.7071   
      1303:    557490.000000           1          633.7065   
      1304:    557520.000000           1          633.7073   
      1305:    557550.000000           1          633.7103   
      1306:    557580.000000           1          633.7308   
      1307:    557610.000000           1          633.7558   
      1308:    557640.000000           1          633.7657   
      1309:    557670.000000           1          633.7738   
      1310:    557700.000000           1          633.7809   
      1311:    557730.000000           1          633.7897   
      1312:    557760.000000           1          633.8120   
      1313:    557790.000000           1           -1.2907   
      1314:    557820.000000           1          633.8324   
      1315:    557850.000000           1          633.8396   
      1316:    557880.000000           1           -1.2783   
      1317:    557910.000000           1          633.8588   
      1318:    557940.000000           1          633.8677   
      1319:    557970.000000           1          633.8895   
      1320:    558000.000000           1          164.7280   
      1321:    558030.000000           1          164.7457   
      1322:    558060.000000           1          164.7621   
      1323:    558090.000000           1          164.8027   
      1324:    558120.000000           1          164.8347   
      1325:    558150.000000           1          164.8506   
      1326:    558180.000000           1          164.8558   
      1327:    558210.000000           1          164.8574   
      1328:    558240.000000           1          164.8596   
      1329:    558270.000000           1          164.8564   
      1330:    558300.000000           1          164.8728   
      1331:    558330.000000           1          164.8994   
      1332:    558360.000000           1          164.9074   
      1333:    558390.000000           1          164.9200   
      1334:    558420.000000           1          164.9144   
      1335:    558450.000000           1          164.9048   
      1336:    558480.000000           1           -1.0646   
      1337:    558510.000000           1          838.3280   
      1338:    558540.000000           1           -1.0444   
      1339:    558570.000000           1           -1.0344   
      1340:    558600.000000           1           -1.0316   
      1341:    558630.000000           1           -1.0241   
      1342:    558660.000000           1           -1.0126   
      1343:    558690.000000           1           -1.0021   
      1344:    558720.000000           1           -0.9953   
      1345:    558750.000000           1           -0.9847   
      1346:    558780.000000           1           -1.0126   
      1347:    558810.000000           1           -1.0038   
      1348:    558840.000000           1           -0.9969   
      1349:    558870.000000           1           -0.9879   
      1350:    558900.000000           1          165.1438   
      1351:    558930.000000           1          165.1405   
      1352:    558960.000000           1           -0.9476   
      1353:    558990.000000           1           -0.9447   
      1354:    559020.000000           1           -0.9439   
      1355:    559050.000000           1           -0.9398   
      1356:    559080.000000           1           -0.9356   
      1357:    559110.000000           1           -0.9291   
      1358:    559140.000000           1           -0.9232   
      1359:    559170.000000           1           -0.9039   
      1360:    559200.000000           1          165.1754   
      1361:    559230.000000           1          165.1778   
      1362:    559260.000000           1          165.1833   
      1363:    559290.000000           1          165.1841   
      1364:    559320.000000           1          165.1873   
      1365:    559350.000000           1          165.1851   
      1366:    559380.000000           1          165.1851   
      1367:    559410.000000           1          165.1872   
      1368:    559440.000000           1          165.1907   
      1369:    559470.000000           1          165.1926   
      1370:    559500.000000           1          165.1952   
      1371:    559530.000000           1          165.1875   
      1372:    559560.000000           1          165.1804   
      1373:    559590.000000           1          165.1650   
      1374:    559620.000000           1          165.1579   
      1375:    559650.000000           1          165.1518   
      1376:    559680.000000           1          165.1449   
      1377:    559710.000000           1          165.1379   
      1378:    559740.000000           1          165.1268   
      1379:    559770.000000           1          165.1156   
      1380:    559800.000000           1           -0.8834   
      1381:    559830.000000           1          164.2808   
      1382:    559860.000000           1          164.1745   
      1383:    559890.000000           1          164.1721   
      1384:    559920.000000           1          634.3698   
      1385:    559950.000000           1          634.3620   
      1386:    559980.000000           1          634.3474   
      1387:    560010.000000           1          634.3390   
      1388:    560040.000000           1          634.3344   
      1389:    560070.000000           1          634.3229   
      1390:    560100.000000           1          634.3198   
      1391:    560130.000000           1          634.3151   
      1392:    560160.000000           1           -0.9552   
      1393:    560190.000000           1          634.2923   
      1394:    560220.000000           1          634.2888   
      1395:    560250.000000           1          634.2839   
      1396:    560280.000000           1          634.2789   
      1397:    560310.000000           1          634.2745   
      1398:    560340.000000           1          634.2695   
      1399:    560370.000000           1          634.2639   
      1400:    560400.000000           1          634.2603   
      1401:    560430.000000           1          634.2565   
      1402:    560460.000000           1          634.2495   
      1403:    560490.000000           1           -1.0077   
      1404:    560520.000000           1           -1.0099   
      1405:    560550.000000           1           -1.0151   
      1406:    560580.000000           1           -1.0190   
      1407:    560610.000000           1           -1.0224   
      1408:    560640.000000           1           -1.0253   
      1409:    560670.000000           1           -1.0277   
      1410:    560700.000000           1           -1.0329   
      1411:    560730.000000           1           -1.0370   
      1412:    560760.000000           1           -1.0406   
      1413:    560790.000000           1           -1.0448   
      1414:    560820.000000           1          838.4608   
      1415:    560850.000000           1           -1.0614   
      1416:    560880.000000           1           -1.0673   
      1417:    560910.000000           1           -1.0707   
      1418:    560940.000000           1           -1.0752   
      1419:    560970.000000           1           -1.0775   
      1420:    561000.000000           1           -1.0808   
      1421:    561030.000000           1           -1.0888   
      1422:    561060.000000           1           -1.0984   
      1423:    561090.000000           1           -1.1043   
      1424:    561120.000000           1           -1.1088   
      1425:    561150.000000           1           -1.1134   
      1426:    561180.000000           1           -1.1184   
      1427:    561210.000000           1           -1.1248   
      1428:    561240.000000           1           -1.1308   
      1429:    561270.000000           1           -1.1360   
      1430:    561300.000000           1          634.1062   
      1431:    561330.000000           1          634.0984   
      1432:    561360.000000           1          634.0905   
      1433:    561390.000000           1          634.0857   
      1434:    561420.000000           1          634.0777   
      1435:    561450.000000           1          634.0711   
      1436:    561480.000000           1          634.0687   
      1437:    561510.000000           1          634.0673   
      1438:    561540.000000           1          634.0621   
      1439:    561570.000000           1          634.0573   
      1440:    561600.000000           1           -1.2263   
      1441:    561630.000000           1          634.0337   
      1442:    561660.000000           1          634.0293   
      1443:    561690.000000           1          634.0178   
      1444:    561720.000000           1           -1.2636   
      1445:    561750.000000           1          634.0026   
      1446:    561780.000000           1           -1.2790   
      1447:    561810.000000           1          633.9881   
      1448:    561840.000000           1          633.9832   
      1449:    561870.000000           1          633.9665   
      1450:    561900.000000           1          633.9566   
      1451:    561930.000000           1           -1.3196   
      1452:    561960.000000           1          633.9422   
      1453:    561990.000000           1          633.9378   
      1454:    562020.000000           1          633.9330   
      1455:    562050.000000           1          633.9221   
      1456:    562080.000000           1           -1.3570   
      1457:    562110.000000           1          633.9070   
      1458:    562140.000000           1          633.9018   
      1459:    562170.000000           1          633.8985   
      1460:    562200.000000           1          633.8956   
      1461:    562230.000000           1          633.8881   
      1462:    562260.000000           1          633.8805   
      1463:    562290.000000           1          633.8747   
      1464:    562320.000000           1          633.8686   
      1465:    562350.000000           1          633.8627   
      1466:    562380.000000           1          633.8555   
      1467:    562410.000000           1          633.8486   
      1468:    562440.000000           1          633.8440   
      1469:    562470.000000           1          633.8390   
      1470:    562500.000000           1          633.8322   
      1471:    562530.000000           1          633.8277   
      1472:    562560.000000           1          633.8218   
      1473:    562590.000000           1           -1.4354   
      1474:    562620.000000           1           -1.4383   
      1475:    562650.000000           1           -1.4450   
      1476:    562680.000000           1           -1.4468   
      1477:    562710.000000           1           -1.4497   
      1478:    562740.000000           1           -1.4516   
      1479:    562770.000000           1           -1.4549   
      1480:    562800.000000           1           -1.4547   
      1481:    562830.000000           1           -1.4385   
      1482:    562860.000000           1           -1.4306   
      1483:    562890.000000           1           -1.4248   
      1484:    562920.000000           1           -1.4197   
      1485:    562950.000000           1           -1.4160   
      1486:    562980.000000           1           -1.4108   
      1487:    563010.000000           1           -1.4029   
      1488:    563040.000000           1           -1.3954   
      1489:    563070.000000           1           -1.3889   
      1490:    563100.000000           1           -1.3824   
      1491:    563130.000000           1          838.1479   
      1492:    563160.000000           1           -1.3546   
      1493:    563190.000000           1           -1.3466   
      1494:    563220.000000           1           -1.3418   
      1495:    563250.000000           1           -1.3365   
      1496:    563280.000000           1           -1.3242   
      1497:    563310.000000           1           -1.3193   
      1498:    563340.000000           1           -1.3132   
      1499:    563370.000000           1           -1.3082   
      1500:    563400.000000           1           -1.3045   
      1501:    563430.000000           1           -1.2994   
      1502:    563460.000000           1          633.9468   
      1503:    563490.000000           1          633.9530   
      1504:    563520.000000           1           -1.2746   
      1505:    563550.000000           1          633.9806   
      1506:    563580.000000           1          633.9838   
      1507:    563610.000000           1          633.9913   
      1508:    563640.000000           1          633.9966   
      1509:    563670.000000           1          634.0110   
      1510:    563700.000000           1          634.0162   
      1511:    563730.000000           1          634.0203   
      1512:    563760.000000           1          634.0323   
      1513:    563790.000000           1           -1.2032   
      1514:    563820.000000           1           -1.1989   
      1515:    563850.000000           1           -1.1944   
      1516:    563880.000000           1           -1.1887   
      1517:    563910.000000           1           -1.1850   
      1518:    563940.000000           1           -1.1795   
      1519:    563970.000000           1           -1.1749   
      1520:    564000.000000           1           -1.1694   
      1521:    564030.000000           1           -1.1646   
      1522:    564060.000000           1           -1.1603   
      1523:    564090.000000           1           -1.1502   
      1524:    564120.000000           1           -1.1448   
      1525:    564150.000000           1           -1.1430   
      1526:    564180.000000           1           -1.1403   
      1527:    564210.000000           1          634.1196   
      1528:    564240.000000           1           -1.1232   
      1529:    564270.000000           1          634.1314   
      1530:    564300.000000           1          634.1339   
      1531:    564330.000000           1          634.1393   
      1532:    564360.000000           1          634.1422   
      1533:    564390.000000           1          634.1452   
      1534:    564420.000000           1          634.1479   
      1535:    564450.000000           1          634.1568   
      1536:    564480.000000           1          634.1608   
      1537:    564510.000000           1          634.1650   
      1538:    564540.000000           1          634.1694   
      1539:    564570.000000           1          634.1726   
      1540:    564600.000000           1          634.1760   
      1541:    564630.000000           1          634.1786   
      1542:    564660.000000           1          634.1843   
      1543:    564690.000000           1          634.1906   
      1544:    564720.000000           1          634.1949   
      1545:    564750.000000           1           56.5718   
      1546:    564780.000000           1           56.6441   
      1547:    564810.000000           1           56.6806   
      1548:    564840.000000           1           56.6989   
      1549:    564870.000000           1           56.7257   
      1550:    564900.000000           1           56.7056   
      1551:    564930.000000           1           56.7450   
      1552:    564960.000000           1           56.7270   
      1553:    564990.000000           1           56.7351   
      1554:    565020.000000           1           56.7450   
      1555:    565050.000000           1           56.7993   
      1556:    565080.000000           1           56.8197   
      1557:    565110.000000           1           56.8718   
      1558:    565140.000000           1           56.8764   
      1559:    565170.000000           1           56.8852   
      1560:    565200.000000           1           56.8949   
      1561:    565230.000000           1           56.9277   
      1562:    565260.000000           1           -0.9363   
      1563:    565290.000000           1           -0.9246   
      1564:    565320.000000           1           57.1171   
      1565:    565350.000000           1           57.1373   
      1566:    565380.000000           1           57.1293   
      1567:    565410.000000           1           57.1204   
      1568:    565440.000000           1           57.1209   
      1569:    565470.000000           1          634.3240   
      1570:    565500.000000           1          634.3265   
      1571:    565530.000000           1          634.3288   
      1572:    565560.000000           1          634.3391   
      1573:    565590.000000           1          634.3488   
      1574:    565620.000000           1          634.3558   
      1575:    565650.000000           1           56.8054   
      1576:    565680.000000           1          634.3745   
      1577:    565710.000000           1          634.3787   
      1578:    565740.000000           1          634.3838   
      1579:    565770.000000           1          634.3923   
      1580:    565800.000000           1          634.3976   
      1581:    565830.000000           1          634.4036   
      1582:    565860.000000           1          634.4092   
      1583:    565890.000000           1          634.4173   
      1584:    565920.000000           1          634.4299   
      1585:    565950.000000           1          634.4345   
      1586:    565980.000000           1          634.4383   
      1587:    566010.000000           1          634.4443   
      1588:    566040.000000           1          634.4498   
      1589:    566070.000000           1          634.4538   
      1590:    566100.000000           1          634.4572   
      1591:    566130.000000           1          634.4610   
      1592:    566160.000000           1          634.4634   
      1593:    566190.000000           1          634.4682   
      1594:    566220.000000           1          634.4729   
      1595:    566250.000000           1          634.4777   
      1596:    566280.000000           1          634.4815   
      1597:    566310.000000           1          634.4922   
      1598:    566340.000000           1          634.4987   
      1599:    566370.000000           1           57.4878   
      1600:    566400.000000           1           57.5151   
      1601:    566430.000000           1           57.5660   
      1602:    566460.000000           1           57.6602   
      1603:    566490.000000           1           57.7215   
      1604:    566520.000000           1           57.8440   
      1605:    566550.000000           1           57.9052   
      1606:    566580.000000           1           57.9257   
      1607:    566610.000000           1           57.9409   
      1608:    566640.000000           1           -0.6456   
      1609:    566670.000000           1           57.9013   
      1610:    566700.000000           1           57.8927   
      1611:    566730.000000           1           57.8915   
      1612:    566760.000000           1           57.8821   
      1613:    566790.000000           1           57.8764   
      1614:    566820.000000           1           57.8704   
      1615:    566850.000000           1           -0.5934   
      1616:    566880.000000           1           57.8708   
      1617:    566910.000000           1           57.8641   
      1618:    566940.000000           1           57.8604   
      1619:    566970.000000           1           57.8621   
      1620:    567000.000000           1           57.8744   
      1621:    567030.000000           1           57.8774   
      1622:    567060.000000           1           57.8758   
      1623:    567090.000000           1           57.8734   
      1624:    567120.000000           1           -0.5107   
      1625:    567150.000000           1           57.8912   
      1626:    567180.000000           1           -0.4844   
      1627:    567210.000000           1           57.9611   
      1628:    567240.000000           1           57.9754   
      1629:    567270.000000           1           57.9901   
      1630:    567300.000000           1           57.9986   
      1631:    567330.000000           1           58.0171   
      1632:    567360.000000           1           58.0448   
      1633:    567390.000000           1           -0.4238   
      1634:    567420.000000           1           58.1514   
      1635:    567450.000000           1           58.1715   
      1636:    567480.000000           1           58.1887   
      1637:    567510.000000           1           58.2271   
      1638:    567540.000000           1          634.8387   
      1639:    567570.000000           1          634.8441   
      1640:    567600.000000           1          634.8512   
      1641:    567630.000000           1           58.2589   
      1642:    567660.000000           1          634.8770   
      1643:    567690.000000           1          634.8840   
      1644:    567720.000000           1           58.2540   
      1645:    567750.000000           1           58.2536   
      1646:    567780.000000           1           58.2544   
      1647:    567810.000000           1           58.2558   
      1648:    567840.000000           1           58.2568   
      1649:    567870.000000           1           58.2607   
      1650:    567900.000000           1           58.2637   
      1651:    567930.000000           1           58.2636   
      1652:    567960.000000           1           58.2629   
      1653:    567990.000000           1           58.2665   
      1654:    568020.000000           1           58.2663   
      1655:    568050.000000           1           58.2663   
      1656:    568080.000000           1           58.2692   
      1657:    568110.000000           1           58.2705   
      1658:    568140.000000           1           58.2695   
      1659:    568170.000000           1           58.2690   
      1660:    568200.000000           1           58.2751   
      1661:    568230.000000           1           58.2829   
      1662:    568260.000000           1           58.2895   
      1663:    568290.000000           1           58.2980   
      1664:    568320.000000           1           58.3050   
      1665:    568350.000000           1           58.3094   
      1666:    568380.000000           1           58.3163   
      1667:    568410.000000           1           58.3271   
      1668:    568440.000000           1           58.3341   
      1669:    568470.000000           1          635.1020   
      1670:    568500.000000           1          635.1083   
      1671:    568530.000000           1          635.1156   
      1672:    568560.000000           1          635.1206   
      1673:    568590.000000           1          635.1272   
      1674:    568620.000000           1          635.1406   
      1675:    568650.000000           1          635.1542   
      1676:    568680.000000           1          635.1614   
      1677:    568710.000000           1          635.1671   
      1678:    568740.000000           1          635.1738   
      1679:    568770.000000           1           58.4464   
      1680:    568800.000000           1          635.2089   
      1681:    568830.000000           1           58.4890   
      1682:    568860.000000           1          635.2443   
      1683:    568890.000000           1          635.2505   
      1684:    568920.000000           1          635.2565   
      1685:    568950.000000           1          635.2643   
      1686:    568980.000000           1          635.2719   
      1687:    569010.000000           1          635.2784   
      1688:    569040.000000           1          635.2866   
      1689:    569070.000000           1          635.2939   
      1690:    569100.000000           1           58.5894   
      1691:    569130.000000           1          635.3274   
      1692:    569160.000000           1          635.3315   
      1693:    569190.000000           1          635.2864   
      1694:    569220.000000           1          635.1997   
      1695:    569250.000000           1          635.1416   
      1696:    569280.000000           1          635.1093   
      1697:    569310.000000           1          635.1230   
      1698:    569340.000000           1          635.1585   
      1699:    569370.000000           1          635.1615   
      1700:    569400.000000           1          635.1872   
      1701:    569430.000000           1          635.1865   
      1702:    569460.000000           1          635.2116   
      1703:    569490.000000           1          635.2303   
      1704:    569520.000000           1          635.2385   
      1705:    569550.000000           1          635.2424   
      1706:    569580.000000           1          635.2558   
      1707:    569610.000000           1           58.6980   
      1708:    569640.000000           1           58.7063   
      1709:    569670.000000           1           58.7160   
      1710:    569700.000000           1           58.7234   
      1711:    569730.000000           1            0.2817   
      1712:    569760.000000           1           58.7801   
      1713:    569790.000000           1           58.8059   
      1714:    569820.000000           1           58.8195   
      1715:    569850.000000           1           58.8343   
      1716:    569880.000000           1           58.8498   
      1717:    569910.000000           1           58.8694   
      1718:    569940.000000           1           58.9137   
      1719:    569970.000000           1           58.9275   
      1720:    570000.000000           1           58.9399   
      1721:    570030.000000           1           58.9537   
      1722:    570060.000000           1           58.9680   
      1723:    570090.000000           1           58.9848   
      1724:    570120.000000           1           59.0007   
      1725:    570150.000000           1           59.0161   
      1726:    570180.000000           1           59.0251   
      1727:    570210.000000           1           59.0339   
      1728:    570240.000000           1           59.0429   
      1729:    570270.000000           1           59.0528   
      1730:    570300.000000           1           59.0647   
      1731:    570330.000000           1           59.0780   
      1732:    570360.000000           1           59.0828   
      1733:    570390.000000           1           59.0856   
      1734:    570420.000000           1          635.7513   
      1735:    570450.000000           1          635.7599   
      1736:    570480.000000           1          635.7667   
      1737:    570510.000000           1           59.1120   
      1738:    570540.000000           1          635.8034   
      1739:    570570.000000           1          635.8037   
      1740:    570600.000000           1           59.1533   
      1741:    570630.000000           1          635.8208   
      1742:    570660.000000           1          635.8292   
      1743:    570690.000000           1          635.8395   
      1744:    570720.000000           1          635.8495   
      1745:    570750.000000           1           59.2335   
      1746:    570780.000000           1          635.8932   
      1747:    570810.000000           1          635.9048   
      1748:    570840.000000           1          635.9144   
      1749:    570870.000000           1          635.9213   
      1750:    570900.000000           1          635.9302   
      1751:    570930.000000           1          635.9372   
      1752:    570960.000000           1          635.9462   
      1753:    570990.000000           1          635.9529   
      1754:    571020.000000           1          635.9613   
      1755:    571050.000000           1          635.9688   
      1756:    571080.000000           1          635.9771   
      1757:    571110.000000           1          635.9815   
      1758:    571140.000000           1          635.9852   
      1759:    571170.000000           1          635.9861   
      1760:    571200.000000           1          635.9933   
      1761:    571230.000000           1           59.4486   
      1762:    571260.000000           1          634.4768   
      1763:    571290.000000           1          634.3627   
      1764:    571320.000000           1          634.3502   
      1765:    571350.000000           1          634.3582   
      1766:    571380.000000           1          634.3643   
      1767:    571410.000000           1           59.5371   
      1768:    571440.000000           1          634.2010   
      1769:    571470.000000           1           59.5763   
      1770:    571500.000000           1           59.5972   
      1771:    571530.000000           1           59.6107   
      1772:    571560.000000           1           59.6180   
      1773:    571590.000000           1           59.6390   
      1774:    571620.000000           1           59.6603   
      1775:    571650.000000           1           59.6728   
      1776:    571680.000000           1           59.6829   
      1777:    571710.000000           1           59.6958   
      1778:    571740.000000           1           59.7087   
      1779:    571770.000000           1           59.7203   
      1780:    571800.000000           1           59.7330   
      1781:    571830.000000           1           59.7447   
      1782:    571860.000000           1           59.7571   
      1783:    571890.000000           1           59.7722   
      1784:    571920.000000           1           59.7873   
      1785:    571950.000000           1           59.8024   
      1786:    571980.000000           1           59.8200   
      1787:    572010.000000           1           59.8335   
      1788:    572040.000000           1           59.8479   
      1789:    572070.000000           1           59.8625   
      1790:    572100.000000           1           59.8825   
      1791:    572130.000000           1           59.9191   
      1792:    572160.000000           1           59.9383   
      1793:    572190.000000           1           59.9551   
      1794:    572220.000000           1           59.9719   
      1795:    572250.000000           1           59.9896   
      1796:    572280.000000           1           60.0038   
