         0:    518400.000000           1          472.6858   
         1:    518430.000000           1           89.7289   
         2:    518460.000000           1          488.4792   
         3:    518490.000000           1          486.2425   
         4:    518520.000000           1          489.8893   
         5:    518550.000000           1          492.0980   
         6:    518580.000000           1          494.7734   
         7:    518610.000000           1          502.5729   
         8:    518640.000000           1          507.5362   
         9:    518670.000000           1          510.7811   
        10:    518700.000000           1          513.7806   
        11:    518730.000000           1          517.1880   
        12:    518760.000000           1          520.7499   
        13:    518790.000000           1          524.2970   
        14:    518820.000000           1          527.3837   
        15:    518850.000000           1          530.3974   
        16:    518880.000000           1          533.0272   
        17:    518910.000000           1          535.7891   
        18:    518940.000000           1          537.9079   
        19:    518970.000000           1          130.5030   
        20:    519000.000000           1          541.4278   
        21:    519030.000000           1          542.7482   
        22:    519060.000000           1          544.0863   
        23:    519090.000000           1          124.6172   
        24:    519120.000000           1          123.3138   
        25:    519150.000000           1          546.6396   
        26:    519180.000000           1          547.4876   
        27:    519210.000000           1          548.0612   
        28:    519240.000000           1          548.5038   
        29:    519270.000000           1          549.1409   
        30:    519300.000000           1          549.7696   
        31:    519330.000000           1          550.5318   
        32:    519360.000000           1          551.4300   
        33:    519390.000000           1          552.4974   
        34:    519420.000000           1          552.9424   
        35:    519450.000000           1          553.3118   
        36:    519480.000000           1          553.7738   
        37:    519510.000000           1          554.3015   
        38:    519540.000000           1          554.8406   
        39:    519570.000000           1          555.2355   
        40:    519600.000000           1          555.4288   
        41:    519630.000000           1          555.7661   
        42:    519660.000000           1          555.9709   
        43:    519690.000000           1          556.2137   
        44:    519720.000000           1          556.4084   
        45:    519750.000000           1          556.5882   
        46:    519780.000000           1          556.9048   
        47:    519810.000000           1          557.1833   
        48:    519840.000000           1          557.4710   
        49:    519870.000000           1          557.5975   
        50:    519900.000000           1          109.7132   
        51:    519930.000000           1          558.2131   
        52:    519960.000000           1          109.3681   
        53:    519990.000000           1          109.3237   
        54:    520020.000000           1          109.1679   
        55:    520050.000000           1          109.1048   
        56:    520080.000000           1          109.0369   
        57:    520110.000000           1          109.0153   
        58:    520140.000000           1          108.9510   
        59:    520170.000000           1          108.8500   
        60:    520200.000000           1          108.7918   
        61:    520230.000000           1          108.6130   
        62:    520260.000000           1          108.4838   
        63:    520290.000000           1          108.4192   
        64:    520320.000000           1          558.9856   
        65:    520350.000000           1          108.1455   
        66:    520380.000000           1          108.1118   
        67:    520410.000000           1          108.0493   
        68:    520440.000000           1          108.0656   
        69:    520470.000000           1          107.9920   
        70:    520500.000000           1          107.9256   
        71:    520530.000000           1          107.7753   
        72:    520560.000000           1          107.7280   
        73:    520590.000000           1          107.6678   
        74:    520620.000000           1          107.6258   
        75:    520650.000000           1          107.6368   
        76:    520680.000000           1          107.5976   
        77:    520710.000000           1          107.5874   
        78:    520740.000000           1          107.5361   
        79:    520770.000000           1          107.5627   
        80:    520800.000000           1          107.5804   
        81:    520830.000000           1          107.6343   
        82:    520860.000000           1          560.8964   
        83:    520890.000000           1          107.7412   
        84:    520920.000000           1          107.7682   
        85:    520950.000000           1          107.7548   
        86:    520980.000000           1          107.8127   
        87:    521010.000000           1          107.8058   
        88:    521040.000000           1          107.8123   
        89:    521070.000000           1          107.8222   
        90:    521100.000000           1          107.8219   
        91:    521130.000000           1          107.8513   
        92:    521160.000000           1          561.7827   
        93:    521190.000000           1          107.8669   
        94:    521220.000000           1          107.8868   
        95:    521250.000000           1          107.8914   
        96:    521280.000000           1          107.8851   
        97:    521310.000000           1          107.8742   
        98:    521340.000000           1          107.8978   
        99:    521370.000000           1          107.8695   
       100:    521400.000000           1          107.8769   
       101:    521430.000000           1          107.8981   
       102:    521460.000000           1          107.9532   
       103:    521490.000000           1          562.6815   
       104:    521520.000000           1          108.1096   
       105:    521550.000000           1          108.1998   
       106:    521580.000000           1          108.2515   
       107:    521610.000000           1          108.3985   
       108:    521640.000000           1          108.4134   
       109:    521670.000000           1          108.4634   
       110:    521700.000000           1          108.4921   
       111:    521730.000000           1          108.5334   
       112:    521760.000000           1          108.5837   
       113:    521790.000000           1          108.7510   
       114:    521820.000000           1          108.8302   
       115:    521850.000000           1          108.9315   
       116:    521880.000000           1          108.9823   
       117:    521910.000000           1          108.9773   
       118:    521940.000000           1          565.1373   
       119:    521970.000000           1          109.4322   
       120:    522000.000000           1          109.3171   
       121:    522030.000000           1          109.2577   
       122:    522060.000000           1          109.2957   
       123:    522090.000000           1          109.3640   
       124:    522120.000000           1          109.4200   
       125:    522150.000000           1          109.4582   
       126:    522180.000000           1          109.5023   
       127:    522210.000000           1          565.8087   
       128:    522240.000000           1          109.8540   
       129:    522270.000000           1          109.9628   
       130:    522300.000000           1          109.9191   
       131:    522330.000000           1          566.2264   
       132:    522360.000000           1          109.7005   
       133:    522390.000000           1          109.7766   
       134:    522420.000000           1          109.8032   
       135:    522450.000000           1          109.8702   
       136:    522480.000000           1          566.4779   
       137:    522510.000000           1          566.5540   
       138:    522540.000000           1          131.9635   
       139:    522570.000000           1          131.9772   
       140:    522600.000000           1          131.9818   
       141:    522630.000000           1          131.9872   
       142:    522660.000000           1          132.0410   
       143:    522690.000000           1          132.0887   
       144:    522720.000000           1          132.1508   
       145:    522750.000000           1          132.2014   
       146:    522780.000000           1          132.2209   
       147:    522810.000000           1          132.2141   
       148:    522840.000000           1          132.2295   
       149:    522870.000000           1          132.2377   
       150:    522900.000000           1          132.2051   
       151:    522930.000000           1          132.1852   
       152:    522960.000000           1          132.1856   
       153:    522990.000000           1          132.1707   
       154:    523020.000000           1          132.1715   
       155:    523050.000000           1          132.1588   
       156:    523080.000000           1          132.1464   
       157:    523110.000000           1          132.1145   
       158:    523140.000000           1          132.0834   
       804:    542520.000000           1          761.3208   
       805:    542550.000000           1          761.3055   
       806:    542580.000000           1          761.2854   
       807:    542610.000000           1          761.2673   
       808:    542640.000000           1          761.2526   
       809:    542670.000000           1          761.2329   
       810:    542700.000000           1          761.2181   
       811:    542730.000000           1          761.2039   
       812:    542760.000000           1          761.1917   
       813:    542790.000000           1          761.1786   
       814:    542820.000000           1          761.1682   
       815:    542850.000000           1          168.0274   
       816:    542880.000000           1          761.1232   
       817:    542910.000000           1          761.1096   
       818:    542940.000000           1          761.0956   
       819:    542970.000000           1          167.9475   
       820:    543000.000000           1          761.0548   
       821:    543030.000000           1          761.0454   
       822:    543060.000000           1          761.0319   
       823:    543090.000000           1          167.8807   
       824:    543120.000000           1          167.8637   
       825:    543150.000000           1          167.8507   
       826:    543180.000000           1          167.8373   
       827:    543210.000000           1          167.8188   
       828:    543240.000000           1          167.8058   
       829:    543270.000000           1          167.7928   
       830:    543300.000000           1          167.7672   
       831:    543330.000000           1          167.7534   
       832:    543360.000000           1          167.7368   
       833:    543390.000000           1          167.7246   
       834:    543420.000000           1          167.7087   
       835:    543450.000000           1          167.6975   
       836:    543480.000000           1          167.6850   
       837:    543510.000000           1          167.6758   
       838:    543540.000000           1          167.6692   
       839:    543570.000000           1          167.6571   
       840:    543600.000000           1          167.6451   
       841:    543630.000000           1          167.6305   
       842:    543660.000000           1          167.6192   
       843:    543690.000000           1          167.6092   
       844:    543720.000000           1          167.5956   
       845:    543750.000000           1          167.5837   
       846:    543780.000000           1          167.5733   
       847:    543810.000000           1          167.5487   
       848:    543840.000000           1          167.5386   
       849:    543870.000000           1          167.5259   
       850:    543900.000000           1          167.5144   
       851:    543930.000000           1          167.5008   
       852:    543960.000000           1          760.6566   
       853:    543990.000000           1          760.6371   
       854:    544020.000000           1          760.6190   
       855:    544050.000000           1          760.5950   
       856:    544080.000000           1          760.5857   
       857:    544110.000000           1          760.5743   
       858:    544140.000000           1          760.5617   
       859:    544170.000000           1          760.5506   
       860:    544200.000000           1          760.5355   
       861:    544230.000000           1          760.5212   
       862:    544260.000000           1          760.4971   
       863:    544290.000000           1          760.4790   
       864:    544320.000000           1          760.4555   
       865:    544350.000000           1          760.4403   
       866:    544380.000000           1          760.4256   
       867:    544410.000000           1          760.4165   
       868:    544440.000000           1          760.4077   
       869:    544470.000000           1          760.3963   
       870:    544500.000000           1          760.3730   
       871:    544530.000000           1          760.3492   
       872:    544560.000000           1          760.3211   
       873:    544590.000000           1          760.3059   
       874:    544620.000000           1          760.2771   
       875:    544650.000000           1          760.2522   
       876:    544680.000000           1          760.2393   
       877:    544710.000000           1          760.2130   
       878:    544740.000000           1          760.1854   
       879:    544770.000000           1          760.1710   
       880:    544800.000000           1          760.1456   
       881:    544830.000000           1          760.1296   
       882:    544860.000000           1          760.1060   
       883:    544890.000000           1          760.0912   
       884:    544920.000000           1          166.9302   
       885:    544950.000000           1          166.9202   
       886:    544980.000000           1          166.9057   
       887:    545010.000000           1          166.8933   
       888:    545040.000000           1          166.8838   
       889:    545070.000000           1          166.8715   
       890:    545100.000000           1          166.8594   
       891:    545130.000000           1          166.8462   
       892:    545160.000000           1          166.8202   
       893:    545190.000000           1          166.7980   
       894:    545220.000000           1          166.7796   
       895:    545250.000000           1          166.7690   
       896:    545280.000000           1          166.7574   
       897:    545310.000000           1          166.7466   
       898:    545340.000000           1          166.7326   
       899:    545370.000000           1          166.7210   
       900:    545400.000000           1          166.6970   
       901:    545430.000000           1          166.6873   
       902:    545460.000000           1          166.6744   
       903:    545490.000000           1          166.6611   
       904:    545520.000000           1          166.6518   
       905:    545550.000000           1          166.6425   
       906:    545580.000000           1          166.6223   
       907:    545610.000000           1          166.5939   
       908:    545640.000000           1          166.5784   
       909:    545670.000000           1          166.5463   
       910:    545700.000000           1          759.6814   
       911:    545730.000000           1          759.6484   
       912:    545760.000000           1          166.4563   
       913:    545790.000000           1          759.4852   
       914:    545820.000000           1          759.6767   
       915:    545850.000000           1          759.6249   
       916:    545880.000000           1          759.4925   
       917:    545910.000000           1          166.3462   
       918:    545940.000000           1          759.4478   
       919:    545970.000000           1          759.4470   
       920:    546000.000000           1          759.4317   
       921:    546030.000000           1          759.4224   
       922:    546060.000000           1          759.4128   
       923:    546090.000000           1          759.3937   
       924:    546120.000000           1          759.3600   
       925:    546150.000000           1          759.3397   
       926:    546180.000000           1          166.1225   
       927:    546210.000000           1          759.3328   
       928:    546240.000000           1          759.3217   
       929:    546270.000000           1          759.2995   
       930:    546300.000000           1          759.2820   
       931:    546330.000000           1          759.2516   
       932:    546360.000000           1          759.2429   
       933:    546390.000000           1          165.9523   
       934:    546420.000000           1          759.2448   
       935:    546450.000000           1          759.2383   
       936:    546480.000000           1          759.2283   
       937:    546510.000000           1          759.1874   
       938:    546540.000000           1          759.1599   
       939:    546570.000000           1          759.1394   
       940:    546600.000000           1          759.1268   
       941:    546630.000000           1          759.1093   
       942:    546660.000000           1          165.7455   
       943:    546690.000000           1          758.2009   
       944:    546720.000000           1          758.2293   
       945:    546750.000000           1          758.3226   
       946:    546780.000000           1          165.6541   
       947:    546810.000000           1          758.7032   
       948:    546840.000000           1          758.5766   
       949:    546870.000000           1          758.5701   
       950:    546900.000000           1          758.6763   
       951:    546930.000000           1          758.6944   
       952:    546960.000000           1          758.7157   
       953:    546990.000000           1          758.7301   
      2016:    578880.000000           1          188.0018   
      2017:    578910.000000           1          188.0082   
      2018:    578940.000000           1          188.0146   
      2019:    578970.000000           1          188.0232   
      2020:    579000.000000           1          188.0349   
      2021:    579030.000000           1          188.0455   
      2022:    579060.000000           1         -159.0879   
      2023:    579090.000000           1          188.0905   
      2024:    579120.000000           1          188.1067   
      2025:    579150.000000           1         -159.0186   
      2026:    579180.000000           1          188.1713   
      2027:    579210.000000           1          188.1881   
      2028:    579240.000000           1         -158.9398   
      2029:    579270.000000           1          188.2411   
      2030:    579300.000000           1          188.2526   
      2031:    579330.000000           1          158.5299   
      2032:    579360.000000           1          188.3113   
      2033:    579390.000000           1          158.5840   
      2034:    579420.000000           1          188.3950   
      2035:    579450.000000           1          158.6419   
      2036:    579480.000000           1          158.6474   
      2037:    579510.000000           1          188.4788   
      2038:    579540.000000           1          158.6802   
      2039:    579570.000000           1          158.6925   
      2040:    579600.000000           1          188.5351   
      2041:    579630.000000           1          188.5449   
      2042:    579660.000000           1         -158.7321   
      2043:    579690.000000           1         -158.7249   
      2044:    579720.000000           1         -158.7135   
      2045:    579750.000000           1         -158.7028   
      2046:    579780.000000           1         -158.6959   
      2047:    579810.000000           1         -158.6901   
      2048:    579840.000000           1         -158.6880   
      2049:    579870.000000           1         -158.6837   
      2050:    579900.000000           1         -158.6726   
      2051:    579930.000000           1         -158.6487   
      2052:    579960.000000           1         -158.6396   
      2053:    579990.000000           1          188.6843   
      2054:    580020.000000           1         -158.6089   
      2055:    580050.000000           1          188.7200   
      2056:    580080.000000           1          188.7271   
      2057:    580110.000000           1          114.1550   
      2058:    580140.000000           1          114.2462   
      2059:    580170.000000           1          114.4746   
      2060:    580200.000000           1           81.0876   
      2061:    580230.000000           1          114.8289   
      2062:    580260.000000           1           81.1191   
      2063:    580290.000000           1          115.0896   
      2064:    580320.000000           1           81.1475   
      2065:    580350.000000           1           81.1670   
      2066:    580380.000000           1           81.1858   
      2067:    580410.000000           1           81.2048   
      2068:    580440.000000           1           81.2268   
      2069:    580470.000000           1           81.2359   
      2070:    580500.000000           1          116.3154   
      2071:    580530.000000           1          188.9629   
      2072:    580560.000000           1          116.1968   
      2073:    580590.000000           1          188.9835   
      2074:    580620.000000           1          116.1741   
      2075:    580650.000000           1          116.1855   
      2076:    580680.000000           1          116.1623   
      2077:    580710.000000           1           81.3462   
      2078:    580740.000000           1           81.3545   
      2079:    580770.000000           1           81.3640   
      2080:    580800.000000           1          116.0791   
      2081:    580830.000000           1          116.0927   
      2082:    580860.000000           1          189.0581   
      2083:    580890.000000           1          116.1553   
      2084:    580920.000000           1          116.1584   
      2085:    580950.000000           1          116.1370   
      2086:    580980.000000           1          189.1231   
      2087:    581010.000000           1          189.1456   
      2088:    581040.000000           1          189.1552   
      2089:    581070.000000           1          189.1642   
      2090:    581100.000000           1          189.1852   
      2091:    581130.000000           1          189.2028   
      2092:    581160.000000           1          189.2109   
      2093:    581190.000000           1          189.2186   
      2094:    581220.000000           1          189.2290   
      2095:    581250.000000           1         -158.0910   
      2096:    581280.000000           1          189.2652   
      2097:    581310.000000           1          189.2725   
      2098:    581340.000000           1          189.2803   
      2099:    581370.000000           1          189.2873   
      2100:    581400.000000           1          189.2965   
      2101:    581430.000000           1          189.3059   
      2102:    581460.000000           1          189.3143   
      2103:    581490.000000           1          189.3302   
      2104:    581520.000000           1          189.3348   
      2105:    581550.000000           1          189.3394   
      2106:    581580.000000           1          189.3467   
      2107:    581610.000000           1          189.3556   
      2108:    581640.000000           1          189.3669   
      2109:    581670.000000           1          189.3747   
      2110:    581700.000000           1          189.3841   
      2111:    581730.000000           1         -157.9420   
      2112:    581760.000000           1          189.4212   
      2113:    581790.000000           1          189.4367   
      2114:    581820.000000           1          189.4437   
      2115:    581850.000000           1          189.4527   
      2116:    581880.000000           1          189.4607   
      2117:    581910.000000           1          116.1521   
      2118:    581940.000000           1          189.4904   
      2119:    581970.000000           1          116.2038   
      2120:    582000.000000           1          189.5273   
      2121:    582030.000000           1          116.2363   
      2122:    582060.000000           1          116.2313   
      2123:    582090.000000           1          189.5622   
      2124:    582120.000000           1          189.5686   
      2125:    582150.000000           1          189.5761   
      2126:    582180.000000           1          189.5844   
      2127:    582210.000000           1          189.6029   
      2128:    582240.000000           1         -157.7042   
      2129:    582270.000000           1          189.6419   
      2130:    582300.000000           1          189.6606   
      2131:    582330.000000           1         -157.6509   
      2132:    582360.000000           1         -157.6373   
      2133:    582390.000000           1         -157.6272   
      2134:    582420.000000           1         -157.6184   
      2135:    582450.000000           1         -157.6077   
      2136:    582480.000000           1         -157.5964   
      2137:    582510.000000           1         -157.5835   
      2138:    582540.000000           1         -157.5719   
      2139:    582570.000000           1         -157.5607   
      2140:    582600.000000           1         -157.5520   
      2141:    582630.000000           1         -157.5433   
      2142:    582660.000000           1         -157.5341   
      2143:    582690.000000           1         -157.5226   
      2144:    582720.000000           1         -157.5101   
      2145:    582750.000000           1         -157.5007   
      2146:    582780.000000           1         -157.4816   
      2147:    582810.000000           1         -157.4624   
      2148:    582840.000000           1         -157.4527   
      2149:    582870.000000           1         -157.4416   
      2150:    582900.000000           1         -157.4319   
      2151:    582930.000000           1         -157.4199   
      2152:    582960.000000           1          189.8879   
      2153:    582990.000000           1         -157.3998   
      2154:    583020.000000           1         -157.3907   
      2155:    583050.000000           1         -157.3808   
      2156:    583080.000000           1         -157.3707   
      2157:    583110.000000           1         -157.3629   
      2158:    583140.000000           1         -157.3413   
      2159:    583170.000000           1         -157.3196   
      2160:    583200.000000           1         -157.3094   
      2161:    583230.000000           1         -157.2978   
      2162:    583260.000000           1        -1023.1160   
      2163:    583290.000000           1          114.3882   
      2164:    583320.000000           1          114.4013   
      2165:    583350.000000           1         -157.2172   
      2166:    583380.000000           1         -157.2052   
      2167:    583410.000000           1         -157.1933   
      2168:    583440.000000           1         -157.1812   
      2169:    583470.000000           1         -157.1697   
      2170:    583500.000000           1         -157.1584   
      2171:    583530.000000           1         -157.1479   
      2172:    583560.000000           1          190.1698   
      2173:    583590.000000           1          190.1840   
      2174:    583620.000000           1          190.1959   
      2175:    583650.000000           1          190.2069   
      2176:    583680.000000           1          190.2194   
      2177:    583710.000000           1          190.2327   
      2178:    583740.000000           1         -157.0698   
      2179:    583770.000000           1          190.2828   
      2180:    583800.000000           1          190.2943   
      2181:    583830.000000           1          190.3054   
      2182:    583860.000000           1         -157.0076   
      2183:    583890.000000           1          190.3544   
      2184:    583920.000000           1          190.3678   
      2185:    583950.000000           1          190.3902   
      2186:    583980.000000           1          190.4140   
      2187:    584010.000000           1          190.4257   
      2188:    584040.000000           1          190.4384   
      2189:    584070.000000           1          190.4490   
      2190:    584100.000000           1          190.4596   
      2191:    584130.000000           1          190.4701   
      2192:    584160.000000           1          190.4810   
      2193:    584190.000000           1          190.4920   
      2194:    584220.000000           1          190.5009   
      2195:    584250.000000           1          190.5098   
      2196:    584280.000000           1         -156.8066   
      2197:    584310.000000           1         -156.7962   
      2198:    584340.000000           1          114.8834   
      2199:    584370.000000           1         -156.7562   
      2200:    584400.000000           1         -156.7445   
      2201:    584430.000000           1         -156.7224   
      2202:    584460.000000           1         -156.7115   
      2203:    584490.000000           1         -156.6989   
      2204:    584520.000000           1          114.9731   
      2205:    584550.000000           1         -156.6545   
      2206:    584580.000000           1         -156.6423   
      2207:    584610.000000           1         -156.6303   
      2208:    584640.000000           1         -156.6179   
      2209:    584670.000000           1          115.0355   
      2210:    584700.000000           1          115.0456   
      2211:    584730.000000           1          115.0561   
      2212:    584760.000000           1          115.0657   
      2213:    584790.000000           1          115.0857   
      2214:    584820.000000           1          115.1058   
      2215:    584850.000000           1         -156.5291   
      2216:    584880.000000           1          115.1278   
      2217:    584910.000000           1          115.1485   
      2218:    584940.000000           1          115.1596   
      2219:    584970.000000           1          115.1699   
      2220:    585000.000000           1          115.1802   
      2221:    585030.000000           1          115.1906   
      2222:    585060.000000           1          115.2007   
      2223:    585090.000000           1          115.2114   
      2224:    585120.000000           1          115.2221   
      2225:    585150.000000           1          115.2426   
      2226:    585180.000000           1        -1022.3357   
      2227:    585210.000000           1        -1022.3266   
      2228:    585240.000000           1        -1022.3139   
      2229:    585270.000000           1        -1022.3008   
      2230:    585300.000000           1        -1022.2889   
      2231:    585330.000000           1          115.3098   
      2232:    585360.000000           1          115.3217   
      2233:    585390.000000           1          115.3330   
      2234:    585420.000000           1          115.3558   
      2235:    585450.000000           1          115.3807   
      2236:    585480.000000           1          115.3921   
      2237:    585510.000000           1          115.4050   
      2238:    585540.000000           1        -1022.1441   
      2239:    585570.000000           1        -1022.1243   
      2240:    585600.000000           1        -1022.1112   
      2241:    585630.000000           1        -1022.0989   
      2242:    585660.000000           1          133.7083   
      2243:    585690.000000           1        -1022.0559   
      2244:    585720.000000           1        -1022.0415   
      2245:    585750.000000           1          133.7834   
      2246:    585780.000000           1        -1021.9702   
      2247:    585810.000000           1          115.4784   
      2248:    585840.000000           1          115.5083   
      2249:    585870.000000           1          115.5225   
      2250:    585900.000000           1          115.5246   
      2251:    585930.000000           1          115.5805   
      2252:    585960.000000           1          115.6046   
      2253:    585990.000000           1          115.6189   
      2254:    586020.000000           1          115.6135   
      2255:    586050.000000           1          115.6206   
      2256:    586080.000000           1          115.6226   
      2257:    586110.000000           1          115.6534   
      2258:    586140.000000           1          115.6603   
      2259:    586170.000000           1        -1021.7112   
      2260:    586200.000000           1          134.0422   
      2261:    586230.000000           1        -1021.2856   
      2262:    586260.000000           1        -1021.1283   
      2263:    586290.000000           1        -1021.1601   
      2264:    586320.000000           1        -1021.1644   
      2265:    586350.000000           1        -1021.1963   
      2266:    586380.000000           1        -1021.1864   
      2267:    586410.000000           1        -1021.2640   
      2268:    586440.000000           1        -1021.2721   
      2269:    586470.000000           1        -1021.3153   
      2270:    586500.000000           1          134.2024   
      2271:    586530.000000           1          116.1291   
      2272:    586560.000000           1          116.1249   
      2273:    586590.000000           1          116.1425   
      2274:    586620.000000           1          116.1633   
      2275:    586650.000000           1          116.2037   
      2276:    586680.000000           1          116.2301   
      2277:    586710.000000           1         -155.5829   
      2278:    586740.000000           1         -155.5714   
      2279:    586770.000000           1         -155.5596   
      2280:    586800.000000           1          116.3691   
      2281:    586830.000000           1         -155.5105   
      2282:    586860.000000           1         -155.4982   
      2283:    586890.000000           1          191.8457   
      2284:    586920.000000           1          191.8587   
      2285:    586950.000000           1         -155.4513   
      2286:    586980.000000           1          191.9095   
      2287:    587010.000000           1          191.9227   
      2288:    587040.000000           1          118.6696   
      2289:    587070.000000           1          118.6809   
      2290:    587100.000000           1          191.9862   
      2291:    587130.000000           1          462.6103   
      2292:    587160.000000           1          462.6630   
      2293:    587190.000000           1          118.7612   
      2294:    587220.000000           1          462.7804   
      2295:    587250.000000           1          118.8154   
      2296:    587280.000000           1          462.7894   
      2297:    587310.000000           1          462.8118   
      2298:    587340.000000           1          462.8402   
      2299:    587370.000000           1          462.8529   
      2300:    587400.000000           1          118.9118   
      2301:    587430.000000           1          192.1912   
      2302:    587460.000000           1          463.0071   
      2303:    587490.000000           1          463.0315   
      2304:    587520.000000           1          463.0721   
      2305:    587550.000000           1          463.0981   
      2306:    587580.000000           1          118.9901   
      2307:    587610.000000           1          119.0124   
      2308:    587640.000000           1          463.2329   
      2309:    587670.000000           1          463.2479   
      2310:    587700.000000           1          463.2533   
      2311:    587730.000000           1          463.2836   
      2312:    587760.000000           1          463.3115   
      2313:    587790.000000           1          119.1190   
      2314:    587820.000000           1          463.4507   
      2315:    587850.000000           1          463.4971   
      2316:    587880.000000           1          119.1875   
      2317:    587910.000000           1          119.2034   
      2318:    587940.000000           1          119.2169   
      2319:    587970.000000           1          192.4898   
      2320:    588000.000000           1          119.2601   
      2321:    588030.000000           1          119.2678   
      2322:    588060.000000           1          192.5516   
      2323:    588090.000000           1         -154.7921   
      2324:    588120.000000           1         -154.7707   
      2325:    588150.000000           1          192.6266   
      2326:    588180.000000           1          192.6392   
      2327:    588210.000000           1          192.6506   
      2328:    588240.000000           1          192.6644   
      2329:    588270.000000           1          192.6873   
      2330:    588300.000000           1          192.7084   
      2331:    588330.000000           1          192.7191   
      2332:    588360.000000           1          192.7308   
      2333:    588390.000000           1          192.7421   
      2334:    588420.000000           1          192.7538   
      2335:    588450.000000           1         -154.6122   
      2336:    588480.000000           1          192.7940   
      2337:    588510.000000           1          192.8042   
      2338:    588540.000000           1         -154.5704   
      2339:    588570.000000           1         -154.5599   
      2340:    588600.000000           1          192.8339   
      2341:    588630.000000           1          192.8440   
      2342:    588660.000000           1         -154.5294   
      2343:    588690.000000           1         -154.5195   
      2344:    588720.000000           1         -154.5104   
      2345:    588750.000000           1         -154.5003   
      2346:    588780.000000           1          192.8984   
      2347:    588810.000000           1          192.9075   
      2348:    588840.000000           1          192.9177   
      2349:    588870.000000           1          119.6469   
      2350:    588900.000000           1          119.6575   
      2351:    588930.000000           1          192.9578   
      2352:    588960.000000           1          119.6902   
      2353:    588990.000000           1          119.6996   
      2354:    589020.000000           1          193.0054   
      2355:    589050.000000           1          119.7307   
      2356:    589080.000000           1          193.0419   
      2357:    589110.000000           1          193.0610   
      2358:    589140.000000           1          119.7880   
      2359:    589170.000000           1          119.7962   
      2360:    589200.000000           1          119.8112   
      2361:    589230.000000           1          193.1185   
      2362:    589260.000000           1          193.1352   
      2363:    589290.000000           1          119.8626   
      2364:    589320.000000           1          119.8725   
      2365:    589350.000000           1          119.8818   
      2366:    589380.000000           1          119.8893   
      2367:    589410.000000           1          119.8994   
      2368:    589440.000000           1          119.9120   
      2369:    589470.000000           1          119.9229   
      2370:    589500.000000           1          119.9386   
      2371:    589530.000000           1          193.2386   
      2372:    589560.000000           1            8.6180   
      2373:    589590.000000           1            8.3846   
      2374:    589620.000000           1            8.2569   
      2375:    589650.000000           1          119.9653   
      2376:    589680.000000           1            8.2644   
      2377:    589710.000000           1            8.2644   
      2378:    589740.000000           1            8.2385   
      2379:    589770.000000           1          464.8564   
      2380:    589800.000000           1          120.0052   
      2381:    589830.000000           1          464.8876   
      2382:    589860.000000           1            8.1897   
      2383:    589890.000000           1          464.9042   
      2384:    589920.000000           1            8.1248   
      2385:    589950.000000           1          464.9217   
      2386:    589980.000000           1          120.0740   
      2387:    590010.000000           1            8.1370   
      2388:    590040.000000           1            8.1685   
      2389:    590070.000000           1            8.1758   
      2390:    590100.000000           1          120.1371   
      2391:    590130.000000           1            8.2175   
      2392:    590160.000000           1            8.2397   
      2393:    590190.000000           1          465.0240   
      2394:    590220.000000           1          465.0352   
      2395:    590250.000000           1            8.2391   
      2396:    590280.000000           1          465.0506   
      2397:    590310.000000           1          465.0552   
      2398:    590340.000000           1            8.0849   
      2399:    590370.000000           1          465.0723   
      2400:    590400.000000           1          465.0772   
      2401:    590430.000000           1            8.0860   
      2402:    590460.000000           1          465.1162   
      2403:    590490.000000           1            8.0308   
      2404:    590520.000000           1          465.1446   
      2405:    590550.000000           1          465.1535   
      2406:    590580.000000           1          465.1657   
      2407:    590610.000000           1          465.1730   
      2408:    590640.000000           1            7.9640   
      2409:    590670.000000           1            7.9807   
      2410:    590700.000000           1          465.2174   
      2411:    590730.000000           1            8.0718   
      2412:    590760.000000           1          465.2304   
      2413:    590790.000000           1          465.2312   
      2414:    590820.000000           1            8.1277   
      2415:    590850.000000           1          465.2338   
      2416:    590880.000000           1            8.2432   
      2417:    590910.000000           1          465.2581   
      2418:    590940.000000           1          465.2623   
      2419:    590970.000000           1          465.2684   
      2420:    591000.000000           1          465.2767   
      2421:    591030.000000           1          465.2852   
      2422:    591060.000000           1            8.3647   
      2423:    591090.000000           1          465.3222   
      2424:    591120.000000           1            8.4603   
      2425:    591150.000000           1          120.6413   
      2426:    591180.000000           1          120.6495   
      2427:    591210.000000           1          120.6572   
      2428:    591240.000000           1          120.6645   
      2429:    591270.000000           1          120.6714   
      2430:    591300.000000           1          120.6777   
      2431:    591330.000000           1          120.6831   
      2432:    591360.000000           1          120.6894   
      2433:    591390.000000           1          120.6948   
      2434:    591420.000000           1          120.7022   
      2435:    591450.000000           1          120.7079   
      2436:    591480.000000           1          120.7148   
      2437:    591510.000000           1          120.7291   
      2438:    591540.000000           1          120.7345   
      2439:    591570.000000           1          120.7386   
      2440:    591600.000000           1          120.7437   
      2441:    591630.000000           1          120.7480   
      2442:    591660.000000           1          120.7532   
      2443:    591690.000000           1          120.7594   
      2444:    591720.000000           1          120.7647   
      2445:    591750.000000           1          136.3579   
      2446:    591780.000000           1          120.7852   
      2447:    591810.000000           1          120.7881   
      2448:    591840.000000           1          120.7887   
      2449:    591870.000000           1          120.7902   
      2450:    591900.000000           1          120.7961   
      2451:    591930.000000           1          120.8004   
      2452:    591960.000000           1            8.5797   
      2453:    591990.000000           1            8.6264   
      2454:    592020.000000           1            8.6562   
      2455:    592050.000000           1            8.6171   
      2456:    592080.000000           1            8.5890   
      2457:    592110.000000           1            8.5713   
      2458:    592140.000000           1            8.5766   
      2459:    592170.000000           1            8.5977   
      2460:    592200.000000           1            8.6149   
      2461:    592230.000000           1            8.6453   
      2462:    592260.000000           1            8.6858   
      2463:    592290.000000           1            8.7204   
      2464:    592320.000000           1            8.7218   
      2465:    592350.000000           1            8.7338   
      2466:    592380.000000           1          120.8364   
      2467:    592410.000000           1          120.8379   
      2468:    592440.000000           1          120.8400   
      2469:    592470.000000           1          120.8431   
      2470:    592500.000000           1          120.8462   
      2471:    592530.000000           1          193.9526   
      2472:    592560.000000           1          120.8652   
      2473:    592590.000000           1            8.7577   
      2474:    592620.000000           1            8.7444   
      2475:    592650.000000           1            8.7198   
      2476:    592680.000000           1          465.5414   
      2477:    592710.000000           1          465.5480   
      2478:    592740.000000           1          465.5523   
      2479:    592770.000000           1          465.5539   
      2480:    592800.000000           1          465.5570   
      2481:    592830.000000           1          465.5600   
      2482:    592860.000000           1          465.5615   
      2483:    592890.000000           1          188.2068   
      2484:    592920.000000           1          188.2077   
      2485:    592950.000000           1          188.2102   
      2486:    592980.000000           1          188.2119   
      2487:    593010.000000           1          188.2136   
      2488:    593040.000000           1          188.2140   
      2489:    593070.000000           1          188.2138   
      2490:    593100.000000           1          188.2139   
      2491:    593130.000000           1          188.2137   
      2492:    593160.000000           1          188.2144   
      2493:    593190.000000           1          188.2153   
      2494:    593220.000000           1          188.2177   
      2495:    593250.000000           1          188.2177   
      2496:    593280.000000           1          188.2175   
      2497:    593310.000000           1          188.2172   
      2498:    593340.000000           1          188.2181   
      2499:    593370.000000           1          188.2196   
      2500:    593400.000000           1          465.5689   
      2501:    593430.000000           1          188.2202   
      2502:    593460.000000           1          188.2189   
      2503:    593490.000000           1          188.2179   
      2504:    593520.000000           1          188.2183   
      2505:    593550.000000           1          188.2187   
      2506:    593580.000000           1          188.2193   
      2507:    593610.000000           1          188.2198   
      2508:    593640.000000           1          188.2218   
      2509:    593670.000000           1          188.2235   
      2510:    593700.000000           1          188.2244   
      2511:    593730.000000           1          188.2246   
      2512:    593760.000000           1          188.2252   
      2513:    593790.000000           1          188.2256   
      2514:    593820.000000           1          188.2257   
      2515:    593850.000000           1          188.2259   
      2516:    593880.000000           1          188.2257   
      2517:    593910.000000           1          465.5645   
      2518:    593940.000000           1          188.2245   
      2519:    593970.000000           1          188.2241   
      2520:    594000.000000           1          188.2238   
      2521:    594030.000000           1          188.2217   
      2522:    594060.000000           1          188.2204   
      2523:    594090.000000           1          188.2201   
      2524:    594120.000000           1          188.2193   
      2525:    594150.000000           1          188.2186   
      2526:    594180.000000           1          188.2170   
      2527:    594210.000000           1          188.2158   
      2528:    594240.000000           1          188.2148   
      2529:    594270.000000           1          188.2141   
      2530:    594300.000000           1          188.2136   
      2531:    594330.000000           1          188.2139   
      2532:    594360.000000           1          188.2146   
      2533:    594390.000000           1          188.2150   
      2534:    594420.000000           1          188.2138   
      2535:    594450.000000           1          188.2146   
      2536:    594480.000000           1          188.2132   
      2537:    594510.000000           1          188.2120   
      2538:    594540.000000           1          188.2106   
      2539:    594570.000000           1          188.2085   
      2540:    594600.000000           1          465.5417   
      2541:    594630.000000           1          465.5390   
      2542:    594660.000000           1            8.5689   
      2543:    594690.000000           1          465.5223   
      2544:    594720.000000           1          465.5195   
      2545:    594750.000000           1          465.5157   
      2546:    594780.000000           1          465.5128   
      2547:    594810.000000           1          465.5097   
      2548:    594840.000000           1          465.5059   
      2549:    594870.000000           1          121.0408   
      2550:    594900.000000           1            8.5737   
      2551:    594930.000000           1            8.5756   
      2552:    594960.000000           1            8.5763   
      2553:    594990.000000           1            8.5785   
      2554:    595020.000000           1            8.5817   
      2555:    595050.000000           1            8.5843   
      2556:    595080.000000           1            8.5884   
      2557:    595110.000000           1            8.5928   
      2558:    595140.000000           1            8.5985   
      2559:    595170.000000           1            8.5978   
      2560:    595200.000000           1            8.5985   
      2561:    595230.000000           1            8.5981   
      2562:    595260.000000           1            8.6007   
      2563:    595290.000000           1            8.6013   
      2564:    595320.000000           1            8.6011   
      2565:    595350.000000           1            8.6018   
      2566:    595380.000000           1            8.6027   
      2567:    595410.000000           1            8.6013   
      2568:    595440.000000           1            8.5960   
      2569:    595470.000000           1            8.5941   
      2570:    595500.000000           1            8.5913   
      2571:    595530.000000           1            8.5889   
      2572:    595560.000000           1            8.5902   
      2573:    595590.000000           1            8.5901   
      2574:    595620.000000           1          465.4113   
      2575:    595650.000000           1            8.5736   
      2576:    595680.000000           1          465.3972   
      2577:    595710.000000           1          120.9824   
      2578:    595740.000000           1            8.5525   
      2579:    595770.000000           1          136.3051   
      2580:    595800.000000           1            8.5415   
      2581:    595830.000000           1            8.5347   
      2582:    595860.000000           1          465.3591   
      2583:    595890.000000           1            8.5175   
      2584:    595920.000000           1            8.5089   
      2585:    595950.000000           1            8.5019   
      2586:    595980.000000           1            8.4971   
      2587:    596010.000000           1            8.4942   
      2588:    596040.000000           1          465.3335   
      2589:    596070.000000           1          465.3317   
      2590:    596100.000000           1            8.4852   
      2591:    596130.000000           1          465.3184   
      2592:    596160.000000           1          465.3160   
      2593:    596190.000000           1          465.3106   
      2594:    596220.000000           1          465.3071   
      2595:    596250.000000           1            8.4758   
      2596:    596280.000000           1          120.9153   
      2597:    596310.000000           1            8.4764   
      2598:    596340.000000           1            8.4764   
      2599:    596370.000000           1            8.4746   
      2600:    596400.000000           1            8.4697   
      2601:    596430.000000           1            8.4648   
      2602:    596460.000000           1          120.8947   
      2603:    596490.000000           1          120.8922   
      2604:    596520.000000           1          136.2051   
      2605:    596550.000000           1          120.8862   
      2606:    596580.000000           1          120.8835   
      2607:    596610.000000           1          120.8805   
      2608:    596640.000000           1          120.8775   
      2609:    596670.000000           1          120.8745   
      2610:    596700.000000           1          120.8718   
      2611:    596730.000000           1          120.8684   
      2612:    596760.000000           1          120.8657   
      2613:    596790.000000           1          120.8637   
      2614:    596820.000000           1          120.8634   
      2615:    596850.000000           1          120.8615   
      2616:    596880.000000           1          120.8592   
      2617:    596910.000000           1          120.8572   
      2618:    596940.000000           1          120.8557   
      2619:    596970.000000           1          136.1410   
      2620:    597000.000000           1            8.3673   
      2621:    597030.000000           1            8.3624   
      2622:    597060.000000           1            8.3530   
      2623:    597090.000000           1            8.3487   
      2624:    597120.000000           1            8.3445   
      2625:    597150.000000           1            8.3433   
      2626:    597180.000000           1            8.3412   
      2627:    597210.000000           1            8.3355   
      2628:    597240.000000           1            8.3296   
      2629:    597270.000000           1          465.1322   
      2630:    597300.000000           1          465.1282   
      2631:    597330.000000           1          465.1243   
      2632:    597360.000000           1          465.1197   
      2633:    597390.000000           1          465.1152   
      2634:    597420.000000           1          465.1109   
      2635:    597450.000000           1          465.1066   
      2636:    597480.000000           1          465.1019   
      2637:    597510.000000           1          465.0996   
      2638:    597540.000000           1          465.0961   
      2639:    597570.000000           1          465.0917   
      2640:    597600.000000           1            8.2647   
      2641:    597630.000000           1          465.0753   
      2642:    597660.000000           1          465.0700   
      2643:    597690.000000           1          465.0645   
      2644:    597720.000000           1            8.2266   
      2645:    597750.000000           1          465.0433   
      2646:    597780.000000           1          465.0381   
      2647:    597810.000000           1          465.0333   
      2648:    597840.000000           1          465.0280   
      2649:    597870.000000           1          465.0232   
      2650:    597900.000000           1          465.0185   
      2651:    597930.000000           1          465.0123   
      2652:    597960.000000           1          465.0060   
      2653:    597990.000000           1          465.0013   
      2654:    598020.000000           1          464.9963   
      2655:    598050.000000           1          464.9904   
      2656:    598080.000000           1          464.9844   
      2657:    598110.000000           1          464.9784   
      2658:    598140.000000           1          187.7479   
      2659:    598170.000000           1          187.7429   
      2660:    598200.000000           1          187.7400   
      2661:    598230.000000           1          187.7356   
      2662:    598260.000000           1          464.9386   
      2663:    598290.000000           1          464.9329   
      2664:    598320.000000           1          464.9262   
      2665:    598350.000000           1          464.9207   
      2666:    598380.000000           1          464.9153   
      2667:    598410.000000           1          464.9104   
      2668:    598440.000000           1          464.9072   
      2669:    598470.000000           1          464.9030   
      2670:    598500.000000           1          464.8972   
      2671:    598530.000000           1          464.8924   
      2672:    598560.000000           1          464.8874   
      2673:    598590.000000           1          464.8820   
      2674:    598620.000000           1            8.0737   
      2675:    598650.000000           1          464.8610   
      2676:    598680.000000           1          464.8551   
      2677:    598710.000000           1          464.8500   
      2678:    598740.000000           1          464.8450   
      2679:    598770.000000           1          464.8407   
      2680:    598800.000000           1          464.8353   
      2681:    598830.000000           1          464.8310   
      2682:    598860.000000           1          464.8261   
      2683:    598890.000000           1          464.8206   
      2684:    598920.000000           1          464.8151   
      2685:    598950.000000           1          464.8087   
      2686:    598980.000000           1          464.8009   
      2687:    599010.000000           1          464.7943   
      2688:    599040.000000           1          464.7899   
      2689:    599070.000000           1          464.7785   
      2690:    599100.000000           1          187.5740   
      2691:    599130.000000           1          187.5677   
      2692:    599160.000000           1          187.5626   
      2693:    599190.000000           1          187.5567   
      2694:    599220.000000           1          187.5461   
      2695:    599250.000000           1          187.5359   
      2696:    599280.000000           1          187.5251   
      2697:    599310.000000           1          187.5148   
      2698:    599340.000000           1          187.5087   
      2699:    599370.000000           1          187.5024   
      2700:    599400.000000           1          187.4984   
      2701:    599430.000000           1          464.6829   
      2702:    599460.000000           1          187.4786   
      2703:    599490.000000           1          187.4729   
      2704:    599520.000000           1          187.4638   
      2705:    599550.000000           1          187.4550   
      2706:    599580.000000           1          187.4438   
      2707:    599610.000000           1          187.4330   
      2708:    599640.000000           1          187.4282   
      2709:    599670.000000           1          187.4237   
      2710:    599700.000000           1          187.4194   
      2711:    599730.000000           1          187.4146   
      2712:    599760.000000           1          187.4095   
      2713:    599790.000000           1          187.4032   
      2714:    599820.000000           1          187.3949   
      2715:    599850.000000           1          187.3910   
      2716:    599880.000000           1          187.3848   
      2717:    599910.000000           1          187.3796   
      2718:    599940.000000           1          187.3695   
      2719:    599970.000000           1          187.3563   
      2720:    600000.000000           1          464.5180   
      2721:    600030.000000           1          464.5044   
      2722:    600060.000000           1          464.4988   
      2723:    600090.000000           1          464.4927   
      2724:    600120.000000           1          464.4858   
      2725:    600150.000000           1          464.4790   
      2726:    600180.000000           1          187.3014   
      2727:    600210.000000           1          464.4664   
      2728:    600240.000000           1          464.4609   
      2729:    600270.000000           1          464.4559   
      2730:    600300.000000           1          464.4507   
