         0:    518400.000000           1           85.3068   
         1:    518430.000000           1           66.0864   
         2:    518460.000000           1           96.9774   
         3:    518490.000000           1           93.9226   
         4:    518520.000000           1           95.2368   
         5:    518550.000000           1           96.0500   
         6:    518580.000000           1           97.1257   
         7:    518610.000000           1          102.3013   
         8:    518640.000000           1          105.1345   
         9:    518670.000000           1          107.1426   
        10:    518700.000000           1          108.8947   
        11:    518730.000000           1          111.1302   
        12:    518760.000000           1          113.4554   
        13:    518790.000000           1          115.7764   
        14:    518820.000000           1          117.6902   
        15:    518850.000000           1          119.6275   
        16:    518880.000000           1          121.2957   
        17:    518910.000000           1          123.1720   
        18:    518940.000000           1          124.5392   
        19:    518970.000000           1          121.9197   
        20:    519000.000000           1          126.8876   
        21:    519030.000000           1          127.7556   
        22:    519060.000000           1          128.6309   
        23:    519090.000000           1          122.7433   
        24:    519120.000000           1          122.8927   
        25:    519150.000000           1          129.9853   
        26:    519180.000000           1          130.4951   
        27:    519210.000000           1          130.7901   
        28:    519240.000000           1          130.9891   
        29:    519270.000000           1          131.3609   
        30:    519300.000000           1          131.7326   
        31:    519330.000000           1          132.2605   
        32:    519360.000000           1          132.8200   
        33:    519390.000000           1          133.5971   
        34:    519420.000000           1          133.9179   
        35:    519450.000000           1          134.1881   
        36:    519480.000000           1          134.5322   
        37:    519510.000000           1          134.9384   
        38:    519540.000000           1          135.3854   
        39:    519570.000000           1          135.6934   
        40:    519600.000000           1          135.7815   
        41:    519630.000000           1          136.0308   
        42:    519660.000000           1          136.1497   
        43:    519690.000000           1          136.3290   
        44:    519720.000000           1          136.4472   
        45:    519750.000000           1          136.5343   
        46:    519780.000000           1          136.7649   
        47:    519810.000000           1          136.9580   
        48:    519840.000000           1          137.1600   
        49:    519870.000000           1          137.2065   
        50:    519900.000000           1          124.2918   
        51:    519930.000000           1          137.6001   
        52:    519960.000000           1          124.3969   
        53:    519990.000000           1          124.4547   
        54:    520020.000000           1          124.4236   
        55:    520050.000000           1          124.4698   
        56:    520080.000000           1          124.5361   
        57:    520110.000000           1          124.6034   
        58:    520140.000000           1          124.6347   
        59:    520170.000000           1          124.6329   
        60:    520200.000000           1          124.6953   
        61:    520230.000000           1        -1012.5170   
        62:    520260.000000           1        -1012.6013   
        63:    520290.000000           1        -1012.6574   
        64:    520320.000000           1          137.8691   
        65:    520350.000000           1        -1012.8656   
        66:    520380.000000           1        -1012.8833   
        67:    520410.000000           1        -1012.8648   
        68:    520440.000000           1        -1012.8172   
        69:    520470.000000           1        -1012.6241   
        70:    520500.000000           1        -1012.3655   
        71:    520530.000000           1          125.0982   
        72:    520560.000000           1        -1009.3574   
        73:    520590.000000           1        -1009.1704   
        74:    520620.000000           1        -1008.9983   
        75:    520650.000000           1        -1008.8338   
        76:    520680.000000           1        -1008.7553   
        77:    520710.000000           1        -1008.5257   
        78:    520740.000000           1        -1008.3035   
        79:    520770.000000           1        -1008.1560   
        80:    520800.000000           1        -1008.0239   
        81:    520830.000000           1        -1007.8684   
        82:    520860.000000           1          125.4744   
        83:    520890.000000           1        -1007.4616   
        84:    520920.000000           1        -1007.3734   
        85:    520950.000000           1        -1007.3168   
        86:    520980.000000           1        -1007.1532   
        87:    521010.000000           1        -1007.0620   
        88:    521040.000000           1        -1006.9787   
        89:    521070.000000           1        -1006.8530   
        90:    521100.000000           1          125.7009   
        91:    521130.000000           1        -1005.7027   
        92:    521160.000000           1          125.8494   
        93:    521190.000000           1        -1005.4393   
        94:    521220.000000           1        -1005.3607   
        95:    521250.000000           1        -1005.2689   
        96:    521280.000000           1        -1005.1776   
        97:    521310.000000           1        -1005.0365   
        98:    521340.000000           1        -1004.8386   
        99:    521370.000000           1        -1004.8089   
       100:    521400.000000           1        -1004.7496   
       101:    521430.000000           1        -1004.6715   
       102:    521460.000000           1          126.1703   
       103:    521490.000000           1          140.7182   
       104:    521520.000000           1          126.2126   
       105:    521550.000000           1          126.2422   
       106:    521580.000000           1          126.2503   
       107:    521610.000000           1          141.0765   
       108:    521640.000000           1          126.2313   
       109:    521670.000000           1          126.2796   
       110:    521700.000000           1          126.2941   
       111:    521730.000000           1          126.2733   
       112:    521760.000000           1          126.2814   
       113:    521790.000000           1          126.3994   
       114:    521820.000000           1          126.4435   
       115:    521850.000000           1          141.4238   
       116:    521880.000000           1          126.5672   
       117:    521910.000000           1          126.5711   
       118:    521940.000000           1          141.4803   
       119:    521970.000000           1          126.6882   
       120:    522000.000000           1          126.7845   
       121:    522030.000000           1          126.8403   
       122:    522060.000000           1          126.8805   
       123:    522090.000000           1          126.8671   
       124:    522120.000000           1          126.9535   
       125:    522150.000000           1          126.9887   
       126:    522180.000000           1          127.0304   
       127:    522210.000000           1          141.4234   
       128:    522240.000000           1          127.2126   
       129:    522270.000000           1          127.2951   
       130:    522300.000000           1          127.3260   
       131:    522330.000000           1          141.9435   
       132:    522360.000000           1          127.4015   
       133:    522390.000000           1          127.4172   
       134:    522420.000000           1          127.4049   
       135:    522450.000000           1          127.4212   
       136:    522480.000000           1          142.1616   
       137:    522510.000000           1          142.2466   
       138:    522540.000000           1          118.0347   
       139:    522570.000000           1          118.0127   
      1255:    556050.000000           1         -197.5821   
      1256:    556080.000000           1         -197.5703   
      1257:    556110.000000           1         -206.9741   
      1258:    556140.000000           1         -197.5253   
      1259:    556170.000000           1         -197.5054   
      1260:    556200.000000           1         -197.4968   
      1261:    556230.000000           1         -197.4842   
      1262:    556260.000000           1         -197.4683   
      1263:    556290.000000           1         -197.4598   
      1264:    556320.000000           1         -197.4397   
      1265:    556350.000000           1         -413.1510   
      1266:    556380.000000           1         -413.1432   
      1267:    556410.000000           1         -413.1368   
      1268:    556440.000000           1         -197.3860   
      1269:    556470.000000           1         -413.1107   
      1270:    556500.000000           1         -413.1037   
      1271:    556530.000000           1         -413.0990   
      1272:    556560.000000           1         -413.0926   
      1273:    556590.000000           1         -413.0837   
      1274:    556620.000000           1         -206.8096   
      1275:    556650.000000           1         -197.2929   
      1276:    556680.000000           1         -219.3468   
      1277:    556710.000000           1         -214.3323   
      1278:    556740.000000           1         -206.7736   
      1279:    556770.000000           1         -206.7680   
      1280:    556800.000000           1         -214.3059   
      1281:    556830.000000           1         -206.7438   
      1282:    556860.000000           1         -206.7376   
      1283:    556890.000000           1         -206.7319   
      1284:    556920.000000           1         -206.7254   
      1285:    556950.000000           1         -215.7848   
      1286:    556980.000000           1         -206.6995   
      1287:    557010.000000           1         -206.6906   
      1288:    557040.000000           1         -206.6833   
      1289:    557070.000000           1         -206.6748   
      1290:    557100.000000           1         -206.6665   
      1291:    557130.000000           1         -206.6587   
      1292:    557160.000000           1         -206.6510   
      1293:    557190.000000           1         -206.6424   
      1294:    557220.000000           1         -206.6286   
      1295:    557250.000000           1         -214.1672   
      1296:    557280.000000           1         -214.1563   
      1297:    557310.000000           1         -218.7687   
      1298:    557340.000000           1         -218.7560   
      1299:    557370.000000           1         -214.1139   
      1300:    557400.000000           1         -214.1079   
      1301:    557430.000000           1         -196.9474   
      1302:    557460.000000           1         -196.9379   
      1303:    557490.000000           1         -196.9311   
      1304:    557520.000000           1         -196.9240   
      1305:    557550.000000           1         -196.9158   
      1306:    557580.000000           1         -206.5019   
      1307:    557610.000000           1         -196.8781   
      1308:    557640.000000           1         -196.8708   
      1309:    557670.000000           1         -196.8631   
      1310:    557700.000000           1         -196.8566   
      1311:    557730.000000           1         -196.8487   
      1312:    557760.000000           1         -206.4425   
      1313:    557790.000000           1         -213.9889   
      1314:    557820.000000           1         -196.8133   
      1315:    557850.000000           1         -196.8060   
      1316:    557880.000000           1         -213.9603   
      1317:    557910.000000           1         -196.7790   
      1318:    557940.000000           1         -196.7702   
      1319:    557970.000000           1         -196.7546   
      1320:    558000.000000           1         -206.3447   
      1321:    558030.000000           1         -196.7305   
      1322:    558060.000000           1         -206.3166   
      1323:    558090.000000           1         -213.8671   
      1324:    558120.000000           1         -206.2924   
      1325:    558150.000000           1         -206.2846   
      1326:    558180.000000           1         -206.2789   
      1327:    558210.000000           1         -206.2710   
      1328:    558240.000000           1         -206.2623   
      1329:    558270.000000           1         -213.8164   
      1330:    558300.000000           1         -218.2835   
      1331:    558330.000000           1         -206.2253   
      1332:    558360.000000           1         -206.2188   
      1333:    558390.000000           1         -218.1849   
      1334:    558420.000000           1         -218.1601   
      1335:    558450.000000           1         -213.7458   
      1336:    558480.000000           1         -218.0980   
      1337:    558510.000000           1         -215.2387   
      1338:    558540.000000           1         -217.9987   
      1339:    558570.000000           1         -217.9549   
      1340:    558600.000000           1         -217.9491   
      1341:    558630.000000           1         -224.4379   
      1342:    558660.000000           1         -215.1822   
      1343:    558690.000000           1         -224.4103   
      1344:    558720.000000           1         -215.1612   
      1345:    558750.000000           1         -215.1548   
      1346:    558780.000000           1         -224.3864   
      1347:    558810.000000           1         -210.7376   
      1348:    558840.000000           1         -215.1280   
      1349:    558870.000000           1         -215.1201   
      1350:    558900.000000           1         -215.1062   
      1351:    558930.000000           1         -213.5596   
      1352:    558960.000000           1         -224.3215   
      1353:    558990.000000           1         -215.0687   
      1354:    559020.000000           1         -215.0628   
      1355:    559050.000000           1         -215.0562   
      1356:    559080.000000           1         -215.0513   
      1357:    559110.000000           1         -215.0463   
      1358:    559140.000000           1         -215.0418   
      1359:    559170.000000           1         -224.2692   
      1360:    559200.000000           1         -215.0184   
      1361:    559230.000000           1         -213.4740   
      1362:    559260.000000           1         -213.4674   
      1363:    559290.000000           1         -213.4615   
      1364:    559320.000000           1         -213.4535   
      1365:    559350.000000           1         -213.4500   
      1366:    559380.000000           1         -213.4446   
      1367:    559410.000000           1         -205.8888   
      1368:    559440.000000           1         -205.8820   
      1369:    559470.000000           1         -205.8771   
      1370:    559500.000000           1         -205.8718   
      1371:    559530.000000           1         -213.4234   
      1372:    559560.000000           1         -213.4274   
      1373:    559590.000000           1         -214.9718   
      1374:    559620.000000           1         -214.9748   
      1375:    559650.000000           1         -214.9773   
      1376:    559680.000000           1         -214.9813   
      1377:    559710.000000           1         -214.9845   
      1378:    559740.000000           1         -224.2294   
      1379:    559770.000000           1         -213.4615   
      1380:    559800.000000           1         -215.0069   
      1381:    559830.000000           1         -213.4774   
      1382:    559860.000000           1         -213.4817   
      1383:    559890.000000           1         -213.4841   
      1384:    559920.000000           1         -213.4825   
      1385:    559950.000000           1         -205.9355   
      1386:    559980.000000           1         -213.5004   
      1387:    560010.000000           1         -213.5092   
      1388:    560040.000000           1         -215.0550   
      1389:    560070.000000           1         -215.0644   
      1390:    560100.000000           1         -215.0673   
      1391:    560130.000000           1         -215.0704   
      1392:    560160.000000           1         -224.3194   
      1393:    560190.000000           1         -215.0876   
      1394:    560220.000000           1         -215.0894   
      1395:    560250.000000           1         -215.0929   
      1396:    560280.000000           1         -215.0973   
      1397:    560310.000000           1         -215.1010   
      1398:    560340.000000           1         -215.1039   
      1399:    560370.000000           1         -215.1072   
      1400:    560400.000000           1         -215.1108   
      1401:    560430.000000           1         -215.1137   
      1402:    560460.000000           1         -224.3602   
      1403:    560490.000000           1         -224.3700   
      1404:    560520.000000           1         -224.3714   
      1405:    560550.000000           1         -224.3754   
      1406:    560580.000000           1         -224.3790   
      1407:    560610.000000           1         -224.3819   
      1408:    560640.000000           1         -224.3845   
      1409:    560670.000000           1         -224.3865   
      1410:    560700.000000           1         -224.3910   
      1411:    560730.000000           1         -224.3942   
      1412:    560760.000000           1         -224.3970   
      1413:    560790.000000           1         -224.4005   
      1414:    560820.000000           1         -210.7303   
      1415:    560850.000000           1         -224.4144   
      1416:    560880.000000           1         -224.4198   
      1417:    560910.000000           1         -224.4227   
      1418:    560940.000000           1         -215.1882   
      1419:    560970.000000           1         -215.1906   
      1420:    561000.000000           1         -215.1940   
      1421:    561030.000000           1         -224.4404   
      1422:    561060.000000           1         -215.2114   
      1423:    561090.000000           1         -215.2171   
      1424:    561120.000000           1         -213.6776   
      1425:    561150.000000           1         -213.6824   
      1426:    561180.000000           1         -213.6868   
      1427:    561210.000000           1         -213.6930   
      1428:    561240.000000           1         -213.6987   
      1429:    561270.000000           1         -213.7033   
      1430:    561300.000000           1         -206.1538   
      1431:    561330.000000           1         -213.7162   
      1432:    561360.000000           1         -213.7265   
      1433:    561390.000000           1         -213.7350   
      1434:    561420.000000           1         -213.7454   
      1435:    561450.000000           1         -213.7543   
      1436:    561480.000000           1         -206.2054   
      1437:    561510.000000           1         -206.2081   
      1438:    561540.000000           1         -206.2135   
      1439:    561570.000000           1         -213.7755   
      1440:    561600.000000           1         -213.7843   
      1441:    561630.000000           1         -206.2415   
      1442:    561660.000000           1         -206.2455   
      1443:    561690.000000           1         -213.8089   
      1444:    561720.000000           1         -213.8166   
      1445:    561750.000000           1         -206.2668   
      1446:    561780.000000           1         -213.8298   
      1447:    561810.000000           1         -206.2801   
      1448:    561840.000000           1         -213.8385   
      1449:    561870.000000           1         -213.8532   
      1450:    561900.000000           1         -206.3079   
      1451:    561930.000000           1         -215.4129   
      1452:    561960.000000           1         -206.3238   
      1453:    561990.000000           1         -206.3285   
      1454:    562020.000000           1         -206.3332   
      1455:    562050.000000           1         -213.8989   
      1456:    562080.000000           1         -215.4490   
      1457:    562110.000000           1         -213.9148   
      1458:    562140.000000           1         -213.9200   
      1459:    562170.000000           1         -213.9232   
      1460:    562200.000000           1         -213.9257   
      1461:    562230.000000           1         -213.9315   
      1462:    562260.000000           1         -213.9378   
      1463:    562290.000000           1         -213.9422   
      1464:    562320.000000           1         -213.9463   
      1465:    562350.000000           1         -213.9503   
      1466:    562380.000000           1         -213.9544   
      1467:    562410.000000           1         -206.4023   
      1468:    562440.000000           1         -206.4048   
      1469:    562470.000000           1         -213.9653   
      1470:    562500.000000           1         -206.4134   
      1471:    562530.000000           1         -206.4170   
      1472:    562560.000000           1         -206.4221   
      1473:    562590.000000           1         -213.9839   
      1474:    562620.000000           1         -213.9872   
      1475:    562650.000000           1         -215.5362   
      1476:    562680.000000           1         -215.5384   
      1477:    562710.000000           1         -215.5414   
      1478:    562740.000000           1         -215.5434   
      1479:    562770.000000           1         -215.5467   
      1480:    562800.000000           1         -215.5467   
      1481:    562830.000000           1         -213.9880   
      1482:    562860.000000           1         -213.9813   
      1483:    562890.000000           1         -213.9751   
      1484:    562920.000000           1         -213.9700   
      1485:    562950.000000           1         -213.9655   
      1486:    562980.000000           1         -213.9606   
      1487:    563010.000000           1         -213.9540   
      1488:    563040.000000           1         -213.9472   
      1489:    563070.000000           1         -213.9418   
      1490:    563100.000000           1         -213.9361   
      1491:    563130.000000           1         -215.4671   
      1492:    563160.000000           1         -213.9106   
      1493:    563190.000000           1         -213.9029   
      1494:    563220.000000           1         -213.8983   
      1495:    563250.000000           1         -213.8932   
      1496:    563280.000000           1         -213.8804   
      1497:    563310.000000           1         -213.8752   
      1498:    563340.000000           1         -213.8688   
      1499:    563370.000000           1         -213.8634   
      1500:    563400.000000           1         -213.8593   
      1501:    563430.000000           1         -213.8540   
      1502:    563460.000000           1         -206.2872   
      1503:    563490.000000           1         -206.2808   
      1504:    563520.000000           1         -213.8265   
      1505:    563550.000000           1         -206.2556   
      1506:    563580.000000           1         -206.2524   
      1507:    563610.000000           1         -213.8054   
      1508:    563640.000000           1         -213.8001   
      1509:    563670.000000           1         -206.2247   
      1510:    563700.000000           1         -196.3637   
      1511:    563730.000000           1         -196.3614   
      1512:    563760.000000           1         -206.2050   
      1513:    563790.000000           1         -206.1928   
      1514:    563820.000000           1         -206.1885   
      1515:    563850.000000           1         -213.7443   
      1516:    563880.000000           1         -213.7387   
      1517:    563910.000000           1         -213.7348   
      1518:    563940.000000           1         -213.7295   
      2080:    580800.000000           1         -259.9080   
      2081:    580830.000000           1         -259.8992   
      2082:    580860.000000           1         -317.5634   
      2083:    580890.000000           1         -259.8640   
      2084:    580920.000000           1         -259.8549   
      2085:    580950.000000           1         -259.8457   
      2086:    580980.000000           1         -175.6672   
      2087:    581010.000000           1         -317.4920   
      2088:    581040.000000           1         -317.4846   
      2089:    581070.000000           1         -317.4769   
      2090:    581100.000000           1         -175.6153   
      2091:    581130.000000           1         -317.4402   
      2092:    581160.000000           1         -317.4314   
      2093:    581190.000000           1         -317.4232   
      2094:    581220.000000           1         -317.4136   
      2095:    581250.000000           1         -175.5533   
      2096:    581280.000000           1         -317.3798   
      2097:    581310.000000           1         -317.3720   
      2098:    581340.000000           1         -317.3635   
      2099:    581370.000000           1         -317.3557   
      2100:    581400.000000           1         -317.3472   
      2101:    581430.000000           1         -317.3375   
      2102:    581460.000000           1         -317.3282   
      2103:    581490.000000           1         -259.6245   
      2104:    581520.000000           1         -259.6159   
      2105:    581550.000000           1         -259.6074   
      2106:    581580.000000           1         -259.5975   
      2107:    581610.000000           1         -259.5888   
      2108:    581640.000000           1         -259.5787   
      2109:    581670.000000           1         -259.5700   
      2110:    581700.000000           1         -259.5605   
      2111:    581730.000000           1         -317.2274   
      2112:    581760.000000           1         -259.5233   
      2113:    581790.000000           1         -259.5052   
      2114:    581820.000000           1         -259.4964   
      2115:    581850.000000           1         -259.4876   
      2116:    581880.000000           1         -259.4798   
      2117:    581910.000000           1           97.6364   
      2118:    581940.000000           1         -317.1333   
      2119:    581970.000000           1           97.7163   
      2120:    582000.000000           1         -317.1002   
      2121:    582030.000000           1           97.7830   
      2122:    582060.000000           1           97.7934   
      2123:    582090.000000           1         -259.3784   
      2124:    582120.000000           1         -259.3710   
      2125:    582150.000000           1         -259.3622   
      2126:    582180.000000           1         -259.3536   
      2127:    582210.000000           1         -317.0224   
      2128:    582240.000000           1         -317.0061   
      2129:    582270.000000           1         -316.9881   
      2130:    582300.000000           1         -259.2837   
      2131:    582330.000000           1         -316.9524   
      2132:    582360.000000           1         -316.9344   
      2133:    582390.000000           1         -316.9250   
      2134:    582420.000000           1         -316.9171   
      2135:    582450.000000           1         -316.9069   
      2136:    582480.000000           1         -316.8981   
      2137:    582510.000000           1         -316.8884   
      2138:    582540.000000           1         -316.8795   
      2139:    582570.000000           1         -316.8703   
      2140:    582600.000000           1         -316.8622   
      2141:    582630.000000           1         -316.8529   
      2142:    582660.000000           1         -316.8442   
      2143:    582690.000000           1         -316.8351   
      2144:    582720.000000           1         -316.8256   
      2145:    582750.000000           1         -316.8179   
      2146:    582780.000000           1         -174.9532   
      2147:    582810.000000           1         -316.7795   
      2148:    582840.000000           1         -316.7700   
      2149:    582870.000000           1         -316.7598   
      2150:    582900.000000           1         -316.7506   
      2151:    582930.000000           1         -316.7399   
      2152:    582960.000000           1         -259.0422   
      2153:    582990.000000           1         -316.7193   
      2154:    583020.000000           1         -316.7093   
      2155:    583050.000000           1         -316.6987   
      2156:    583080.000000           1         -316.6876   
      2157:    583110.000000           1         -316.6789   
      2158:    583140.000000           1         -316.6577   
      2159:    583170.000000           1         -316.6361   
      2160:    583200.000000           1         -316.6261   
      2161:    583230.000000           1         -316.6156   
      2162:    583260.000000           1         -188.5057   
      2163:    583290.000000           1         -175.1642   
      2164:    583320.000000           1         -175.1695   
      2165:    583350.000000           1         -316.5449   
      2166:    583380.000000           1         -316.5345   
      2167:    583410.000000           1         -316.5245   
      2168:    583440.000000           1         -316.5135   
      2169:    583470.000000           1         -316.5026   
      2170:    583500.000000           1         -316.4917   
      2171:    583530.000000           1         -316.4810   
      2172:    583560.000000           1         -258.7802   
      2173:    583590.000000           1         -258.7692   
      2174:    583620.000000           1         -258.7584   
      2175:    583650.000000           1         -258.7485   
      2176:    583680.000000           1         -258.7376   
      2177:    583710.000000           1         -258.7260   
      2178:    583740.000000           1         -316.3918   
      2179:    583770.000000           1         -258.6806   
      2180:    583800.000000           1         -258.6695   
      2181:    583830.000000           1         -258.6592   
      2182:    583860.000000           1         -316.3285   
      2183:    583890.000000           1         -258.6148   
      2184:    583920.000000           1         -258.6027   
      2185:    583950.000000           1         -258.5818   
      2186:    583980.000000           1         -258.5588   
      2187:    584010.000000           1         -258.5471   
      2188:    584040.000000           1         -258.5364   
      2189:    584070.000000           1         -258.5264   
      2190:    584100.000000           1         -258.5157   
      2191:    584130.000000           1         -258.5046   
      2192:    584160.000000           1         -258.4937   
      2193:    584190.000000           1         -258.4828   
      2194:    584220.000000           1         -258.4727   
      2195:    584250.000000           1         -258.4626   
      2196:    584280.000000           1         -316.8457   
      2197:    584310.000000           1         -316.8503   
      2198:    584340.000000           1         -174.8713   
      2199:    584370.000000           1         -316.8594   
      2200:    584400.000000           1         -316.8441   
      2201:    584430.000000           1         -316.8324   
      2202:    584460.000000           1         -316.8271   
      2203:    584490.000000           1         -316.8066   
      2204:    584520.000000           1         -174.8167   
      2205:    584550.000000           1         -316.7602   
      2206:    584580.000000           1         -316.7610   
      2207:    584610.000000           1         -316.7496   
      2208:    584640.000000           1         -316.7489   
      2209:    584670.000000           1         -174.7856   
      2210:    584700.000000           1         -174.7805   
      2211:    584730.000000           1         -174.7773   
      2212:    584760.000000           1         -174.7740   
      2213:    584790.000000           1         -187.7999   
      2214:    584820.000000           1         -174.7629   
      2215:    584850.000000           1         -316.7712   
      2216:    584880.000000           1         -174.7480   
      2217:    584910.000000           1         -187.7367   
      2218:    584940.000000           1         -187.7260   
      2219:    584970.000000           1         -187.7159   
      2220:    585000.000000           1         -187.7059   
      2221:    585030.000000           1         -187.6956   
      2222:    585060.000000           1         -187.6852   
      2223:    585090.000000           1         -187.6741   
      2224:    585120.000000           1         -187.6627   
      2225:    585150.000000           1         -197.8352   
      2226:    585180.000000           1         -197.8246   
      2227:    585210.000000           1         -197.8127   
      2228:    585240.000000           1         -197.8018   
      2229:    585270.000000           1         -197.7918   
      2230:    585300.000000           1         -197.7813   
      2231:    585330.000000           1         -187.5715   
      2232:    585360.000000           1         -187.5599   
      2233:    585390.000000           1         -187.5489   
      2234:    585420.000000           1         -197.7264   
      2235:    585450.000000           1         -187.5028   
      2236:    585480.000000           1         -187.4916   
      2237:    585510.000000           1         -187.4792   
      2238:    585540.000000           1         -204.9146   
      2239:    585570.000000           1         -197.6720   
      2240:    585600.000000           1         -197.7229   
      2241:    585630.000000           1         -197.7263   
      2242:    585660.000000           1         -204.8489   
      2243:    585690.000000           1         -197.7274   
      2244:    585720.000000           1         -197.7119   
      2245:    585750.000000           1         -204.7881   
      2246:    585780.000000           1         -197.6635   
      2247:    585810.000000           1         -187.2754   
      2248:    585840.000000           1         -187.2631   
      2249:    585870.000000           1         -187.2502   
      2250:    585900.000000           1         -187.2380   
      2251:    585930.000000           1         -187.2240   
      2252:    585960.000000           1         -187.2105   
      2253:    585990.000000           1         -187.1979   
      2254:    586020.000000           1         -187.1851   
      2255:    586050.000000           1         -187.1724   
      2256:    586080.000000           1         -187.1586   
      2257:    586110.000000           1         -197.5496   
      2258:    586140.000000           1         -197.5441   
      2259:    586170.000000           1         -204.5619   
      2260:    586200.000000           1         -217.4388   
      2261:    586230.000000           1         -204.5108   
      2262:    586260.000000           1         -204.4998   
      2263:    586290.000000           1         -204.4884   
      2264:    586320.000000           1         -204.4768   
      2265:    586350.000000           1         -204.4654   
      2266:    586380.000000           1         -204.4525   
      2267:    586410.000000           1         -197.4101   
      2268:    586440.000000           1         -197.4050   
      2269:    586470.000000           1         -197.3937   
      2270:    586500.000000           1         -204.3844   
      2271:    586530.000000           1         -186.8871   
      2272:    586560.000000           1         -186.8760   
      2273:    586590.000000           1         -186.8653   
      2274:    586620.000000           1         -186.8547   
      2275:    586650.000000           1         -186.8434   
      2276:    586680.000000           1         -186.8313   
      2277:    586710.000000           1         -257.2365   
      2278:    586740.000000           1         -257.2253   
      2279:    586770.000000           1         -257.2138   
      2280:    586800.000000           1         -186.7609   
      2281:    586830.000000           1         -257.1660   
      2282:    586860.000000           1         -257.1539   
      2283:    586890.000000           1          100.8341   
      2284:    586920.000000           1          100.8471   
      2285:    586950.000000           1         -186.6759   
      2286:    586980.000000           1         -257.0850   
      2287:    587010.000000           1         -257.0742   
      2288:    587040.000000           1          100.9334   
      2289:    587070.000000           1          100.9460   
      2290:    587100.000000           1         -257.0175   
      2291:    587130.000000           1          114.2322   
      2292:    587160.000000           1          114.2485   
      2293:    587190.000000           1          101.0385   
      2294:    587220.000000           1          114.3373   
      2295:    587250.000000           1          101.0903   
      2296:    587280.000000           1          114.3698   
      2297:    587310.000000           1          114.3935   
      2298:    587340.000000           1          114.4151   
      2299:    587370.000000           1          114.4419   
      2300:    587400.000000           1          101.1812   
      2301:    587430.000000           1         -256.8196   
      2302:    587460.000000           1          114.5620   
      2303:    587490.000000           1          114.5802   
      2304:    587520.000000           1          114.6090   
      2305:    587550.000000           1          114.6284   
      2306:    587580.000000           1          101.2994   
      2307:    587610.000000           1          101.3236   
      2308:    587640.000000           1         -109.6594   
      2309:    587670.000000           1         -109.6476   
      2310:    587700.000000           1         -109.6381   
      2311:    587730.000000           1         -109.6200   
      2312:    587760.000000           1         -109.6013   
      2313:    587790.000000           1          114.8453   
      2314:    587820.000000           1         -109.5187   
      2315:    587850.000000           1         -109.4966   
      2316:    587880.000000           1          114.9628   
      2317:    587910.000000           1          114.9920   
      2318:    587940.000000           1          115.0176   
      2319:    587970.000000           1          101.5314   
      2320:    588000.000000           1          115.0737   
      2321:    588030.000000           1          115.0854   
      2322:    588060.000000           1          101.5947   
      2323:    588090.000000           1         -256.4583   
      2324:    588120.000000           1         -256.4374   
      2325:    588150.000000           1          101.6626   
      2326:    588180.000000           1          101.6730   
      2327:    588210.000000           1          101.6818   
      2328:    588240.000000           1          101.6938   
      2329:    588270.000000           1         -256.3633   
      2330:    588300.000000           1          101.7374   
      2331:    588330.000000           1          101.7477   
      2332:    588360.000000           1          101.7585   
      2333:    588390.000000           1          101.7695   
      2334:    588420.000000           1          101.7810   
      2335:    588450.000000           1         -256.2801   
      2336:    588480.000000           1          101.8262   
      2337:    588510.000000           1          101.8390   
      2338:    588540.000000           1         -256.2403   
      2339:    588570.000000           1         -256.2302   
      2340:    588600.000000           1          101.8724   
      2341:    588630.000000           1         -256.2101   
      2342:    588660.000000           1         -185.7547   
      2343:    588690.000000           1         -256.1912   
      2344:    588720.000000           1         -256.1821   
      2345:    588750.000000           1         -185.7254   
      2346:    588780.000000           1         -256.1506   
      2347:    588810.000000           1         -256.1406   
      2348:    588840.000000           1         -256.1303   
      2349:    588870.000000           1          115.5230   
      2350:    588900.000000           1          101.9955   
      2351:    588930.000000           1         -256.0906   
      2352:    588960.000000           1          102.0334   
      2353:    588990.000000           1          102.0439   
      2354:    589020.000000           1         -256.0466   
      2355:    589050.000000           1          115.6818   
      2356:    589080.000000           1         -256.0092   
      2357:    589110.000000           1         -255.9906   
      2358:    589140.000000           1          102.1397   
      2359:    589170.000000           1          102.1479   
      2360:    589200.000000           1          102.1650   
      2361:    589230.000000           1         -255.9351   
      2362:    589260.000000           1         -255.9181   
      2363:    589290.000000           1          102.2174   
      2364:    589320.000000           1          102.2263   
      2365:    589350.000000           1          102.2354   
      2366:    589380.000000           1          102.2442   
      2367:    589410.000000           1          102.2532   
      2368:    589440.000000           1          102.2621   
      2369:    589470.000000           1          102.2705   
      2370:    589500.000000           1         -255.8330   
      2371:    589530.000000           1         -255.8147   
      2372:    589560.000000           1          115.9838   
      2373:    589590.000000           1          115.9946   
      2374:    589620.000000           1          116.0048   
      2375:    589650.000000           1          102.3544   
      2376:    589680.000000           1          116.0576   
      2377:    589710.000000           1          116.0694   
      2378:    589740.000000           1          116.0796   
      2379:    589770.000000           1         -108.4750   
      2380:    589800.000000           1          102.4173   
      2381:    589830.000000           1         -108.4420   
      2382:    589860.000000           1          116.1330   
      2383:    589890.000000           1         -108.4252   
      2384:    589920.000000           1          116.1471   
      2385:    589950.000000           1         -108.4121   
      2386:    589980.000000           1          102.4840   
      2387:    590010.000000           1          116.1917   
      2388:    590040.000000           1          116.1993   
      2389:    590070.000000           1          116.2089   
      2390:    590100.000000           1          102.5303   
      2391:    590130.000000           1          116.2513   
      2392:    590160.000000           1          116.2606   
      2393:    590190.000000           1         -108.3103   
      2394:    590220.000000           1         -108.3012   
      2395:    590250.000000           1          116.2948   
      2396:    590280.000000           1          116.3070   
      2397:    590310.000000           1         -108.2733   
      2398:    590340.000000           1          116.3295   
      2399:    590370.000000           1         -108.2447   
      2400:    590400.000000           1         -108.2368   
      2401:    590430.000000           1          116.3670   
      2402:    590460.000000           1          116.3826   
      2403:    590490.000000           1          102.6709   
      2404:    590520.000000           1          116.4081   
      2405:    590550.000000           1          116.4145   
      2406:    590580.000000           1          116.4231   
      2407:    590610.000000           1          116.4290   
      2408:    590640.000000           1         -255.4307   
      2409:    590670.000000           1          102.7260   
      2410:    590700.000000           1          116.4723   
      2411:    590730.000000           1          102.7482   
      2412:    590760.000000           1          116.5000   
      2413:    590790.000000           1          116.5055   
      2414:    590820.000000           1          102.7683   
      2415:    590850.000000           1          102.7776   
      2416:    590880.000000           1          102.7855   
      2417:    590910.000000           1          116.5557   
      2418:    590940.000000           1          116.5608   
      2419:    590970.000000           1          116.5678   
      2420:    591000.000000           1          116.5764   
      2421:    591030.000000           1          116.5842   
      2422:    591060.000000           1          102.8312   
      2423:    591090.000000           1          116.6237   
      2424:    591120.000000           1          102.8551   
      2425:    591150.000000           1         -255.2838   
      2426:    591180.000000           1         -255.2792   
      2427:    591210.000000           1         -255.2752   
      2428:    591240.000000           1         -255.2706   
      2429:    591270.000000           1         -255.2655   
      2430:    591300.000000           1         -255.2611   
      2431:    591330.000000           1         -255.2575   
      2432:    591360.000000           1         -255.2538   
      2433:    591390.000000           1         -255.2489   
      2434:    591420.000000           1         -255.2444   
      2435:    591450.000000           1         -255.2403   
      2436:    591480.000000           1          102.9193   
      2437:    591510.000000           1         -255.2251   
      2438:    591540.000000           1         -255.2209   
      2439:    591570.000000           1         -255.2163   
      2440:    591600.000000           1         -255.2128   
      2441:    591630.000000           1         -255.2092   
      2442:    591660.000000           1         -255.2067   
      2443:    591690.000000           1         -255.2046   
      2444:    591720.000000           1         -255.2014   
      2445:    591750.000000           1         -202.2952   
      2446:    591780.000000           1         -255.1821   
      2447:    591810.000000           1         -255.1779   
      2448:    591840.000000           1         -255.1750   
      2449:    591870.000000           1         -255.1721   
      2450:    591900.000000           1         -255.1677   
      2451:    591930.000000           1         -255.1654   
      2452:    591960.000000           1          102.9897   
      2453:    591990.000000           1          102.9921   
      2454:    592020.000000           1          102.9944   
      2455:    592050.000000           1          102.9959   
      2456:    592080.000000           1          102.9989   
      2457:    592110.000000           1          103.0004   
      2458:    592140.000000           1          103.0024   
      2459:    592170.000000           1          103.0040   
      2460:    592200.000000           1          103.0068   
      2461:    592230.000000           1          103.0091   
      2462:    592260.000000           1          103.0127   
      2463:    592290.000000           1          103.0155   
      2464:    592320.000000           1          116.8773   
      2465:    592350.000000           1          116.8781   
      2466:    592380.000000           1          103.0173   
      2467:    592410.000000           1          103.0185   
      2468:    592440.000000           1          103.0203   
      2469:    592470.000000           1          103.0229   
      2470:    592500.000000           1          103.0248   
      2471:    592530.000000           1         -255.1221   
      2472:    592560.000000           1          103.0346   
      2473:    592590.000000           1          116.9138   
      2474:    592620.000000           1          116.9190   
      2475:    592650.000000           1          116.9244   
      2476:    592680.000000           1         -107.6997   
      2477:    592710.000000           1         -107.6949   
      2478:    592740.000000           1         -107.6921   
      2479:    592770.000000           1         -107.6889   
      2480:    592800.000000           1         -107.6848   
      2481:    592830.000000           1         -107.6806   
      2482:    592860.000000           1         -107.6780   
      2483:    592890.000000           1          136.4393   
      2484:    592920.000000           1          136.4406   
      2485:    592950.000000           1          136.4436   
      2486:    592980.000000           1          136.4450   
      2487:    593010.000000           1          136.4458   
      2488:    593040.000000           1          136.4461   
      2489:    593070.000000           1          136.4457   
      2490:    593100.000000           1          136.4455   
      2491:    593130.000000           1          136.4457   
      2492:    593160.000000           1          136.4460   
      2493:    593190.000000           1          136.4462   
      2494:    593220.000000           1          136.4481   
      2495:    593250.000000           1          136.4483   
      2496:    593280.000000           1          136.4484   
      2497:    593310.000000           1          136.4484   
      2498:    593340.000000           1          136.4498   
      2499:    593370.000000           1         -107.6395   
      2500:    593400.000000           1         -107.6348   
      2501:    593430.000000           1          136.4519   
      2502:    593460.000000           1          136.4518   
      2503:    593490.000000           1          136.4524   
      2504:    593520.000000           1         -107.6258   
      2505:    593550.000000           1          136.4562   
      2506:    593580.000000           1          136.4559   
      2507:    593610.000000           1          136.4557   
      2508:    593640.000000           1          136.4561   
      2509:    593670.000000           1          136.4564   
      2510:    593700.000000           1          136.4569   
      2511:    593730.000000           1          136.4562   
      2512:    593760.000000           1          136.4547   
      2513:    593790.000000           1          136.4533   
      2514:    593820.000000           1          136.4520   
      2515:    593850.000000           1          136.4514   
      2516:    593880.000000           1          136.4509   
      2517:    593910.000000           1         -107.6049   
      2518:    593940.000000           1          136.4485   
      2519:    593970.000000           1          136.4483   
      2520:    594000.000000           1          136.4481   
      2521:    594030.000000           1          136.4465   
      2522:    594060.000000           1          136.4451   
      2523:    594090.000000           1          136.4444   
      2524:    594120.000000           1          136.4434   
      2525:    594150.000000           1          136.4425   
      2526:    594180.000000           1          136.4409   
      2527:    594210.000000           1          136.4394   
      2528:    594240.000000           1          136.4381   
      2529:    594270.000000           1         -107.5958   
      2530:    594300.000000           1          136.4350   
      2531:    594330.000000           1          136.4345   
      2532:    594360.000000           1          136.4352   
      2533:    594390.000000           1         -107.5890   
      2534:    594420.000000           1         -107.5886   
      2535:    594450.000000           1         -107.5864   
      2536:    594480.000000           1         -107.5862   
      2537:    594510.000000           1         -107.5855   
      2538:    594540.000000           1         -107.5849   
      2539:    594570.000000           1         -107.5849   
      2540:    594600.000000           1          117.0363   
      2541:    594630.000000           1          117.0369   
      2542:    594660.000000           1          103.0660   
      2543:    594690.000000           1          117.0363   
      2544:    594720.000000           1          117.0365   
      2545:    594750.000000           1          117.0352   
      2546:    594780.000000           1          117.0353   
      2547:    594810.000000           1          117.0351   
      2548:    594840.000000           1          117.0334   
      2549:    594870.000000           1         -255.1189   
      2550:    594900.000000           1          103.0451   
      2551:    594930.000000           1          103.0434   
      2552:    594960.000000           1          103.0416   
      2553:    594990.000000           1          103.0393   
      2554:    595020.000000           1          103.0378   
      2555:    595050.000000           1          103.0366   
      2556:    595080.000000           1          103.0357   
      2557:    595110.000000           1          103.0344   
      2558:    595140.000000           1          103.0335   
      2559:    595170.000000           1          103.0313   
      2560:    595200.000000           1          103.0299   
      2561:    595230.000000           1          103.0267   
      2562:    595260.000000           1          103.0236   
      2563:    595290.000000           1          103.0198   
      2564:    595320.000000           1          117.0098   
      2565:    595350.000000           1          103.0144   
      2566:    595380.000000           1          103.0122   
      2567:    595410.000000           1          117.0024   
      2568:    595440.000000           1          116.9960   
      2569:    595470.000000           1          116.9934   
      2570:    595500.000000           1          116.9910   
      2571:    595530.000000           1          116.9895   
      2572:    595560.000000           1          116.9889   
      2573:    595590.000000           1          116.9869   
      2574:    595620.000000           1         -107.6359   
      2575:    595650.000000           1          116.9803   
      2576:    595680.000000           1         -107.6424   
      2577:    595710.000000           1          102.9695   
      2578:    595740.000000           1          116.9732   
      2579:    595770.000000           1         -255.2121   
      2580:    595800.000000           1          116.9644   
      2581:    595830.000000           1          116.9614   
      2582:    595860.000000           1         -107.6592   
      2583:    595890.000000           1          116.9566   
      2584:    595920.000000           1          116.9542   
      2585:    595950.000000           1          116.9508   
      2586:    595980.000000           1          116.9486   
      2587:    596010.000000           1          116.9463   
      2588:    596040.000000           1         -107.6758   
      2589:    596070.000000           1         -107.6777   
      2590:    596100.000000           1          116.9343   
      2591:    596130.000000           1         -107.6905   
      2592:    596160.000000           1         -107.6935   
      2593:    596190.000000           1         -107.6982   
      2594:    596220.000000           1         -107.7011   
      2595:    596250.000000           1          116.9134   
      2596:    596280.000000           1          102.8913   
      2597:    596310.000000           1          116.9040   
      2598:    596340.000000           1          116.9025   
      2599:    596370.000000           1          116.9001   
      2600:    596400.000000           1          116.8971   
      2601:    596430.000000           1          116.8950   
      2602:    596460.000000           1          102.8695   
      2603:    596490.000000           1          102.8655   
      2604:    596520.000000           1         -255.3104   
      2605:    596550.000000           1          102.8527   
      2606:    596580.000000           1          102.8492   
      2607:    596610.000000           1          102.8461   
      2608:    596640.000000           1          102.8431   
      2609:    596670.000000           1          102.8398   
      2610:    596700.000000           1          102.8367   
      2611:    596730.000000           1          102.8332   
      2612:    596760.000000           1          102.8293   
      2613:    596790.000000           1          102.8245   
      2614:    596820.000000           1          102.8210   
      2615:    596850.000000           1          102.8166   
      2616:    596880.000000           1         -255.3598   
      2617:    596910.000000           1         -255.3636   
      2618:    596940.000000           1          102.8050   
      2619:    596970.000000           1         -255.3729   
      2620:    597000.000000           1          116.8269   
      2621:    597030.000000           1          102.7874   
      2622:    597060.000000           1          102.7800   
      2623:    597090.000000           1          102.7765   
      2624:    597120.000000           1          102.7726   
      2625:    597150.000000           1          102.7696   
      2626:    597180.000000           1          102.7653   
      2627:    597210.000000           1          102.7615   
      2628:    597240.000000           1          102.7578   
      2629:    597270.000000           1          116.7895   
      2630:    597300.000000           1          116.7866   
      2631:    597330.000000           1          116.7843   
      2632:    597360.000000           1          116.7805   
      2633:    597390.000000           1          116.7768   
      2634:    597420.000000           1          116.7736   
      2635:    597450.000000           1          116.7703   
      2636:    597480.000000           1          116.7666   
      2637:    597510.000000           1          116.7649   
      2638:    597540.000000           1          116.7617   
      2639:    597570.000000           1          116.7582   
      2640:    597600.000000           1          102.7080   
      2641:    597630.000000           1          116.7440   
      2642:    597660.000000           1          116.7397   
      2643:    597690.000000           1          116.7359   
      2644:    597720.000000           1          102.6841   
      2645:    597750.000000           1          116.7190   
      2646:    597780.000000           1          116.7154   
      2647:    597810.000000           1          116.7119   
      2648:    597840.000000           1          116.7082   
      2649:    597870.000000           1          116.7043   
      2650:    597900.000000           1          116.7003   
      2651:    597930.000000           1          116.6957   
      2652:    597960.000000           1          116.6903   
      2653:    597990.000000           1          116.6867   
      2654:    598020.000000           1          116.6830   
      2655:    598050.000000           1          116.6788   
      2656:    598080.000000           1          116.6746   
      2657:    598110.000000           1          116.6701   
      2658:    598140.000000           1         -107.9606   
      2659:    598170.000000           1         -107.9653   
      2660:    598200.000000           1         -107.9682   
      2661:    598230.000000           1         -107.9725   
      2662:    598260.000000           1          116.6386   
      2663:    598290.000000           1          116.6346   
      2664:    598320.000000           1          116.6296   
      2665:    598350.000000           1          116.6248   
      2666:    598380.000000           1          116.6199   
      2667:    598410.000000           1          102.5647   
      2668:    598440.000000           1          102.5612   
      2669:    598470.000000           1          102.5571   
      2670:    598500.000000           1          102.5521   
      2671:    598530.000000           1          102.5476   
      2672:    598560.000000           1          102.5432   
      2673:    598590.000000           1          102.5381   
      2674:    598620.000000           1         -255.6445   
      2675:    598650.000000           1          102.5181   
      2676:    598680.000000           1          102.5128   
      2677:    598710.000000           1          102.5076   
      2678:    598740.000000           1          102.5024   
      2679:    598770.000000           1          102.4984   
      2680:    598800.000000           1          102.4935   
      2681:    598830.000000           1          102.4893   
      2682:    598860.000000           1          102.4849   
      2683:    598890.000000           1          102.4800   
      2684:    598920.000000           1          102.4755   
      2685:    598950.000000           1          102.4702   
      2686:    598980.000000           1          102.4635   
      2687:    599010.000000           1          102.4573   
      2688:    599040.000000           1          102.4536   
      2689:    599070.000000           1         -255.7295   
      2690:    599100.000000           1          116.4821   
      2691:    599130.000000           1          116.4762   
      2692:    599160.000000           1          116.4716   
      2693:    599190.000000           1          116.4661   
      2694:    599220.000000           1          116.4560   
      2695:    599250.000000           1         -108.1608   
      2696:    599280.000000           1          116.4368   
      2697:    599310.000000           1         -108.1786   
      2698:    599340.000000           1         -108.1842   
      2699:    599370.000000           1         -108.1898   
      2700:    599400.000000           1         -108.1932   
      2701:    599430.000000           1          116.4044   
      2702:    599460.000000           1         -108.2108   
      2703:    599490.000000           1         -108.2160   
      2704:    599520.000000           1          116.3786   
      2705:    599550.000000           1         -108.2317   
      2706:    599580.000000           1         -108.2417   
      2707:    599610.000000           1         -108.2518   
      2708:    599640.000000           1         -108.2560   
      2709:    599670.000000           1         -108.2602   
      2710:    599700.000000           1         -108.2643   
      2711:    599730.000000           1         -108.2689   
      2712:    599760.000000           1         -108.2736   
      2713:    599790.000000           1         -108.2795   
      2714:    599820.000000           1          116.3098   
      2715:    599850.000000           1          116.3055   
      2716:    599880.000000           1          116.2991   
      2717:    599910.000000           1          116.2935   
      2718:    599940.000000           1          116.2833   
      2719:    599970.000000           1          116.2700   
      2720:    600000.000000           1         -255.9649   
      2721:    600030.000000           1          102.1944   
      2722:    600060.000000           1          102.1895   
      2723:    600090.000000           1          102.1839   
      2724:    600120.000000           1          102.1781   
      2725:    600150.000000           1          102.1722   
      2726:    600180.000000           1          116.2160   
      2727:    600210.000000           1          102.1614   
      2728:    600240.000000           1          102.1561   
      2729:    600270.000000           1          102.1513   
      2730:    600300.000000           1          102.1462   
