       381:    529830.000000           1          -86.5637   
       382:    529860.000000           1           70.3117   
       383:    529890.000000           1          -86.6028   
       384:    529920.000000           1           70.2721   
       385:    529950.000000           1          -86.6374   
       386:    529980.000000           1           70.2370   
       387:    530010.000000           1          -86.6573   
       388:    530040.000000           1           70.1994   
       389:    530070.000000           1          -86.6953   
       390:    530100.000000           1          -86.7061   
       391:    530130.000000           1           80.6840   
       392:    530160.000000           1          -86.7231   
       393:    530190.000000           1           80.6427   
       394:    530220.000000           1          -86.7365   
       395:    530250.000000           1           80.6430   
       396:    530280.000000           1          -86.7379   
       397:    530310.000000           1           80.6192   
       398:    530340.000000           1           80.6150   
       399:    530370.000000           1           80.6108   
       400:    530400.000000           1           80.6082   
       401:    530430.000000           1           80.6027   
       402:    530460.000000           1           80.6016   
       403:    530490.000000           1           80.5952   
       404:    530520.000000           1           80.5840   
       405:    530550.000000           1           80.5604   
       406:    530580.000000           1           80.5548   
       407:    530610.000000           1           80.5495   
       408:    530640.000000           1          -86.8149   
       409:    530670.000000           1           80.5246   
       410:    530700.000000           1           80.4607   
       411:    530730.000000           1           80.6393   
       412:    530760.000000           1           80.8704   
       413:    530790.000000           1           80.5204   
       414:    530820.000000           1         -266.7562   
       415:    530850.000000           1         -266.5893   
       416:    530880.000000           1         -266.5082   
       417:    530910.000000           1         -266.5183   
       418:    530940.000000           1         -266.5206   
       419:    530970.000000           1           80.1182   
       420:    531000.000000           1         -266.5631   
       421:    531030.000000           1         -266.4585   
       422:    531060.000000           1         -266.4998   
       423:    531090.000000           1         -266.4924   
       424:    531120.000000           1          -86.9646   
       425:    531150.000000           1         -266.6062   
       426:    531180.000000           1           80.3581   
       427:    531210.000000           1         -266.5697   
       428:    531240.000000           1           80.4668   
       429:    531270.000000           1           80.5196   
       430:    531300.000000           1         -266.3511   
       431:    531330.000000           1         -266.3326   
       432:    531360.000000           1         -266.3392   
       433:    531390.000000           1         -266.3554   
       434:    531420.000000           1         -266.3910   
       435:    531450.000000           1         -266.4128   
       436:    531480.000000           1         -266.4272   
       437:    531510.000000           1           80.6800   
       438:    531540.000000           1         -266.3183   
       439:    531570.000000           1         -266.3211   
       440:    531600.000000           1           80.7280   
       441:    531630.000000           1           80.7471   
       442:    531660.000000           1           80.7722   
       443:    531690.000000           1           80.7894   
       444:    531720.000000           1          -86.5961   
       445:    531750.000000           1           80.8399   
       446:    531780.000000           1           80.8373   
       447:    531810.000000           1          -86.5826   
       448:    531840.000000           1           80.8535   
       449:    531870.000000           1           80.8654   
       450:    531900.000000           1           80.8647   
       451:    531930.000000           1           80.8750   
       452:    531960.000000           1           80.8763   
       453:    531990.000000           1          -86.5395   
       454:    532020.000000           1           80.8898   
       455:    532050.000000           1           80.8901   
       456:    532080.000000           1           80.8841   
       457:    532110.000000           1          -86.5360   
       458:    532140.000000           1           80.8910   
       459:    532170.000000           1           80.8994   
       460:    532200.000000           1           80.8988   
       461:    532230.000000           1           80.8963   
       462:    532260.000000           1           80.8915   
       463:    532290.000000           1           80.8906   
       464:    532320.000000           1           80.8940   
       465:    532350.000000           1           80.8966   
       466:    532380.000000           1          -86.5062   
       467:    532410.000000           1           80.9238   
       468:    532440.000000           1           80.9384   
       469:    532470.000000           1           80.9453   
       470:    532500.000000           1          -86.4709   
       471:    532530.000000           1           80.9389   
       472:    532560.000000           1           80.9412   
       473:    532590.000000           1          -86.4758   
       474:    532620.000000           1           80.9525   
       475:    532650.000000           1           80.9542   
       476:    532680.000000           1         -266.7399   
       477:    532710.000000           1         -266.7510   
       478:    532740.000000           1         -266.8097   
       479:    532770.000000           1         -266.7978   
       480:    532800.000000           1         -266.8093   
       481:    532830.000000           1           80.9520   
       482:    532860.000000           1           80.9569   
       483:    532890.000000           1           80.9548   
       484:    532920.000000           1           80.9556   
       485:    532950.000000           1           80.9506   
       486:    532980.000000           1           80.9401   
       487:    533010.000000           1           80.9438   
       488:    533040.000000           1           80.9423   
       489:    533070.000000           1          -86.4613   
       490:    533100.000000           1           80.9519   
       491:    533130.000000           1           80.9541   
       492:    533160.000000           1           80.9578   
       493:    533190.000000           1           80.9536   
       494:    533220.000000           1           80.9546   
       495:    533250.000000           1          -86.4528   
       496:    533280.000000           1           80.9512   
       497:    533310.000000           1          -86.4519   
       498:    533340.000000           1           80.9613   
       499:    533370.000000           1          -86.4540   
       500:    533400.000000           1           80.9590   
       501:    533430.000000           1           80.9607   
       502:    533460.000000           1           80.9701   
       503:    533490.000000           1          -86.4388   
       504:    533520.000000           1          -86.4325   
       505:    533550.000000           1          -86.4304   
       506:    533580.000000           1          -86.4294   
       507:    533610.000000           1           80.9739   
       508:    533640.000000           1          -86.4292   
       509:    533670.000000           1          -86.4230   
       510:    533700.000000           1          -86.4246   
       511:    533730.000000           1          -86.4224   
       512:    533760.000000           1          -86.4198   
       513:    533790.000000           1          -86.4181   
       514:    533820.000000           1          -86.4172   
       515:    533850.000000           1          -86.4140   
       516:    533880.000000           1          -86.4109   
       517:    533910.000000           1           70.4386   
       518:    533940.000000           1           70.4399   
       519:    533970.000000           1           70.4444   
       520:    534000.000000           1           70.4523   
       521:    534030.000000           1           70.4580   
       522:    534060.000000           1           70.4621   
       523:    534090.000000           1           70.4695   
       524:    534120.000000           1          -86.3694   
       525:    534150.000000           1          -86.3700   
       526:    534180.000000           1          -86.3715   
       527:    534210.000000           1          -86.3728   
       528:    534240.000000           1          -86.3697   
       529:    534270.000000           1          -86.3652   
       530:    534300.000000           1          -86.3628   
       531:    534330.000000           1          -86.3535   
       532:    534360.000000           1          -86.3485   
       533:    534390.000000           1          -86.3438   
       534:    534420.000000           1           81.0765   
       535:    534450.000000           1           81.0821   
       536:    534480.000000           1           81.0878   
       537:    534510.000000           1           81.0908   
       538:    534540.000000           1          -86.3359   
       539:    534570.000000           1          -86.3343   
       540:    534600.000000           1          -86.3335   
       541:    534630.000000           1          -86.3300   
       542:    534660.000000           1          -86.3270   
       543:    534690.000000           1          -86.3299   
       544:    534720.000000           1          -86.3284   
       545:    534750.000000           1          -86.3248   
       546:    534780.000000           1          -86.3205   
       547:    534810.000000           1          -86.3159   
       548:    534840.000000           1          -86.3157   
       549:    534870.000000           1          -86.3096   
       550:    534900.000000           1          -86.3114   
       551:    534930.000000           1          -86.3099   
       552:    534960.000000           1          -86.3022   
       553:    534990.000000           1          -86.2974   
       554:    535020.000000           1           70.5651   
       555:    535050.000000           1          -86.2696   
       556:    535080.000000           1          -86.2594   
       557:    535110.000000           1          -86.2532   
       558:    535140.000000           1          -86.2506   
       559:    535170.000000           1          -86.2421   
       560:    535200.000000           1         -266.7839   
       561:    535230.000000           1          -86.2503   
       562:    535260.000000           1           81.1791   
       563:    535290.000000           1           81.1785   
       564:    535320.000000           1           81.1793   
       565:    535350.000000           1         -266.7706   
       566:    535380.000000           1         -266.7757   
       567:    535410.000000           1         -266.7759   
       568:    535440.000000           1         -266.7797   
       569:    535470.000000           1         -266.7833   
       570:    535500.000000           1           81.1674   
       571:    535530.000000           1          -86.2648   
       572:    535560.000000           1           81.1690   
       573:    535590.000000           1           81.1666   
       574:    535620.000000           1         -266.8064   
       575:    535650.000000           1           81.1626   
       576:    535680.000000           1           81.1574   
       577:    535710.000000           1           81.1505   
       578:    535740.000000           1           81.1407   
       579:    535770.000000           1           81.1306   
       580:    535800.000000           1           81.1197   
       581:    535830.000000           1           81.1138   
       582:    535860.000000           1           81.1095   
       583:    535890.000000           1           81.1011   
       584:    535920.000000           1           81.0982   
       585:    535950.000000           1           81.0968   
       586:    535980.000000           1          -86.3460   
       587:    536010.000000           1           81.0834   
       588:    536040.000000           1           81.0799   
       589:    536070.000000           1           81.0770   
       590:    536100.000000           1          -86.3636   
       591:    536130.000000           1          -86.3691   
       592:    536160.000000           1          -86.3842   
       593:    536190.000000           1          -86.3842   
       594:    536220.000000           1          -86.3897   
       595:    536250.000000           1          -86.3959   
       596:    536280.000000           1          -86.3968   
       597:    536310.000000           1          -86.3969   
       598:    536340.000000           1          -86.4011   
       599:    536370.000000           1          -86.4027   
       600:    536400.000000           1           70.2996   
       601:    536430.000000           1          -85.7792   
       602:    536460.000000           1          -85.6400   
       603:    536490.000000           1          -85.6598   
       604:    536520.000000           1          -85.5752   
       605:    536550.000000           1          -85.5853   
       606:    536580.000000           1          -85.5850   
       607:    536610.000000           1          -85.5759   
       608:    536640.000000           1           81.0285   
       609:    536670.000000           1          -85.5603   
       610:    536700.000000           1           81.0311   
       611:    536730.000000           1           81.0339   
       612:    536760.000000           1           81.0375   
       613:    536790.000000           1           81.0401   
       614:    536820.000000           1         -266.9620   
       615:    536850.000000           1           81.0356   
       616:    536880.000000           1         -266.9706   
       617:    536910.000000           1         -266.9803   
       618:    536940.000000           1         -266.9814   
       619:    536970.000000           1         -266.9792   
       620:    537000.000000           1         -266.9813   
       621:    537030.000000           1         -266.9872   
       622:    537060.000000           1         -266.9929   
       623:    537090.000000           1         -267.0003   
       624:    537120.000000           1         -266.9996   
       625:    537150.000000           1           81.0219   
       626:    537180.000000           1           81.0207   
       627:    537210.000000           1         -267.0010   
       628:    537240.000000           1         -267.0038   
       629:    537270.000000           1         -266.9949   
       630:    537300.000000           1           81.0368   
       631:    537330.000000           1         -266.9915   
       632:    537360.000000           1         -266.9914   
       633:    537390.000000           1         -266.9954   
       634:    537420.000000           1         -266.9996   
       635:    537450.000000           1         -267.0072   
       636:    537480.000000           1         -267.0046   
       637:    537510.000000           1         -267.0086   
       638:    537540.000000           1           81.0151   
       639:    537570.000000           1           81.0086   
       640:    537600.000000           1           81.0064   
       641:    537630.000000           1           81.0017   
       642:    537660.000000           1           80.9953   
       643:    537690.000000           1           80.9870   
       644:    537720.000000           1           80.9824   
       645:    537750.000000           1            1.4435   
       646:    537780.000000           1           80.9604   
       647:    537810.000000           1            1.4302   
       648:    537840.000000           1            1.4248   
       649:    537870.000000           1           80.9243   
       650:    537900.000000           1           80.9192   
       651:    537930.000000           1           80.9161   
       652:    537960.000000           1           80.9095   
       653:    537990.000000           1           80.9047   
       654:    538020.000000           1           80.8942   
       655:    538050.000000           1           80.8906   
       656:    538080.000000           1           80.8893   
       657:    538110.000000           1           80.8835   
       658:    538140.000000           1           80.8773   
       659:    538170.000000           1           80.8709   
       660:    538200.000000           1           80.8686   
       661:    538230.000000           1           80.8662   
       662:    538260.000000           1         -267.2243   
       663:    538290.000000           1           80.8225   
       664:    538320.000000           1         -267.2585   
       665:    538350.000000           1         -267.2628   
       666:    538380.000000           1         -267.2706   
       667:    538410.000000           1         -267.2794   
       668:    538440.000000           1         -267.2862   
       669:    538470.000000           1         -267.2919   
       670:    538500.000000           1         -267.2969   
       671:    538530.000000           1         -267.3028   
       672:    538560.000000           1         -267.3106   
       673:    538590.000000           1         -267.3237   
       674:    538620.000000           1         -267.3389   
       675:    538650.000000           1         -267.3518   
       676:    538680.000000           1         -267.3654   
       677:    538710.000000           1         -267.3753   
       678:    538740.000000           1         -267.3839   
       679:    538770.000000           1         -267.3942   
       680:    538800.000000           1         -267.4142   
       681:    538830.000000           1         -267.4261   
       682:    538860.000000           1         -267.4339   
       683:    538890.000000           1           80.6276   
       684:    538920.000000           1         -267.4774   
       685:    538950.000000           1           80.5916   
       686:    538980.000000           1         -267.5237   
       687:    539010.000000           1         -267.5424   
       688:    539040.000000           1         -267.5636   
       689:    539070.000000           1           80.5171   
       690:    539100.000000           1         -267.6024   
       691:    539130.000000           1         -267.6163   
       692:    539160.000000           1         -267.6258   
       693:    539190.000000           1         -267.6394   
       694:    539220.000000           1         -267.6447   
       695:    539250.000000           1         -267.6483   
       696:    539280.000000           1         -267.6495   
       697:    539310.000000           1         -267.6561   
       698:    539340.000000           1         -267.6562   
       699:    539370.000000           1           80.4270   
       700:    539400.000000           1           80.4241   
       701:    539430.000000           1           80.4183   
       702:    539460.000000           1           80.4031   
       703:    539490.000000           1           73.9926   
       704:    539520.000000           1           74.0132   
       705:    539550.000000           1           80.3672   
       706:    539580.000000           1           80.3634   
       707:    539610.000000           1           80.3594   
       708:    539640.000000           1           80.3550   
       709:    539670.000000           1           80.3467   
       710:    539700.000000           1           80.3371   
       711:    539730.000000           1           80.3304   
       712:    539760.000000           1           80.3230   
       713:    539790.000000           1           80.3182   
       714:    539820.000000           1           80.3133   
       715:    539850.000000           1           73.7731   
       716:    539880.000000           1           80.2842   
       717:    539910.000000           1           73.6923   
       718:    539940.000000           1           73.6669   
       719:    539970.000000           1           73.6463   
       720:    540000.000000           1           73.6240   
       721:    540030.000000           1           73.5917   
       722:    540060.000000           1           73.5655   
       723:    540090.000000           1           80.2271   
       724:    540120.000000           1           80.2185   
       725:    540150.000000           1           73.4833   
       726:    540180.000000           1           80.1974   
       727:    540210.000000           1           73.4790   
       728:    540240.000000           1           73.4749   
       729:    540270.000000           1           73.4704   
       730:    540300.000000           1           73.4683   
       731:    540330.000000           1           73.4618   
       732:    540360.000000           1           73.4494   
       733:    540390.000000           1           73.4441   
       734:    540420.000000           1           73.4480   
       735:    540450.000000           1           73.4484   
       736:    540480.000000           1           73.4496   
       737:    540510.000000           1           73.4481   
       738:    540540.000000           1           73.4519   
       739:    540570.000000           1           73.4540   
       740:    540600.000000           1           73.4472   
       741:    540630.000000           1           73.4261   
       742:    540660.000000           1           73.4050   
       743:    540690.000000           1           73.3914   
       744:    540720.000000           1           73.3739   
       745:    540750.000000           1           73.3616   
       746:    540780.000000           1           73.3522   
       747:    540810.000000           1           73.3482   
       748:    540840.000000           1           73.3404   
       749:    540870.000000           1           73.3380   
       750:    540900.000000           1           73.3239   
       751:    540930.000000           1           73.3117   
       752:    540960.000000           1           73.3122   
       753:    540990.000000           1           80.0237   
       754:    541020.000000           1           80.0139   
       755:    541050.000000           1           79.9913   
       756:    541080.000000           1           79.9819   
       757:    541110.000000           1         -268.1451   
       758:    541140.000000           1         -268.1512   
       759:    541170.000000           1           79.9550   
       760:    541200.000000           1           79.9498   
       761:    541230.000000           1           79.9476   
       762:    541260.000000           1           79.9382   
       763:    541290.000000           1           79.9290   
       764:    541320.000000           1           79.9234   
       765:    541350.000000           1           79.9166   
       766:    541380.000000           1           79.9059   
       767:    541410.000000           1           79.8959   
       768:    541440.000000           1           79.8842   
       769:    541470.000000           1           79.8735   
       770:    541500.000000           1           79.8612   
       771:    541530.000000           1           79.8508   
       772:    541560.000000           1           79.8416   
       773:    541590.000000           1           79.8333   
       774:    541620.000000           1           79.8225   
       775:    541650.000000           1           79.8107   
       776:    541680.000000           1           79.8034   
       777:    541710.000000           1           79.7961   
       778:    541740.000000           1           79.7805   
       779:    541770.000000           1           79.7661   
       780:    541800.000000           1           79.7538   
       781:    541830.000000           1           79.7426   
       782:    541860.000000           1           79.7297   
       783:    541890.000000           1           79.7132   
       784:    541920.000000           1           79.6998   
       785:    541950.000000           1           79.6897   
       786:    541980.000000           1         -268.4375   
       787:    542010.000000           1         -268.4509   
       788:    542040.000000           1         -268.4646   
       789:    542070.000000           1         -268.4750   
       790:    542100.000000           1         -268.4909   
       791:    542130.000000           1         -268.5022   
       792:    542160.000000           1         -268.5135   
       793:    542190.000000           1         -268.5270   
       794:    542220.000000           1           79.5493   
       795:    542250.000000           1           79.5261   
       796:    542280.000000           1         -268.6002   
       797:    542310.000000           1           79.4751   
       798:    542340.000000           1         -268.6369   
       799:    542370.000000           1         -268.6508   
       800:    542400.000000           1         -268.6651   
       801:    542430.000000           1         -268.6735   
       802:    542460.000000           1         -268.6826   
       803:    542490.000000           1         -268.6992   
       804:    542520.000000           1           79.3723   
       805:    542550.000000           1           85.7538   
       806:    542580.000000           1           85.7332   
       807:    542610.000000           1           85.7182   
       808:    542640.000000           1           85.7060   
       809:    542670.000000           1           85.6975   
       810:    542700.000000           1           85.6838   
       811:    542730.000000           1           85.6707   
       812:    542760.000000           1           85.6474   
       813:    542790.000000           1           85.6144   
       814:    542820.000000           1           85.5867   
       815:    542850.000000           1           72.4383   
       816:    542880.000000           1           85.5263   
       817:    542910.000000           1           85.5217   
       818:    542940.000000           1           85.5194   
       819:    542970.000000           1           72.3589   
       820:    543000.000000           1           85.5158   
       821:    543030.000000           1           85.4989   
       822:    543060.000000           1           85.4853   
       823:    543090.000000           1           72.2967   
       824:    543120.000000           1           72.2777   
       825:    543150.000000           1           72.2632   
       826:    543180.000000           1           72.2476   
       827:    543210.000000           1           72.2257   
       828:    543240.000000           1           72.2156   
       829:    543270.000000           1           72.2041   
       830:    543300.000000           1           85.3130   
       831:    543330.000000           1           85.3000   
       832:    543360.000000           1           85.2828   
       833:    543390.000000           1           85.2640   
       834:    543420.000000           1           85.2371   
       835:    543450.000000           1           85.2264   
       836:    543480.000000           1           85.2135   
       837:    543510.000000           1           85.2124   
       838:    543540.000000           1           85.2156   
       839:    543570.000000           1           85.2131   
       840:    543600.000000           1           85.2056   
       841:    543630.000000           1           85.2019   
       842:    543660.000000           1           85.2045   
       843:    543690.000000           1           85.2080   
       844:    543720.000000           1           85.2073   
       845:    543750.000000           1           85.2115   
       846:    543780.000000           1           85.2164   
       847:    543810.000000           1           85.2011   
       848:    543840.000000           1           85.2011   
       849:    543870.000000           1           85.1990   
       850:    543900.000000           1           85.1961   
       851:    543930.000000           1           85.1912   
       852:    543960.000000           1           78.7165   
       853:    543990.000000           1           78.6969   
       854:    544020.000000           1           85.2129   
       855:    544050.000000           1           78.6957   
       856:    544080.000000           1           78.6938   
       857:    544110.000000           1           78.6340   
       858:    544140.000000           1           78.5948   
       859:    544170.000000           1           78.5591   
       860:    544200.000000           1           78.5215   
       861:    544230.000000           1           85.1378   
       862:    544260.000000           1           78.4164   
       863:    544290.000000           1           85.0748   
       864:    544320.000000           1           78.3050   
       865:    544350.000000           1           78.3435   
       866:    544380.000000           1           78.3401   
       867:    544410.000000           1           78.3252   
       868:    544440.000000           1           78.1934   
       869:    544470.000000           1           78.1768   
       870:    544500.000000           1           78.0786   
       871:    544530.000000           1           77.9915   
       872:    544560.000000           1           77.9800   
       873:    544590.000000           1           77.9687   
       874:    544620.000000           1           84.8648   
       875:    544650.000000           1           77.9869   
       876:    544680.000000           1           77.7971   
       877:    544710.000000           1           77.7229   
       878:    544740.000000           1           77.6779   
       879:    544770.000000           1           77.6569   
       880:    544800.000000           1           77.6250   
       881:    544830.000000           1           84.7512   
       882:    544860.000000           1           77.4774   
       883:    544890.000000           1           77.5316   
       884:    544920.000000           1           84.7154   
       885:    544950.000000           1           84.7092   
       886:    544980.000000           1           84.6987   
       887:    545010.000000           1           84.6900   
       888:    545040.000000           1           84.6838   
       889:    545070.000000           1           84.6740   
       890:    545100.000000           1           84.6628   
       891:    545130.000000           1           84.6522   
       892:    545160.000000           1           84.6333   
       893:    545190.000000           1           84.6137   
       894:    545220.000000           1           71.1434   
       895:    545250.000000           1           71.1326   
       896:    545280.000000           1           71.1209   
       897:    545310.000000           1           71.1102   
       898:    545340.000000           1           71.0965   
       899:    545370.000000           1           71.0856   
       900:    545400.000000           1           71.0621   
       901:    545430.000000           1           71.0527   
       902:    545460.000000           1           71.0398   
       903:    545490.000000           1           71.0272   
       904:    545520.000000           1           71.0192   
       905:    545550.000000           1           71.0107   
       906:    545580.000000           1           70.9932   
       907:    545610.000000           1           70.9673   
       908:    545640.000000           1           70.9523   
       909:    545670.000000           1           70.9216   
       910:    545700.000000           1           84.3734   
       911:    545730.000000           1           84.3527   
       912:    545760.000000           1           70.8369   
       913:    545790.000000           1           84.3311   
       914:    545820.000000           1           84.3202   
       915:    545850.000000           1           84.3045   
       916:    545880.000000           1           84.2846   
       917:    545910.000000           1           70.7176   
       918:    545940.000000           1           84.2407   
       919:    545970.000000           1           84.2159   
       920:    546000.000000           1           84.1941   
       921:    546030.000000           1           84.1794   
       922:    546060.000000           1           84.1681   
       923:    546090.000000           1          106.3691   
       924:    546120.000000           1          106.3773   
       925:    546150.000000           1          106.2046   
       926:    546180.000000           1           84.0457   
       927:    546210.000000           1          106.1759   
       928:    546240.000000           1          106.1872   
       929:    546270.000000           1          106.1662   
       930:    546300.000000           1          106.1708   
       931:    546330.000000           1           83.9412   
       932:    546360.000000           1          105.4923   
       933:    546390.000000           1           83.8856   
       934:    546420.000000           1          105.4620   
       935:    546450.000000           1          105.4972   
       936:    546480.000000           1          105.5458   
       937:    546510.000000           1          105.5978   
       938:    546540.000000           1           83.7808   
       939:    546570.000000           1          106.3845   
       940:    546600.000000           1          106.2350   
       941:    546630.000000           1          106.1471   
       942:    546660.000000           1           83.7116   
       943:    546690.000000           1          106.3321   
       944:    546720.000000           1          106.3236   
       945:    546750.000000           1          106.3337   
       946:    546780.000000           1           83.6461   
       947:    546810.000000           1          106.3286   
       948:    546840.000000           1          106.3082   
       949:    546870.000000           1          106.2674   
       950:    546900.000000           1          106.1724   
       951:    546930.000000           1          106.1130   
       952:    546960.000000           1          106.0636   
       953:    546990.000000           1          106.0054   
       954:    547020.000000           1         -271.2394   
       955:    547050.000000           1         -271.2525   
       956:    547080.000000           1         -271.2685   
       957:    547110.000000           1         -271.2796   
       958:    547140.000000           1         -271.2945   
       959:    547170.000000           1         -271.3086   
       960:    547200.000000           1         -271.3193   
       961:    547230.000000           1         -271.3337   
       962:    547260.000000           1         -271.3473   
       963:    547290.000000           1         -271.3606   
       964:    547320.000000           1         -271.3731   
       965:    547350.000000           1         -271.3986   
       966:    547380.000000           1         -271.4290   
       967:    547410.000000           1         -271.4538   
       968:    547440.000000           1         -271.4775   
       969:    547470.000000           1         -271.5057   
       970:    547500.000000           1         -271.5344   
       971:    547530.000000           1         -271.5574   
       972:    547560.000000           1          -15.1502   
       973:    547590.000000           1         -271.6081   
       974:    547620.000000           1         -271.6360   
       975:    547650.000000           1         -271.6621   
       976:    547680.000000           1         -271.6912   
       977:    547710.000000           1         -271.7132   
       978:    547740.000000           1         -271.7394   
       979:    547770.000000           1         -271.7601   
       980:    547800.000000           1         -271.7913   
       981:    547830.000000           1          -15.4026   
       982:    547860.000000           1         -271.8376   
       983:    547890.000000           1         -271.8684   
       984:    547920.000000           1          -15.5123   
       985:    547950.000000           1          -15.5326   
       986:    547980.000000           1          -15.5663   
       987:    548010.000000           1          -15.6007   
       988:    548040.000000           1           82.8479   
       989:    548070.000000           1          -15.7140   
       990:    548100.000000           1          -15.7300   
       991:    548130.000000           1          -15.7501   
       992:    548160.000000           1          -15.7680   
       993:    548190.000000           1          -15.7799   
       994:    548220.000000           1          -15.7920   
       995:    548250.000000           1          -15.8372   
       996:    548280.000000           1          -15.8621   
       997:    548310.000000           1          -15.8724   
       998:    548340.000000           1          -15.8891   
       999:    548370.000000           1          -15.9107   
      1000:    548400.000000           1          -15.9362   
      1001:    548430.000000           1          -15.9561   
      1002:    548460.000000           1          -15.9815   
      1003:    548490.000000           1          -16.0088   
      1004:    548520.000000           1          -16.0642   
      1005:    548550.000000           1          -16.1128   
      1006:    548580.000000           1          -16.1440   
      1007:    548610.000000           1          -16.1606   
      1008:    548640.000000           1          -16.1845   
      1009:    548670.000000           1          -16.2183   
      1010:    548700.000000           1          -16.2499   
      1011:    548730.000000           1         -272.3059   
      1012:    548760.000000           1         -272.3189   
      1013:    548790.000000           1         -272.3463   
      1014:    548820.000000           1          -16.3411   
      1015:    548850.000000           1          -16.3432   
      1016:    548880.000000           1          104.3031   
      1017:    548910.000000           1          -16.3578   
      1018:    548940.000000           1          -16.3592   
      1019:    548970.000000           1          104.2798   
      1020:    549000.000000           1          -16.3891   
      1021:    549030.000000           1          -16.3985   
      1022:    549060.000000           1          104.1903   
      1023:    549090.000000           1          -16.4625   
      1024:    549120.000000           1          104.0950   
      1025:    549150.000000           1          -16.5258   
      1026:    549180.000000           1          -16.5670   
      1027:    549210.000000           1          -16.6156   
      1028:    549240.000000           1          103.9576   
      1029:    549270.000000           1          -16.6932   
      1030:    549300.000000           1          -16.7143   
      1031:    549330.000000           1          -16.7364   
      1032:    549360.000000           1          -16.7602   
      1033:    549390.000000           1          -16.7812   
      1034:    549420.000000           1         -272.6723   
      1035:    549450.000000           1         -272.6848   
      1036:    549480.000000           1          -16.8507   
      1037:    549510.000000           1          -16.8738   
      1038:    549540.000000           1          -16.9194   
      1039:    549570.000000           1          -16.9569   
      1040:    549600.000000           1          -16.9889   
      1041:    549630.000000           1         -272.7751   
      1042:    549660.000000           1         -272.7817   
      1043:    549690.000000           1         -272.7930   
      1044:    549720.000000           1          -17.0324   
      1045:    549750.000000           1          -17.0371   
      1046:    549780.000000           1          -17.0396   
      1047:    549810.000000           1          -17.0454   
      1048:    549840.000000           1          -17.0500   
      1049:    549870.000000           1          -17.0560   
      1050:    549900.000000           1          -17.0658   
      1051:    549930.000000           1          -17.0719   
      1052:    549960.000000           1          103.4881   
      1053:    549990.000000           1          -17.1230   
      1054:    550020.000000           1          -17.1325   
      1055:    550050.000000           1          -17.1436   
      1056:    550080.000000           1          -17.1571   
      1057:    550110.000000           1          -17.1692   
      1058:    550140.000000           1          103.3784   
      1059:    550170.000000           1          -17.2265   
      1060:    550200.000000           1          -17.2421   
      1061:    550230.000000           1          -17.2570   
      1062:    550260.000000           1          -17.2696   
      1063:    550290.000000           1          -17.2820   
      1064:    550320.000000           1          -17.2922   
      1065:    550350.000000           1          -17.3038   
      1066:    550380.000000           1          -17.3169   
      1067:    550410.000000           1          -17.3270   
      1068:    550440.000000           1          103.2016   
      1069:    550470.000000           1          -17.3563   
      1070:    550500.000000           1          103.1605   
      1071:    550530.000000           1          103.1412   
      1072:    550560.000000           1          103.1281   
      1073:    550590.000000           1          103.1194   
      1074:    550620.000000           1           81.6310   
      1075:    550650.000000           1           81.6284   
      1076:    550680.000000           1           81.6235   
      1077:    550710.000000           1           81.6193   
      1078:    550740.000000           1           67.9982   
      1079:    550770.000000           1           81.6043   
      1080:    550800.000000           1           67.9807   
      1081:    550830.000000           1           67.9735   
      1082:    550860.000000           1           67.9707   
      1083:    550890.000000           1           67.9692   
      1084:    550920.000000           1           67.9646   
      1085:    550950.000000           1           81.5764   
      1086:    550980.000000           1           81.5723   
      1087:    551010.000000           1           81.5717   
      1088:    551040.000000           1           81.5680   
      1089:    551070.000000           1           81.5638   
      1090:    551100.000000           1           81.5575   
      1091:    551130.000000           1           81.5500   
      1092:    551160.000000           1           81.5439   
      1093:    551190.000000           1           81.5366   
      1094:    551220.000000           1           81.5293   
      1095:    551250.000000           1           81.5215   
      1761:    571230.000000           1           90.9969   
      1762:    571260.000000           1          840.6418   
      1763:    571290.000000           1          840.6624   
      1764:    571320.000000           1          840.6744   
      1765:    571350.000000           1          840.6849   
      1766:    571380.000000           1          840.6946   
      1767:    571410.000000           1           91.1056   
      1768:    571440.000000           1          840.7375   
      1769:    571470.000000           1           91.1518   
      1770:    571500.000000           1           91.1722   
      1771:    571530.000000           1           91.1955   
      1772:    571560.000000           1           91.2049   
      1773:    571590.000000           1           91.2211   
      1774:    571620.000000           1           91.2403   
      1775:    571650.000000           1           91.2533   
      1776:    571680.000000           1           91.2599   
      1777:    571710.000000           1           91.2661   
      1778:    571740.000000           1           91.2742   
      1779:    571770.000000           1           91.2862   
      1780:    571800.000000           1           91.2973   
      1781:    571830.000000           1           91.3088   
      1782:    571860.000000           1           91.3210   
      1783:    571890.000000           1           91.3316   
      1784:    571920.000000           1           91.3424   
      1785:    571950.000000           1           91.3546   
      1786:    571980.000000           1           91.3685   
      1787:    572010.000000           1           91.3826   
      1788:    572040.000000           1           91.3961   
      1789:    572070.000000           1           91.4094   
      1790:    572100.000000           1           91.4275   
      1791:    572130.000000           1           91.4532   
      1792:    572160.000000           1           91.4665   
      1793:    572190.000000           1           91.4779   
      1794:    572220.000000           1           91.4899   
      1795:    572250.000000           1           91.5016   
      1796:    572280.000000           1           91.5128   
      1797:    572310.000000           1          841.1461   
      1798:    572340.000000           1          841.1580   
      1799:    572370.000000           1          841.1683   
      1800:    572400.000000           1          841.1799   
      1801:    572430.000000           1          841.1906   
      1802:    572460.000000           1          841.2025   
      1803:    572490.000000           1          841.2123   
      1804:    572520.000000           1          841.2242   
      1805:    572550.000000           1          841.2368   
      1806:    572580.000000           1          841.2488   
      1807:    572610.000000           1          841.2602   
      1808:    572640.000000           1          841.2710   
      1809:    572670.000000           1          841.2827   
      1810:    572700.000000           1          841.3037   
      1811:    572730.000000           1          841.3146   
      1812:    572760.000000           1          841.3352   
      1813:    572790.000000           1          778.6139   
      1814:    572820.000000           1          778.6803   
      1815:    572850.000000           1          778.7460   
      1816:    572880.000000           1          778.7649   
      1817:    572910.000000           1          778.8375   
      1818:    572940.000000           1          778.9679   
      1819:    572970.000000           1          778.9742   
      1820:    573000.000000           1          778.9770   
      1821:    573030.000000           1           91.8422   
      1822:    573060.000000           1          -13.1191   
      1823:    573090.000000           1           91.8821   
      1824:    573120.000000           1           91.8923   
      1825:    573150.000000           1          -13.0641   
      1826:    573180.000000           1           91.9340   
      1827:    573210.000000           1           91.9423   
      1828:    573240.000000           1           91.9529   
      1829:    573270.000000           1          -12.9987   
      1830:    573300.000000           1           91.9946   
      1831:    573330.000000           1          -12.9567   
      1832:    573360.000000           1           92.0503   
      1833:    573390.000000           1          -12.9149   
      1834:    573420.000000           1          779.1934   
      1835:    573450.000000           1          779.1958   
      1836:    573480.000000           1          779.2069   
      1837:    573510.000000           1           92.1440   
      1838:    573540.000000           1          779.3021   
      1839:    573570.000000           1          779.3371   
      1840:    573600.000000           1           92.1954   
      1841:    573630.000000           1          779.4043   
      1842:    573660.000000           1          779.4322   
      1843:    573690.000000           1          779.4686   
      1844:    573720.000000           1           92.2644   
      1845:    573750.000000           1          779.7775   
      1846:    573780.000000           1          779.6939   
      1847:    573810.000000           1          779.7246   
      1848:    573840.000000           1          779.8259   
      1849:    573870.000000           1          779.7034   
      1850:    573900.000000           1          779.7881   
      1851:    573930.000000           1          779.8332   
      1852:    573960.000000           1          779.9126   
      1853:    573990.000000           1          779.9972   
      1854:    574020.000000           1          780.1456   
      1855:    574050.000000           1          780.2159   
      1856:    574080.000000           1           92.4349   
      1857:    574110.000000           1          780.4943   
      1858:    574140.000000           1           92.4753   
      1859:    574170.000000           1           92.4847   
      1860:    574200.000000           1           92.4949   
      1861:    574230.000000           1           92.5057   
      1862:    574260.000000           1           92.5305   
      1863:    574290.000000           1          -12.4579   
      1864:    574320.000000           1           92.5809   
      1865:    574350.000000           1           92.6041   
      1866:    574380.000000           1           92.6160   
      1867:    574410.000000           1           92.6252   
      1868:    574440.000000           1           92.6333   
      1869:    574470.000000           1           92.6431   
      1870:    574500.000000           1           92.6550   
      1871:    574530.000000           1           92.6667   
      1872:    574560.000000           1           92.6813   
      1873:    574590.000000           1           92.6935   
      1874:    574620.000000           1           92.7192   
      1875:    574650.000000           1           92.7465   
      1876:    574680.000000           1           92.7587   
      1877:    574710.000000           1           92.7837   
      1878:    574740.000000           1           92.8054   
      1879:    574770.000000           1           92.8259   
      1880:    574800.000000           1           92.8370   
      1881:    574830.000000           1           92.8458   
      1882:    574860.000000           1           92.8627   
      1883:    574890.000000           1           92.8825   
      1884:    574920.000000           1           92.8912   
      1885:    574950.000000           1           92.9089   
      1886:    574980.000000           1           92.9264   
      1887:    575010.000000           1           92.9452   
