        19:    518970.000000           1         -205.9505   
        23:    519090.000000           1         -207.1142   
        24:    519120.000000           1         -207.4090   
        31:    519330.000000           1         -208.5203   
        34:    519420.000000           1         -209.7761   
        50:    519900.000000           1         -210.4540   
        52:    519960.000000           1         -210.2771   
        53:    519990.000000           1         -210.1969   
        54:    520020.000000           1         -210.2005   
        55:    520050.000000           1         -210.1317   
        56:    520080.000000           1         -210.0752   
        57:    520110.000000           1         -210.0065   
        58:    520140.000000           1         -209.9539   
        59:    520170.000000           1         -209.9481   
        60:    520200.000000           1         -209.8844   
        61:    520230.000000           1         -218.4180   
        62:    520260.000000           1         -218.6092   
        63:    520290.000000           1         -218.7277   
        65:    520350.000000           1         -218.9778   
        66:    520380.000000           1         -219.0385   
        67:    520410.000000           1         -219.0838   
        68:    520440.000000           1         -219.1307   
        69:    520470.000000           1         -209.6105   
        70:    520500.000000           1         -209.5667   
        75:    520650.000000           1         -209.6521   
        93:    521190.000000           1         -208.9635   
        94:    521220.000000           1         -208.9263   
        95:    521250.000000           1         -208.9099   
        96:    521280.000000           1         -208.9053   
        98:    521340.000000           1         -208.8778   
        99:    521370.000000           1         -208.8959   
       100:    521400.000000           1         -208.8787   
       101:    521430.000000           1         -208.8416   
       133:    522390.000000           1         -207.3813   
       134:    522420.000000           1         -207.3873   
       135:    522450.000000           1         -207.3658   
       167:    523410.000000           1         -206.7287   
       168:    523440.000000           1         -206.7273   
       210:    524700.000000           1         -205.9810   
       211:    524730.000000           1         -205.9557   
       213:    524790.000000           1         -205.8849   
       214:    524820.000000           1         -205.8778   
       215:    524850.000000           1         -205.8736   
       217:    524910.000000           1         -205.8409   
       218:    524940.000000           1         -205.8200   
       219:    524970.000000           1         -205.8109   
       220:    525000.000000           1         -205.7996   
       221:    525030.000000           1         -205.7827   
       222:    525060.000000           1         -217.6512   
       223:    525090.000000           1         -208.5814   
       224:    525120.000000           1         -208.5891   
       225:    525150.000000           1         -208.5876   
       226:    525180.000000           1         -217.6783   
       227:    525210.000000           1         -208.6035   
       228:    525240.000000           1         -208.5916   
       229:    525270.000000           1         -208.5593   
       230:    525300.000000           1         -208.5376   
       231:    525330.000000           1         -208.5287   
       232:    525360.000000           1         -217.5660   
       233:    525390.000000           1         -217.5533   
       234:    525420.000000           1         -217.5285   
       235:    525450.000000           1         -208.4508   
       236:    525480.000000           1         -208.4693   
       237:    525510.000000           1         -208.4736   
       238:    525540.000000           1         -208.4763   
       239:    525570.000000           1         -208.4835   
       240:    525600.000000           1         -208.4883   
       241:    525630.000000           1         -208.4757   
       242:    525660.000000           1         -208.4623   
       243:    525690.000000           1         -208.4595   
       244:    525720.000000           1         -208.4652   
       245:    525750.000000           1         -208.4870   
       246:    525780.000000           1         -208.4878   
       247:    525810.000000           1         -208.4973   
       248:    525840.000000           1         -208.5092   
       249:    525870.000000           1         -208.5164   
       250:    525900.000000           1         -208.5110   
       251:    525930.000000           1         -208.5150   
       252:    525960.000000           1         -208.5171   
       253:    525990.000000           1         -208.5420   
       254:    526020.000000           1         -208.5616   
       255:    526050.000000           1         -208.5786   
       256:    526080.000000           1         -208.5821   
       257:    526110.000000           1         -208.5970   
       258:    526140.000000           1         -208.6113   
       259:    526170.000000           1         -208.6258   
       260:    526200.000000           1         -208.6309   
       261:    526230.000000           1         -208.6335   
       262:    526260.000000           1         -208.6427   
       263:    526290.000000           1         -208.6526   
       264:    526320.000000           1         -217.7777   
       265:    526350.000000           1         -208.6910   
       266:    526380.000000           1         -208.6940   
       267:    526410.000000           1         -208.6980   
       268:    526440.000000           1         -217.8169   
       269:    526470.000000           1         -208.7382   
       270:    526500.000000           1         -208.7531   
       271:    526530.000000           1         -217.9058   
       272:    526560.000000           1         -208.8557   
       273:    526590.000000           1         -208.8718   
       274:    526620.000000           1         -208.8853   
       275:    526650.000000           1         -208.8992   
       276:    526680.000000           1         -208.9144   
       277:    526710.000000           1         -218.0933   
       278:    526740.000000           1         -208.9953   
       279:    526770.000000           1         -209.0068   
       280:    526800.000000           1         -209.0147   
       281:    526830.000000           1         -209.0313   
       282:    526860.000000           1         -218.1991   
       283:    526890.000000           1         -209.0799   
       284:    526920.000000           1         -218.2422   
       285:    526950.000000           1         -209.1306   
       286:    526980.000000           1         -218.2936   
       287:    527010.000000           1         -218.2984   
       288:    527040.000000           1         -218.3055   
       289:    527070.000000           1         -206.0002   
       290:    527100.000000           1         -206.0012   
       291:    527130.000000           1         -206.0105   
       292:    527160.000000           1         -206.0129   
       293:    527190.000000           1         -206.0155   
       295:    527250.000000           1         -206.0386   
       296:    527280.000000           1         -206.0366   
       297:    527310.000000           1         -206.0357   
       298:    527340.000000           1         -206.0352   
       299:    527370.000000           1         -206.0298   
       300:    527400.000000           1         -206.0257   
       301:    527430.000000           1         -206.0289   
       302:    527460.000000           1         -206.0397   
       313:    527790.000000           1         -206.0610   
       326:    528180.000000           1         -206.1211   
       346:    528780.000000           1         -206.2875   
       348:    528840.000000           1         -206.3221   
       349:    528870.000000           1         -206.3309   
       350:    528900.000000           1         -206.3314   
       351:    528930.000000           1         -206.3375   
       360:    529200.000000           1         -206.3782   
       369:    529470.000000           1         -206.3890   
       372:    529560.000000           1         -206.3739   
       373:    529590.000000           1         -206.3862   
       374:    529620.000000           1         -206.3887   
       375:    529650.000000           1         -206.4024   
       378:    529740.000000           1         -206.4155   
       379:    529770.000000           1         -206.4240   
       380:    529800.000000           1         -206.4224   
       414:    530820.000000           1         -206.9208   
       415:    530850.000000           1         -206.9237   
       416:    530880.000000           1         -206.8978   
       417:    530910.000000           1         -206.9142   
       418:    530940.000000           1         -206.8769   
       431:    531330.000000           1         -206.6348   
       432:    531360.000000           1         -206.6231   
       433:    531390.000000           1         -206.6212   
       434:    531420.000000           1         -206.6262   
       435:    531450.000000           1         -206.6237   
       436:    531480.000000           1         -206.6150   
       456:    532080.000000           1         -206.4606   
       458:    532140.000000           1         -206.4538   
       459:    532170.000000           1         -206.4452   
       460:    532200.000000           1         -206.4451   
       461:    532230.000000           1         -206.4461   
       462:    532260.000000           1         -206.4493   
       464:    532320.000000           1         -206.4430   
       465:    532350.000000           1         -206.4421   
       469:    532470.000000           1         -206.4015   
       472:    532560.000000           1         -206.4064   
       474:    532620.000000           1         -206.3977   
       475:    532650.000000           1         -206.3970   
       476:    532680.000000           1         -219.2969   
       477:    532710.000000           1         -219.2991   
       478:    532740.000000           1         -219.2991   
       479:    532770.000000           1         -219.2962   
       480:    532800.000000           1         -219.2926   
       481:    532830.000000           1         -206.3987   
       482:    532860.000000           1         -206.3927   
       483:    532890.000000           1         -206.3933   
       484:    532920.000000           1         -206.3917   
       485:    532950.000000           1         -206.3962   
       490:    533100.000000           1         -206.3973   
       491:    533130.000000           1         -206.3946   
       492:    533160.000000           1         -206.3912   
       493:    533190.000000           1         -206.3940   
       494:    533220.000000           1         -206.3924   
       496:    533280.000000           1         -206.3965   
       498:    533340.000000           1         -206.3873   
       500:    533400.000000           1         -206.3910   
       501:    533430.000000           1         -206.3892   
       502:    533460.000000           1         -206.3793   
       507:    533610.000000           1         -206.3690   
       524:    534120.000000           1         -206.3091   
       525:    534150.000000           1         -206.3101   
       526:    534180.000000           1         -206.3118   
       527:    534210.000000           1         -206.3129   
       528:    534240.000000           1         -206.3106   
       529:    534270.000000           1         -206.3066   
       530:    534300.000000           1         -206.3042   
       531:    534330.000000           1         -206.2953   
       532:    534360.000000           1         -206.2908   
       533:    534390.000000           1         -206.2860   
       534:    534420.000000           1         -219.2216   
       535:    534450.000000           1         -219.2213   
       536:    534480.000000           1         -219.2166   
       537:    534510.000000           1         -219.2153   
       538:    534540.000000           1         -206.2764   
       539:    534570.000000           1         -206.2747   
       540:    534600.000000           1         -206.2737   
       541:    534630.000000           1         -206.2704   
       542:    534660.000000           1         -206.2673   
       543:    534690.000000           1         -206.2699   
       544:    534720.000000           1         -206.2678   
       545:    534750.000000           1         -206.2641   
       546:    534780.000000           1         -206.2598   
       547:    534810.000000           1         -206.2550   
       548:    534840.000000           1         -206.2547   
       549:    534870.000000           1         -206.2485   
       550:    534900.000000           1         -206.2498   
       551:    534930.000000           1         -206.2481   
       552:    534960.000000           1         -206.2407   
       553:    534990.000000           1         -206.2361   
       555:    535050.000000           1         -206.2100   
       556:    535080.000000           1         -206.2001   
       557:    535110.000000           1         -206.1941   
       558:    535140.000000           1         -206.1914   
       559:    535170.000000           1         -206.1830   
       560:    535200.000000           1         -209.9471   
       561:    535230.000000           1         -206.1909   
       562:    535260.000000           1         -219.1482   
       563:    535290.000000           1         -219.1508   
       564:    535320.000000           1         -219.1516   
       565:    535350.000000           1         -209.9657   
       566:    535380.000000           1         -209.9674   
       567:    535410.000000           1         -209.9697   
       568:    535440.000000           1         -209.9732   
       569:    535470.000000           1         -209.9806   
       570:    535500.000000           1         -219.1713   
       572:    535560.000000           1         -219.1691   
       573:    535590.000000           1         -219.1713   
       574:    535620.000000           1         -209.9906   
       575:    535650.000000           1         -219.1766   
       576:    535680.000000           1         -219.1820   
       577:    535710.000000           1         -219.1884   
       578:    535740.000000           1         -206.2343   
       579:    535770.000000           1         -219.2054   
       580:    535800.000000           1         -219.2168   
       581:    535830.000000           1         -219.2235   
       582:    535860.000000           1         -219.2288   
       583:    535890.000000           1         -219.2382   
       584:    535920.000000           1         -219.2425   
       585:    535950.000000           1         -219.2454   
       586:    535980.000000           1         -206.2844   
       587:    536010.000000           1         -219.2622   
       588:    536040.000000           1         -219.2666   
       589:    536070.000000           1         -219.2706   
       590:    536100.000000           1         -206.3005   
       591:    536130.000000           1         -206.3056   
       593:    536190.000000           1         -206.3199   
       594:    536220.000000           1         -206.3248   
       595:    536250.000000           1         -206.3302   
       596:    536280.000000           1         -206.3307   
       597:    536310.000000           1         -206.3304   
       598:    536340.000000           1         -206.3342   
       599:    536370.000000           1         -206.3355   
       601:    536430.000000           1         -206.3335   
       602:    536460.000000           1         -206.3349   
       603:    536490.000000           1         -206.3422   
       604:    536520.000000           1         -206.3432   
       605:    536550.000000           1         -206.3430   
       606:    536580.000000           1         -206.3428   
       607:    536610.000000           1         -206.3481   
       608:    536640.000000           1         -219.3223   
       609:    536670.000000           1         -206.3473   
       610:    536700.000000           1         -219.3225   
       611:    536730.000000           1         -219.3210   
       612:    536760.000000           1         -219.3188   
       613:    536790.000000           1         -219.3176   
       614:    536820.000000           1         -219.3231   
       615:    536850.000000           1         -219.3258   
       616:    536880.000000           1         -219.3264   
       617:    536910.000000           1         -206.3587   
       618:    536940.000000           1         -219.3357   
       619:    536970.000000           1         -219.3371   
       620:    537000.000000           1         -219.3394   
       621:    537030.000000           1         -219.3450   
       622:    537060.000000           1         -219.3518   
       623:    537090.000000           1         -219.3608   
       624:    537120.000000           1         -219.3600   
       625:    537150.000000           1         -206.3634   
       626:    537180.000000           1         -206.3635   
       627:    537210.000000           1         -219.3544   
       628:    537240.000000           1         -219.3562   
       629:    537270.000000           1         -206.3477   
       631:    537330.000000           1         -206.3431   
       632:    537360.000000           1         -206.3448   
       633:    537390.000000           1         -206.3503   
       634:    537420.000000           1         -206.3556   
       635:    537450.000000           1         -206.3620   
       636:    537480.000000           1         -206.3590   
       637:    537510.000000           1         -206.3611   
       658:    538140.000000           1         -206.4900   
       662:    538260.000000           1         -219.5498   
       663:    538290.000000           1         -206.5431   
       664:    538320.000000           1         -219.5823   
       665:    538350.000000           1         -219.5877   
       666:    538380.000000           1         -219.5969   
       667:    538410.000000           1         -219.6064   
       668:    538440.000000           1         -219.6153   
       669:    538470.000000           1         -219.6228   
       670:    538500.000000           1         -219.6285   
       671:    538530.000000           1         -219.6351   
       672:    538560.000000           1         -219.6437   
       673:    538590.000000           1         -219.6570   
       674:    538620.000000           1         -219.6715   
       675:    538650.000000           1         -206.6512   
       676:    538680.000000           1         -206.6613   
       677:    538710.000000           1         -206.6695   
       678:    538740.000000           1         -206.6760   
       679:    538770.000000           1         -206.6852   
       680:    538800.000000           1         -219.7424   
       681:    538830.000000           1         -219.7535   
       682:    538860.000000           1         -219.7605   
       683:    538890.000000           1         -206.7364   
       684:    538920.000000           1         -219.7964   
       685:    538950.000000           1         -206.7721   
       686:    538980.000000           1         -219.8362   
       687:    539010.000000           1         -206.8045   
       688:    539040.000000           1         -219.8754   
       690:    539100.000000           1         -219.9122   
       691:    539130.000000           1         -219.9265   
       692:    539160.000000           1         -219.9356   
       693:    539190.000000           1         -219.9479   
       694:    539220.000000           1         -219.9541   
       695:    539250.000000           1         -219.9598   
       696:    539280.000000           1         -219.9636   
       697:    539310.000000           1         -219.9733   
       698:    539340.000000           1         -219.9768   
       700:    539400.000000           1         -206.9263   
       701:    539430.000000           1         -206.9323   
       705:    539550.000000           1         -206.9836   
       706:    539580.000000           1         -206.9875   
       707:    539610.000000           1         -206.9912   
       708:    539640.000000           1         -206.9960   
       709:    539670.000000           1         -207.0045   
       710:    539700.000000           1         -207.0138   
       757:    541110.000000           1         -207.3597   
       758:    541140.000000           1         -207.3663   
       876:    544680.000000           1         -208.8947   
       878:    544740.000000           1         -208.9433   
       879:    544770.000000           1         -208.9563   
       882:    544860.000000           1         -209.0138   
       883:    544890.000000           1         -209.0271   
       923:    546090.000000           1         -209.6841   
       925:    546150.000000           1         -209.7402   
       927:    546210.000000           1         -209.7924   
       928:    546240.000000           1         -209.8053   
       929:    546270.000000           1         -209.8242   
       930:    546300.000000           1         -209.8362   
       979:    547770.000000           1         -210.7892   
       982:    547860.000000           1         -210.8615   
      1006:    548580.000000           1         -211.2275   
      1007:    548610.000000           1         -211.2377   
      1034:    549420.000000           1         -211.6459   
      1035:    549450.000000           1         -211.6575   
      1041:    549630.000000           1         -211.7400   
      1042:    549660.000000           1         -211.7459   
      1043:    549690.000000           1         -211.7563   
      1119:    551970.000000           1         -212.2858   
      1120:    552000.000000           1         -212.2898   
      1232:    555360.000000           1         -211.9420   
      1234:    555420.000000           1         -211.9157   
      1235:    555450.000000           1         -211.9117   
      1236:    555480.000000           1         -211.9060   
      1237:    555510.000000           1         -211.9007   
      1543:    564690.000000           1         -210.6627   
      1544:    564720.000000           1         -210.6582   
      1550:    564900.000000           1         -210.6112   
      1551:    564930.000000           1         -210.6051   
      1552:    564960.000000           1         -210.6012   
      1553:    564990.000000           1         -210.5973   
      1554:    565020.000000           1         -210.5938   
      1555:    565050.000000           1         -210.5889   
      1556:    565080.000000           1         -210.5853   
      1557:    565110.000000           1         -210.5804   
      1558:    565140.000000           1         -210.5764   
      1559:    565170.000000           1         -210.5697   
      1560:    565200.000000           1         -210.5650   
      1561:    565230.000000           1         -210.5608   
      1564:    565320.000000           1         -210.5314   
      1565:    565350.000000           1         -210.5262   
      1566:    565380.000000           1         -210.5209   
      1567:    565410.000000           1         -210.5171   
      1568:    565440.000000           1         -210.5130   
      1569:    565470.000000           1         -224.2354   
      1570:    565500.000000           1         -224.2324   
      1571:    565530.000000           1         -210.5001   
      1572:    565560.000000           1         -224.2156   
      1573:    565590.000000           1         -210.4758   
      1574:    565620.000000           1         -224.1957   
      1575:    565650.000000           1         -210.4559   
      1576:    565680.000000           1         -224.1764   
      1577:    565710.000000           1         -224.1723   
      1578:    565740.000000           1         -224.1671   
      1579:    565770.000000           1         -224.1591   
      1580:    565800.000000           1         -224.1540   
      1581:    565830.000000           1         -224.1480   
      1582:    565860.000000           1         -224.1426   
      1583:    565890.000000           1         -210.4021   
      1584:    565920.000000           1         -224.1255   
      1585:    565950.000000           1         -224.1220   
      1586:    565980.000000           1         -224.1193   
      1587:    566010.000000           1         -224.1140   
      1588:    566040.000000           1         -224.1089   
      1589:    566070.000000           1         -224.1049   
      1590:    566100.000000           1         -224.1013   
      1591:    566130.000000           1         -224.0974   
      1592:    566160.000000           1         -224.0949   
      1593:    566190.000000           1         -224.0899   
      1594:    566220.000000           1         -224.0849   
      1595:    566250.000000           1         -224.0792   
      1596:    566280.000000           1         -224.0746   
      1597:    566310.000000           1         -210.3246   
      1598:    566340.000000           1         -224.0553   
      1599:    566370.000000           1         -210.3126   
      1638:    567540.000000           1         -209.9572   
      1639:    567570.000000           1         -209.9516   
      1640:    567600.000000           1         -209.9444   
      1642:    567660.000000           1         -209.9175   
      1643:    567690.000000           1         -209.9102   
      1651:    567930.000000           1         -209.8460   
      1652:    567960.000000           1         -209.8365   
      1653:    567990.000000           1         -209.8294   
      1654:    568020.000000           1         -209.8215   
      1655:    568050.000000           1         -209.8139   
      1656:    568080.000000           1         -209.8063   
      1657:    568110.000000           1         -209.7997   
      1658:    568140.000000           1         -209.7942   
      1659:    568170.000000           1         -209.7852   
      1660:    568200.000000           1         -209.7777   
      1661:    568230.000000           1         -209.7687   
      1662:    568260.000000           1         -209.7607   
      1663:    568290.000000           1         -209.7531   
      1664:    568320.000000           1         -209.7463   
      1665:    568350.000000           1         -209.7394   
      1667:    568410.000000           1         -209.7051   
      1668:    568440.000000           1         -209.6980   
      1669:    568470.000000           1         -223.4434   
      1670:    568500.000000           1         -223.4370   
      1671:    568530.000000           1         -223.4295   
      1672:    568560.000000           1         -209.6701   
      1673:    568590.000000           1         -209.6633   
      1674:    568620.000000           1         -209.6494   
      1675:    568650.000000           1         -223.3892   
      1676:    568680.000000           1         -209.6281   
      1677:    568710.000000           1         -209.6221   
      1678:    568740.000000           1         -209.6152   
      1680:    568800.000000           1         -209.5796   
      1682:    568860.000000           1         -209.5440   
      1683:    568890.000000           1         -209.5375   
      1684:    568920.000000           1         -209.5313   
      1685:    568950.000000           1         -209.5234   
      1686:    568980.000000           1         -209.5157   
      1687:    569010.000000           1         -209.5092   
      1688:    569040.000000           1         -209.5010   
      1689:    569070.000000           1         -209.4937   
      1691:    569130.000000           1         -209.4659   
      1692:    569160.000000           1         -209.4585   
      1693:    569190.000000           1         -209.4516   
      1694:    569220.000000           1         -209.4469   
      1695:    569250.000000           1         -209.4404   
      1696:    569280.000000           1         -209.4343   
      1697:    569310.000000           1         -209.4291   
      1698:    569340.000000           1         -209.4218   
      1699:    569370.000000           1         -209.4151   
      1700:    569400.000000           1         -209.4091   
      1701:    569430.000000           1         -209.4027   
      1702:    569460.000000           1         -209.3946   
      1703:    569490.000000           1         -209.3859   
      1704:    569520.000000           1         -209.3780   
      1705:    569550.000000           1         -209.3697   
      1706:    569580.000000           1         -209.3542   
      1888:    575040.000000           1         -220.4373   
      1889:    575070.000000           1         -206.6543   
      1890:    575100.000000           1         -220.3941   
      1891:    575130.000000           1         -220.3846   
      1892:    575160.000000           1         -206.6031   
      1893:    575190.000000           1         -220.3442   
      1894:    575220.000000           1         -220.3365   
      1895:    575250.000000           1         -220.3169   
      1896:    575280.000000           1         -206.5373   
      1897:    575310.000000           1         -220.2769   
      1898:    575340.000000           1         -206.4991   
      1899:    575370.000000           1         -220.2422   
      1901:    575430.000000           1         -220.2102   
      1903:    575490.000000           1         -206.4109   
      1905:    575550.000000           1         -206.3696   
      1906:    575580.000000           1         -206.3480   
      1907:    575610.000000           1         -220.0876   
      1908:    575640.000000           1         -220.0679   
      1909:    575670.000000           1         -206.2849   
      1910:    575700.000000           1         -220.0266   
      1911:    575730.000000           1         -206.2404   
      1912:    575760.000000           1         -206.2200   
      1913:    575790.000000           1         -219.9612   
      1914:    575820.000000           1         -206.1763   
      1915:    575850.000000           1         -219.9166   
      1916:    575880.000000           1         -219.9066   
      1918:    575940.000000           1         -206.1030   
      1921:    576030.000000           1         -206.0460   
      1922:    576060.000000           1         -206.0358   
      1924:    576120.000000           1         -205.9980   
      1926:    576180.000000           1         -205.9566   
      1927:    576210.000000           1         -205.9454   
      1928:    576240.000000           1         -205.9363   
      1929:    576270.000000           1         -205.9266   
      1930:    576300.000000           1         -205.9160   
      1932:    576360.000000           1         -205.8724   
      1933:    576390.000000           1         -205.8623   
      1934:    576420.000000           1         -205.8538   
      1935:    576450.000000           1         -205.8452   
      1936:    576480.000000           1         -205.8360   
      1937:    576510.000000           1         -205.8211   
      1938:    576540.000000           1         -219.5662   
      1939:    576570.000000           1         -205.7803   
      1940:    576600.000000           1         -219.5266   
      1941:    576630.000000           1         -219.5156   
      1943:    576690.000000           1         -219.4743   
      1944:    576720.000000           1         -219.4644   
      1945:    576750.000000           1         -205.6773   
      1946:    576780.000000           1         -205.6548   
      1947:    576810.000000           1         -219.4006   
      1948:    576840.000000           1         -219.3907   
      1949:    576870.000000           1         -219.3807   
      1950:    576900.000000           1         -219.3705   
      1951:    576930.000000           1         -219.3600   
      1952:    576960.000000           1         -205.5726   
      1953:    576990.000000           1         -219.3208   
      1954:    577020.000000           1         -219.3113   
      1955:    577050.000000           1         -219.3007   
      1956:    577080.000000           1         -205.5227   
      1957:    577110.000000           1         -205.5124   
      1958:    577140.000000           1         -205.5011   
      1959:    577170.000000           1         -205.4913   
      1960:    577200.000000           1         -205.4808   
      1961:    577230.000000           1         -205.4704   
      1963:    577290.000000           1         -205.4286   
      1964:    577320.000000           1         -205.4193   
      1965:    577350.000000           1         -205.4087   
      1966:    577380.000000           1         -205.3984   
      1967:    577410.000000           1         -205.3881   
      1969:    577470.000000           1         -205.3446   
      1970:    577500.000000           1         -205.3352   
      1971:    577530.000000           1         -205.3257   
      1974:    577620.000000           1         -205.2681   
      1975:    577650.000000           1         -205.2586   
      1976:    577680.000000           1         -205.2489   
      1977:    577710.000000           1         -205.2389   
      1978:    577740.000000           1         -205.2298   
      2008:    578640.000000           1         -204.8461   
      2009:    578670.000000           1         -204.8370   
      2010:    578700.000000           1         -204.8265   
      2011:    578730.000000           1         -204.8165   
      2012:    578760.000000           1         -204.8071   
      2013:    578790.000000           1         -204.7988   
      2014:    578820.000000           1         -204.7891   
      2015:    578850.000000           1         -204.7795   
      2058:    580140.000000           1         -204.1464   
      2059:    580170.000000           1         -204.1304   
      2060:    580200.000000           1         -217.9055   
      2061:    580230.000000           1         -204.1100   
      2062:    580260.000000           1         -217.8752   
      2063:    580290.000000           1         -206.2042   
      2064:    580320.000000           1         -217.8497   
      2065:    580350.000000           1         -205.7735   
      2066:    580380.000000           1         -217.8137   
      2067:    580410.000000           1         -217.7957   
      2068:    580440.000000           1         -217.7750   
      2069:    580470.000000           1         -217.7665   
      2070:    580500.000000           1         -205.3754   
      2071:    580530.000000           1         -203.9487   
      2072:    580560.000000           1         -205.2690   
      2073:    580590.000000           1         -203.9162   
      2074:    580620.000000           1         -205.2264   
      2075:    580650.000000           1         -205.2007   
      2076:    580680.000000           1         -217.6684   
      2077:    580710.000000           1         -217.6605   
      2078:    580740.000000           1         -167.5756   
      2079:    580770.000000           1         -167.5654   
      2080:    580800.000000           1         -204.9972   
      2081:    580830.000000           1         -204.9469   
      2082:    580860.000000           1         -203.8194   
      2083:    580890.000000           1         -204.7882   
      2084:    580920.000000           1         -204.7736   
      2085:    580950.000000           1         -204.7657   
      2087:    581010.000000           1         -203.7474   
      2088:    581040.000000           1         -203.7399   
      2089:    581070.000000           1         -203.7321   
      2091:    581130.000000           1         -203.6944   
      2092:    581160.000000           1         -203.6853   
      2093:    581190.000000           1         -203.6767   
      2094:    581220.000000           1         -203.6668   
      2096:    581280.000000           1         -203.6320   
      2097:    581310.000000           1         -203.6239   
      2098:    581340.000000           1         -203.6152   
      2099:    581370.000000           1         -203.6071   
      2100:    581400.000000           1         -203.5985   
      2101:    581430.000000           1         -203.5886   
      2102:    581460.000000           1         -203.5790   
      2103:    581490.000000           1         -204.3243   
      2104:    581520.000000           1         -204.2976   
      2105:    581550.000000           1         -204.2707   
      2106:    581580.000000           1         -204.2517   
      2107:    581610.000000           1         -204.2341   
      2108:    581640.000000           1         -204.2101   
      2109:    581670.000000           1         -204.1871   
      2110:    581700.000000           1         -204.1639   
      2111:    581730.000000           1         -203.4760   
      2112:    581760.000000           1         -203.4576   
      2113:    581790.000000           1         -203.3916   
      2114:    581820.000000           1         -203.4311   
      2115:    581850.000000           1         -203.5309   
      2116:    581880.000000           1         -203.5915   
      2117:    581910.000000           1         -217.1938   
      2118:    581940.000000           1         -203.3803   
      2119:    581970.000000           1         -217.1591   
      2120:    582000.000000           1         -203.3465   
      2121:    582030.000000           1         -217.1252   
      2122:    582060.000000           1         -217.1172   
      2123:    582090.000000           1         -203.6129   
      2124:    582120.000000           1         -203.6154   
      2125:    582150.000000           1         -203.6096   
      2126:    582180.000000           1         -203.6084   
      2127:    582210.000000           1         -203.2674   
      2128:    582240.000000           1         -203.2508   
      2129:    582270.000000           1         -203.2326   
      2130:    582300.000000           1         -203.4641   
      2131:    582330.000000           1         -203.1961   
      2132:    582360.000000           1         -203.1777   
      2133:    582390.000000           1         -203.1680   
      2134:    582420.000000           1         -203.1599   
      2135:    582450.000000           1         -203.1495   
      2136:    582480.000000           1         -203.1405   
      2137:    582510.000000           1         -203.1306   
      2138:    582540.000000           1         -203.1216   
      2139:    582570.000000           1         -203.1122   
      2140:    582600.000000           1         -203.1040   
      2141:    582630.000000           1         -203.0945   
      2142:    582660.000000           1         -203.0857   
      2143:    582690.000000           1         -203.0765   
      2144:    582720.000000           1         -203.0669   
      2145:    582750.000000           1         -203.0591   
      2147:    582810.000000           1         -203.0203   
      2148:    582840.000000           1         -203.0107   
      2149:    582870.000000           1         -203.0004   
      2150:    582900.000000           1         -202.9911   
      2151:    582930.000000           1         -202.9803   
      2152:    582960.000000           1         -203.1237   
      2153:    582990.000000           1         -202.9595   
      2154:    583020.000000           1         -202.9494   
      2155:    583050.000000           1         -202.9387   
      2156:    583080.000000           1         -202.9275   
      2157:    583110.000000           1         -202.9186   
      2159:    583170.000000           1         -202.8755   
      2160:    583200.000000           1         -202.8652   
      2161:    583230.000000           1         -202.8544   
      2165:    583350.000000           1         -202.7824   
      2166:    583380.000000           1         -202.7719   
      2167:    583410.000000           1         -202.7618   
      2168:    583440.000000           1         -202.7507   
      2169:    583470.000000           1         -202.7398   
      2170:    583500.000000           1         -202.7288   
      2171:    583530.000000           1         -202.7181   
      2172:    583560.000000           1         -202.8467   
      2173:    583590.000000           1         -202.8289   
      2174:    583620.000000           1         -202.8128   
      2175:    583650.000000           1         -202.7967   
      2176:    583680.000000           1         -202.7792   
      2177:    583710.000000           1         -202.7638   
      2178:    583740.000000           1         -202.6288   
      2179:    583770.000000           1         -202.6947   
      2180:    583800.000000           1         -202.6809   
      2181:    583830.000000           1         -202.6681   
      2182:    583860.000000           1         -202.5647   
      2183:    583890.000000           1         -202.6203   
      2184:    583920.000000           1         -202.6051   
      2185:    583950.000000           1         -202.5078   
      2186:    583980.000000           1         -202.5478   
      2187:    584010.000000           1         -202.5348   
      2188:    584040.000000           1         -202.5164   
      2189:    584070.000000           1         -202.5032   
      2190:    584100.000000           1         -202.4909   
      2191:    584130.000000           1         -202.4759   
      2192:    584160.000000           1         -202.4609   
      2193:    584190.000000           1         -202.4465   
      2194:    584220.000000           1         -202.4330   
      2195:    584250.000000           1         -202.4206   
      2196:    584280.000000           1         -202.3673   
      2197:    584310.000000           1         -202.3575   
      2199:    584370.000000           1         -202.3140   
      2200:    584400.000000           1         -202.3026   
      2201:    584430.000000           1         -202.2826   
      2202:    584460.000000           1         -202.2728   
      2203:    584490.000000           1         -202.2620   
      2205:    584550.000000           1         -202.2232   
      2206:    584580.000000           1         -202.2126   
      2207:    584610.000000           1         -202.2026   
      2208:    584640.000000           1         -202.1921   
      2215:    584850.000000           1         -202.1033   
      2283:    586890.000000           1         -201.0723   
      2284:    586920.000000           1         -201.0603   
      2288:    587040.000000           1         -200.9820   
      2289:    587070.000000           1         -200.9706   
      2291:    587130.000000           1         -200.7666   
      2292:    587160.000000           1         -200.7556   
      2293:    587190.000000           1         -200.8921   
      2294:    587220.000000           1         -200.7000   
      2295:    587250.000000           1         -200.8481   
      2296:    587280.000000           1         -200.6493   
      2297:    587310.000000           1         -200.6373   
      2298:    587340.000000           1         -200.6263   
      2299:    587370.000000           1         -200.6145   
      2300:    587400.000000           1         -200.7722   
      2302:    587460.000000           1         -200.5344   
      2303:    587490.000000           1         -200.5218   
      2304:    587520.000000           1         -200.5074   
      2305:    587550.000000           1         -200.4938   
      2306:    587580.000000           1         -200.6711   
      2307:    587610.000000           1         -200.6496   
      2308:    587640.000000           1         -214.4160   
      2309:    587670.000000           1         -214.4048   
      2310:    587700.000000           1         -214.3939   
      2311:    587730.000000           1         -214.3825   
      2312:    587760.000000           1         -214.3711   
      2313:    587790.000000           1         -200.3404   
      2314:    587820.000000           1         -214.3241   
      2315:    587850.000000           1         -214.3122   
      2316:    587880.000000           1         -200.2923   
      2317:    587910.000000           1         -200.2802   
      2318:    587940.000000           1         -200.2677   
      2319:    587970.000000           1         -200.4713   
      2320:    588000.000000           1         -200.2205   
      2321:    588030.000000           1         -200.2078   
      2322:    588060.000000           1         -200.4158   
      2325:    588150.000000           1         -200.1081   
      2326:    588180.000000           1         -200.0971   
      2327:    588210.000000           1         -200.0870   
      2328:    588240.000000           1         -200.3212   
      2330:    588300.000000           1         -200.2806   
      2331:    588330.000000           1         -200.2712   
      2332:    588360.000000           1         -200.2611   
      2333:    588390.000000           1         -200.2507   
      2334:    588420.000000           1         -199.9848   
      2335:    588450.000000           1         -200.2187   
      2336:    588480.000000           1         -199.9412   
      2337:    588510.000000           1         -199.9296   
      2338:    588540.000000           1         -200.1792   
      2339:    588570.000000           1         -200.1692   
      2340:    588600.000000           1         -199.8975   
      2341:    588630.000000           1         -200.1495   
      2343:    588690.000000           1         -200.1305   
      2344:    588720.000000           1         -200.1216   
      2346:    588780.000000           1         -200.0908   
      2347:    588810.000000           1         -200.0810   
      2348:    588840.000000           1         -200.0709   
      2349:    588870.000000           1         -213.8441   
      2350:    588900.000000           1         -199.7814   
      2351:    588930.000000           1         -200.0318   
      2352:    588960.000000           1         -199.7435   
      2353:    588990.000000           1         -199.7330   
      2354:    589020.000000           1         -199.9882   
      2355:    589050.000000           1         -213.7531   
      2356:    589080.000000           1         -199.9514   
      2357:    589110.000000           1         -199.9333   
      2358:    589140.000000           1         -199.6357   
      2359:    589170.000000           1         -199.6271   
      2360:    589200.000000           1         -199.8952   
      2361:    589230.000000           1         -199.8791   
      2363:    589290.000000           1         -199.8455   
      2364:    589320.000000           1         -199.8371   
      2365:    589350.000000           1         -199.8286   
      2366:    589380.000000           1         -199.8204   
      2367:    589410.000000           1         -199.8121   
      2368:    589440.000000           1         -199.8038   
      2369:    589470.000000           1         -199.7957   
      2372:    589560.000000           1         -199.4545   
      2373:    589590.000000           1         -199.4464   
      2374:    589620.000000           1         -199.4380   
      2375:    589650.000000           1         -199.7193   
      2376:    589680.000000           1         -199.4054   
      2377:    589710.000000           1         -199.3967   
      2378:    589740.000000           1         -199.3892   
      2379:    589770.000000           1         -213.4592   
      2380:    589800.000000           1         -199.6649   
      2381:    589830.000000           1         -213.4287   
      2382:    589860.000000           1         -199.3391   
      2383:    589890.000000           1         -213.4144   
      2384:    589920.000000           1         -199.3226   
      2385:    589950.000000           1         -213.4004   
      2386:    589980.000000           1         -199.6069   
      2387:    590010.000000           1         -199.2817   
      2388:    590040.000000           1         -199.2751   
      2389:    590070.000000           1         -199.2677   
      2390:    590100.000000           1         -199.5658   
      2391:    590130.000000           1         -199.2383   
      2392:    590160.000000           1         -199.2314   
      2393:    590190.000000           1         -213.3150   
      2394:    590220.000000           1         -213.3072   
      2395:    590250.000000           1         -199.2092   
      2396:    590280.000000           1         -199.1960   
      2397:    590310.000000           1         -213.2770   
      2398:    590340.000000           1         -199.1748   
      2399:    590370.000000           1         -213.2533   
      2400:    590400.000000           1         -213.2472   
      2401:    590430.000000           1         -199.1435   
      2402:    590460.000000           1         -199.1314   
      2403:    590490.000000           1         -199.4330   
      2404:    590520.000000           1         -199.1084   
      2405:    590550.000000           1         -199.1020   
      2406:    590580.000000           1         -199.0947   
      2407:    590610.000000           1         -199.0892   
      2409:    590670.000000           1         -199.3807   
      2410:    590700.000000           1         -199.0564   
      2411:    590730.000000           1         -199.3594   
      2412:    590760.000000           1         -199.0366   
      2413:    590790.000000           1         -199.0325   
      2414:    590820.000000           1         -199.3400   
      2415:    590850.000000           1         -199.3309   
      2416:    590880.000000           1         -199.3233   
      2417:    590910.000000           1         -198.9935   
      2418:    590940.000000           1         -198.9883   
      2419:    590970.000000           1         -198.9833   
      2420:    591000.000000           1         -198.9773   
      2421:    591030.000000           1         -198.9720   
      2422:    591060.000000           1         -199.2813   
      2423:    591090.000000           1         -198.9474   
      2424:    591120.000000           1         -199.2575   
      2425:    591150.000000           1         -199.2487   
      2430:    591300.000000           1         -199.2266   
      2431:    591330.000000           1         -199.2233   
      2432:    591360.000000           1         -199.2198   
      2433:    591390.000000           1         -199.2153   
      2434:    591420.000000           1         -199.2111   
      2435:    591450.000000           1         -199.2075   
      2436:    591480.000000           1         -198.8799   
      2437:    591510.000000           1         -199.1933   
      2438:    591540.000000           1         -199.1895   
      2439:    591570.000000           1         -199.1853   
      2440:    591600.000000           1         -199.1819   
      2441:    591630.000000           1         -199.1786   
      2442:    591660.000000           1         -199.1762   
      2443:    591690.000000           1         -199.1741   
      2444:    591720.000000           1         -199.1710   
      2446:    591780.000000           1         -199.1523   
      2447:    591810.000000           1         -199.1484   
      2448:    591840.000000           1         -199.1458   
      2449:    591870.000000           1         -199.1433   
      2450:    591900.000000           1         -199.1391   
      2451:    591930.000000           1         -199.1370   
      2452:    591960.000000           1         -198.8014   
      2453:    591990.000000           1         -198.7988   
      2454:    592020.000000           1         -198.7963   
      2455:    592050.000000           1         -198.7953   
      2456:    592080.000000           1         -198.7927   
      2457:    592110.000000           1         -198.7912   
      2458:    592140.000000           1         -198.7893   
      2459:    592170.000000           1         -198.7876   
      2460:    592200.000000           1         -198.7851   
      2461:    592230.000000           1         -198.7832   
      2462:    592260.000000           1         -198.7795   
      2463:    592290.000000           1         -198.7765   
      2464:    592320.000000           1         -212.8786   
      2465:    592350.000000           1         -212.8788   
      2466:    592380.000000           1         -198.7752   
      2467:    592410.000000           1         -198.7744   
      2468:    592440.000000           1         -198.7728   
      2469:    592470.000000           1         -198.7708   
      2470:    592500.000000           1         -198.7694   
      2471:    592530.000000           1         -199.0977   
      2472:    592560.000000           1         -198.7620   
      2473:    592590.000000           1         -212.8624   
      2474:    592620.000000           1         -212.8608   
      2475:    592650.000000           1         -212.8583   
      2476:    592680.000000           1         -162.5493   
      2477:    592710.000000           1         -162.5468   
      2478:    592740.000000           1         -162.5457   
      2479:    592770.000000           1         -162.5436   
      2480:    592800.000000           1         -162.5414   
      2481:    592830.000000           1         -162.5397   
      2482:    592860.000000           1         -162.5392   
      2483:    592890.000000           1         -203.7212   
      2484:    592920.000000           1         -203.7199   
      2485:    592950.000000           1         -203.7170   
      2486:    592980.000000           1         -203.7154   
      2487:    593010.000000           1         -203.7145   
      2488:    593040.000000           1         -203.7141   
      2489:    593070.000000           1         -203.7142   
      2490:    593100.000000           1         -203.7142   
      2491:    593130.000000           1         -203.7143   
      2492:    593160.000000           1         -203.7144   
      2493:    593190.000000           1         -203.7145   
      2494:    593220.000000           1         -203.7129   
      2495:    593250.000000           1         -203.7128   
      2496:    593280.000000           1         -203.7128   
      2497:    593310.000000           1         -203.7131   
      2498:    593340.000000           1         -203.7116   
      2499:    593370.000000           1         -162.5250   
      2500:    593400.000000           1         -162.5234   
      2501:    593430.000000           1         -203.7082   
      2502:    593460.000000           1         -203.7083   
      2503:    593490.000000           1         -203.7076   
      2504:    593520.000000           1         -162.5196   
      2505:    593550.000000           1         -203.7032   
      2506:    593580.000000           1         -203.7029   
      2507:    593610.000000           1         -203.7027   
      2508:    593640.000000           1         -203.7021   
      2509:    593670.000000           1         -203.7015   
      2510:    593700.000000           1         -203.7010   
      2511:    593730.000000           1         -203.7015   
      2512:    593760.000000           1         -203.7022   
      2513:    593790.000000           1         -203.7031   
      2514:    593820.000000           1         -203.7038   
      2515:    593850.000000           1         -203.7041   
      2516:    593880.000000           1         -203.7047   
      2517:    593910.000000           1         -162.5211   
      2518:    593940.000000           1         -203.7061   
      2519:    593970.000000           1         -203.7060   
      2520:    594000.000000           1         -203.7061   
      2521:    594030.000000           1         -203.7074   
      2522:    594060.000000           1         -203.7082   
      2523:    594090.000000           1         -203.7084   
      2524:    594120.000000           1         -203.7088   
      2525:    594150.000000           1         -203.7091   
      2526:    594180.000000           1         -203.7103   
      2527:    594210.000000           1         -203.7117   
      2528:    594240.000000           1         -203.7131   
      2529:    594270.000000           1         -162.5296   
      2530:    594300.000000           1         -203.7152   
      2531:    594330.000000           1         -203.7156   
      2532:    594360.000000           1         -203.7150   
      2533:    594390.000000           1         -162.5317   
      2534:    594420.000000           1         -162.5328   
      2535:    594450.000000           1         -162.5320   
      2536:    594480.000000           1         -162.5334   
      2537:    594510.000000           1         -162.5343   
      2538:    594540.000000           1         -162.5352   
      2539:    594570.000000           1         -162.5368   
      2540:    594600.000000           1         -212.8423   
      2541:    594630.000000           1         -212.8434   
      2542:    594660.000000           1         -198.7543   
      2543:    594690.000000           1         -212.8519   
      2544:    594720.000000           1         -212.8538   
      2545:    594750.000000           1         -212.8564   
      2546:    594780.000000           1         -212.8578   
      2547:    594810.000000           1         -212.8595   
      2548:    594840.000000           1         -212.8618   
      2549:    594870.000000           1         -199.1086   
      2550:    594900.000000           1         -198.7770   
      2551:    594930.000000           1         -198.7788   
      2552:    594960.000000           1         -198.7809   
      2553:    594990.000000           1         -198.7836   
      2554:    595020.000000           1         -198.7854   
      2555:    595050.000000           1         -198.7871   
      2556:    595080.000000           1         -198.7883   
      2557:    595110.000000           1         -198.7899   
      2558:    595140.000000           1         -198.7908   
      2559:    595170.000000           1         -198.7930   
      2560:    595200.000000           1         -198.7946   
      2561:    595230.000000           1         -198.7981   
      2562:    595260.000000           1         -198.8015   
      2563:    595290.000000           1         -198.8055   
      2564:    595320.000000           1         -212.9005   
      2565:    595350.000000           1         -198.8115   
      2566:    595380.000000           1         -198.8141   
      2567:    595410.000000           1         -198.8206   
      2568:    595440.000000           1         -212.9178   
      2569:    595470.000000           1         -212.9210   
      2570:    595500.000000           1         -212.9242   
      2571:    595530.000000           1         -212.9270   
      2572:    595560.000000           1         -212.9288   
      2573:    595590.000000           1         -212.9330   
      2574:    595620.000000           1         -162.5709   
      2575:    595650.000000           1         -212.9433   
      2576:    595680.000000           1         -162.5033   
      2577:    595710.000000           1         -198.8577   
      2578:    595740.000000           1         -212.9554   
      2579:    595770.000000           1         -199.2105   
      2580:    595800.000000           1         -212.9665   
      2581:    595830.000000           1         -212.9701   
      2582:    595860.000000           1         -162.4673   
      2583:    595890.000000           1         -212.9759   
      2584:    595920.000000           1         -212.9785   
      2585:    595950.000000           1         -212.9819   
      2586:    595980.000000           1         -212.9847   
      2587:    596010.000000           1         -212.9878   
      2588:    596040.000000           1         -162.4453   
      2589:    596070.000000           1         -162.4504   
      2590:    596100.000000           1         -213.0031   
      2591:    596130.000000           1         -162.4559   
      2592:    596160.000000           1         -162.4656   
      2593:    596190.000000           1         -162.4743   
      2594:    596220.000000           1         -162.4761   
      2595:    596250.000000           1         -213.0265   
      2596:    596280.000000           1         -198.9371   
      2597:    596310.000000           1         -198.9435   
      2598:    596340.000000           1         -198.9459   
      2599:    596370.000000           1         -198.9488   
      2600:    596400.000000           1         -198.9527   
      2601:    596430.000000           1         -198.9555   
      2602:    596460.000000           1         -199.3088   
      2603:    596490.000000           1         -199.3130   
      2605:    596550.000000           1         -199.3262   
      2606:    596580.000000           1         -199.3299   
      2607:    596610.000000           1         -199.3333   
      2608:    596640.000000           1         -199.3367   
      2609:    596670.000000           1         -199.3402   
      2610:    596700.000000           1         -199.3436   
      2611:    596730.000000           1         -199.3474   
      2612:    596760.000000           1         -199.3514   
      2613:    596790.000000           1         -199.3560   
      2614:    596820.000000           1         -199.3594   
      2615:    596850.000000           1         -199.3637   
      2618:    596940.000000           1         -199.3749   
      2620:    597000.000000           1         -199.0357   
      2621:    597030.000000           1         -199.3935   
      2622:    597060.000000           1         -199.4014   
      2623:    597090.000000           1         -199.4050   
      2624:    597120.000000           1         -199.4091   
      2625:    597150.000000           1         -199.4123   
      2626:    597180.000000           1         -199.4167   
      2627:    597210.000000           1         -199.4209   
      2628:    597240.000000           1         -199.4249   
      2629:    597270.000000           1         -199.0790   
      2630:    597300.000000           1         -199.0826   
      2631:    597330.000000           1         -199.0856   
      2632:    597360.000000           1         -199.0903   
      2633:    597390.000000           1         -199.0944   
      2634:    597420.000000           1         -199.0982   
      2635:    597450.000000           1         -199.1019   
      2636:    597480.000000           1         -199.1058   
      2637:    597510.000000           1         -199.1075   
      2638:    597540.000000           1         -199.1108   
      2639:    597570.000000           1         -199.1147   
      2640:    597600.000000           1         -199.4786   
      2641:    597630.000000           1         -199.1295   
      2642:    597660.000000           1         -199.1338   
      2643:    597690.000000           1         -199.1379   
      2644:    597720.000000           1         -199.5050   
      2645:    597750.000000           1         -199.1568   
      2646:    597780.000000           1         -199.1611   
      2647:    597810.000000           1         -199.1649   
      2648:    597840.000000           1         -199.5277   
      2649:    597870.000000           1         -199.5321   
      2650:    597900.000000           1         -199.5365   
      2651:    597930.000000           1         -199.5419   
      2652:    597960.000000           1         -199.5484   
      2653:    597990.000000           1         -199.5530   
      2654:    598020.000000           1         -199.5577   
      2655:    598050.000000           1         -199.5627   
      2656:    598080.000000           1         -199.5677   
      2657:    598110.000000           1         -199.5730   
      2658:    598140.000000           1         -199.2251   
      2659:    598170.000000           1         -199.2303   
      2660:    598200.000000           1         -199.2335   
      2661:    598230.000000           1         -199.2384   
      2662:    598260.000000           1         -199.6079   
      2663:    598290.000000           1         -199.6124   
      2664:    598320.000000           1         -199.6177   
      2665:    598350.000000           1         -199.6229   
      2666:    598380.000000           1         -199.6282   
      2690:    599100.000000           1         -199.4069   
      2691:    599130.000000           1         -199.4130   
      2692:    599160.000000           1         -199.4175   
      2693:    599190.000000           1         -199.4230   
      2694:    599220.000000           1         -199.4327   
      2695:    599250.000000           1         -213.5247   
      2696:    599280.000000           1         -199.4519   
      2697:    599310.000000           1         -213.5435   
      2698:    599340.000000           1         -213.5493   
      2699:    599370.000000           1         -213.5551   
      2700:    599400.000000           1         -213.5589   
      2701:    599430.000000           1         -199.4842   
      2702:    599460.000000           1         -213.5775   
      2703:    599490.000000           1         -199.5013   
      2704:    599520.000000           1         -199.8775   
      2705:    599550.000000           1         -199.5191   
      2706:    599580.000000           1         -199.8978   
      2707:    599610.000000           1         -199.5414   
      2708:    599640.000000           1         -199.5461   
      2709:    599670.000000           1         -199.5509   
      2710:    599700.000000           1         -199.5552   
      2711:    599730.000000           1         -199.5601   
      2712:    599760.000000           1         -199.5652   
      2713:    599790.000000           1         -199.5716   
      2714:    599820.000000           1         -199.9489   
      2715:    599850.000000           1         -199.9533   
      2716:    599880.000000           1         -199.9598   
      2717:    599910.000000           1         -199.9654   
      2719:    599970.000000           1         -199.9898   
      2723:    600090.000000           1         -200.0273   
      2724:    600120.000000           1         -200.0333   
      2726:    600180.000000           1         -200.0451   
