      1222:    555060.000000           1         -212.0409   
      1223:    555090.000000           1         -212.0335   
      1224:    555120.000000           1         -212.0270   
      1225:    555150.000000           1         -212.0201   
      1227:    555210.000000           1         -211.9964   
      1228:    555240.000000           1         -211.9895   
      1230:    555300.000000           1         -211.9613   
      1231:    555330.000000           1         -211.9535   
      1232:    555360.000000           1         -225.5420   
      1233:    555390.000000           1         -211.9264   
      1234:    555420.000000           1         -225.5180   
      1235:    555450.000000           1         -225.5143   
      1236:    555480.000000           1         -225.5090   
      1237:    555510.000000           1         -225.5031   
      1239:    555570.000000           1         -211.8765   
      1242:    555660.000000           1         -211.8491   
      1243:    555690.000000           1         -211.8423   
      1245:    555750.000000           1         -211.8144   
      2078:    580740.000000           1         -203.8629   
      2079:    580770.000000           1         -203.8540   
      2476:    592680.000000           1         -199.0882   
      2477:    592710.000000           1         -199.0858   
      2478:    592740.000000           1         -199.0848   
      2479:    592770.000000           1         -199.0828   
      2480:    592800.000000           1         -199.0807   
      2481:    592830.000000           1         -199.0790   
      2482:    592860.000000           1         -199.0785   
      2483:    592890.000000           1         -198.7397   
      2484:    592920.000000           1         -198.7388   
      2485:    592950.000000           1         -198.7363   
      2486:    592980.000000           1         -198.7350   
      2487:    593010.000000           1         -198.7339   
      2488:    593040.000000           1         -198.7337   
      2489:    593070.000000           1         -198.7342   
      2490:    593100.000000           1         -198.7342   
      2491:    593130.000000           1         -198.7343   
      2492:    593160.000000           1         -198.7345   
      2493:    593190.000000           1         -198.7348   
      2494:    593220.000000           1         -198.7329   
      2495:    593250.000000           1         -198.7325   
      2496:    593280.000000           1         -198.7320   
      2497:    593310.000000           1         -198.7322   
      2498:    593340.000000           1         -198.7304   
      2499:    593370.000000           1         -199.0655   
      2500:    593400.000000           1         -199.0642   
      2501:    593430.000000           1         -198.7278   
      2502:    593460.000000           1         -198.7283   
      2503:    593490.000000           1         -198.7280   
      2504:    593520.000000           1         -199.0599   
      2505:    593550.000000           1         -198.7244   
      2506:    593580.000000           1         -198.7244   
      2507:    593610.000000           1         -198.7244   
      2508:    593640.000000           1         -198.7241   
      2509:    593670.000000           1         -198.7236   
      2510:    593700.000000           1         -198.7231   
      2511:    593730.000000           1         -198.7235   
      2512:    593760.000000           1         -198.7244   
      2513:    593790.000000           1         -198.7254   
      2514:    593820.000000           1         -198.7264   
      2515:    593850.000000           1         -198.7271   
      2516:    593880.000000           1         -198.7276   
      2517:    593910.000000           1         -199.0606   
      2518:    593940.000000           1         -198.7294   
      2519:    593970.000000           1         -198.7296   
      2520:    594000.000000           1         -198.7296   
      2521:    594030.000000           1         -198.7309   
      2522:    594060.000000           1         -198.7319   
      2523:    594090.000000           1         -198.7321   
      2524:    594120.000000           1         -198.7328   
      2525:    594150.000000           1         -198.7338   
      2526:    594180.000000           1         -198.7354   
      2527:    594210.000000           1         -198.7370   
      2528:    594240.000000           1         -198.7386   
      2529:    594270.000000           1         -199.0711   
      2530:    594300.000000           1         -198.7414   
      2531:    594330.000000           1         -198.7420   
      2532:    594360.000000           1         -198.7416   
      2533:    594390.000000           1         -199.0738   
      2534:    594420.000000           1         -199.0749   
      2535:    594450.000000           1         -199.0742   
      2536:    594480.000000           1         -199.0755   
      2537:    594510.000000           1         -199.0766   
      2538:    594540.000000           1         -199.0777   
      2539:    594570.000000           1         -199.0794   
      2574:    595620.000000           1         -199.1857   
      2576:    595680.000000           1         -199.1967   
      2582:    595860.000000           1         -199.2227   
      2588:    596040.000000           1         -199.2437   
      2589:    596070.000000           1         -199.2463   
      2591:    596130.000000           1         -199.2616   
      2592:    596160.000000           1         -199.2649   
      2593:    596190.000000           1         -199.2701   
      2594:    596220.000000           1         -199.2737   
      2695:    599250.000000           1         -199.8067   
      2697:    599310.000000           1         -199.8268   
      2698:    599340.000000           1         -199.8329   
      2699:    599370.000000           1         -199.8391   
      2700:    599400.000000           1         -199.8431   
      2702:    599460.000000           1         -199.8626   
