      1276:    556680.000000           1         -413.0613   
      1277:    556710.000000           1         -326.0997   
      1285:    556950.000000           1         -197.1691   
      1294:    557220.000000           1         -267.3053   
      1295:    557250.000000           1         -325.9354   
      1296:    557280.000000           1         -325.9243   
      1297:    557310.000000           1         -412.8631   
      1298:    557340.000000           1         -412.8514   
      1299:    557370.000000           1         -325.8812   
      1300:    557400.000000           1         -325.8753   
      1301:    557430.000000           1           72.3774   
      1302:    557460.000000           1           72.3709   
      1303:    557490.000000           1           72.3692   
      1304:    557520.000000           1           72.3847   
      1305:    557550.000000           1           72.3828   
      1306:    557580.000000           1         -267.1552   
      1307:    557610.000000           1           72.4444   
      1308:    557640.000000           1           72.4572   
      1309:    557670.000000           1           72.4595   
      1310:    557700.000000           1           72.4594   
      1311:    557730.000000           1           72.4533   
      1312:    557760.000000           1         -267.0888   
      1313:    557790.000000           1         -325.7566   
      1314:    557820.000000           1           72.5977   
      1315:    557850.000000           1           72.5388   
      1316:    557880.000000           1         -325.7272   
      1317:    557910.000000           1           72.5506   
      1318:    557940.000000           1           72.5530   
      1319:    557970.000000           1           72.5829   
      1320:    558000.000000           1         -266.9777   
      1321:    558030.000000           1           72.6378   
      1322:    558060.000000           1         -266.9501   
      1323:    558090.000000           1         -266.9400   
      1324:    558120.000000           1         -266.9285   
      1325:    558150.000000           1         -266.9221   
      1326:    558180.000000           1         -266.9175   
      1327:    558210.000000           1         -266.9092   
      1328:    558240.000000           1         -266.9003   
      1329:    558270.000000           1         -325.5840   
      1330:    558300.000000           1         -412.8949   
      1331:    558330.000000           1         -266.8598   
      1332:    558360.000000           1         -266.8530   
      1333:    558390.000000           1         -412.8368   
      1334:    558420.000000           1         -412.8116   
      1335:    558450.000000           1         -325.5152   
      1336:    558480.000000           1         -412.7790   
      1337:    558510.000000           1         -196.5392   
      1338:    558540.000000           1         -412.7426   
      1339:    558570.000000           1         -412.7361   
      1340:    558600.000000           1         -412.7419   
      1341:    558630.000000           1         -196.4913   
      1342:    558660.000000           1         -412.7555   
      1343:    558690.000000           1         -196.4551   
      1344:    558720.000000           1         -412.7577   
      1345:    558750.000000           1         -412.7666   
      1346:    558780.000000           1         -196.4556   
      1347:    558810.000000           1         -206.0513   
      1348:    558840.000000           1         -413.1363   
      1349:    558870.000000           1         -413.1175   
      1350:    558900.000000           1         -413.1266   
      1351:    558930.000000           1         -325.3370   
      1352:    558960.000000           1         -196.3835   
      1353:    558990.000000           1         -413.0643   
      1354:    559020.000000           1         -413.0890   
      1355:    559050.000000           1         -413.0950   
      1356:    559080.000000           1         -413.0921   
      1357:    559110.000000           1         -413.0819   
      1358:    559140.000000           1         -413.0728   
      1359:    559170.000000           1         -196.3082   
      1360:    559200.000000           1         -413.0259   
      1361:    559230.000000           1         -325.2535   
      1362:    559260.000000           1         -325.2471   
      1363:    559290.000000           1         -325.2414   
      1364:    559320.000000           1         -325.2337   
      1365:    559350.000000           1         -325.2304   
      1366:    559380.000000           1         -325.2253   
      1367:    559410.000000           1         -266.5025   
      1368:    559440.000000           1         -266.4943   
      1369:    559470.000000           1         -266.4883   
      1370:    559500.000000           1         -266.4826   
      1371:    559530.000000           1         -266.4839   
      1372:    559560.000000           1         -266.4875   
      1373:    559590.000000           1         -266.4942   
      1374:    559620.000000           1         -266.4963   
      1375:    559650.000000           1         -266.4979   
      1376:    559680.000000           1         -266.5013   
      1377:    559710.000000           1         -266.5041   
      1378:    559740.000000           1         -196.2549   
      1379:    559770.000000           1           72.9249   
      1380:    559800.000000           1         -266.5239   
      1381:    559830.000000           1           72.9237   
      1382:    559860.000000           1           72.9273   
      1383:    559890.000000           1           72.9314   
      1384:    559920.000000           1           72.9463   
      1385:    559950.000000           1           92.9298   
      1386:    559980.000000           1           72.9537   
      1387:    560010.000000           1           72.9508   
      1388:    560040.000000           1         -266.5711   
      1389:    560070.000000           1         -266.5803   
      1390:    560100.000000           1         -266.5829   
      1391:    560130.000000           1         -266.5859   
      1392:    560160.000000           1         -196.3476   
      1393:    560190.000000           1         -266.6002   
      1394:    560220.000000           1         -266.6009   
      1395:    560250.000000           1         -266.6040   
      1396:    560280.000000           1         -266.6079   
      1397:    560310.000000           1         -266.6107   
      1398:    560340.000000           1         -266.6128   
      1399:    560370.000000           1         -266.6152   
      1400:    560400.000000           1         -266.6184   
      1401:    560430.000000           1         -266.6210   
      1402:    560460.000000           1         -196.3832   
      1403:    560490.000000           1         -196.3927   
      1404:    560520.000000           1         -196.3936   
      1405:    560550.000000           1         -196.3970   
      1406:    560580.000000           1         -196.3993   
      1407:    560610.000000           1         -196.4006   
      1408:    560640.000000           1         -196.4019   
      1409:    560670.000000           1         -196.4028   
      1410:    560700.000000           1         -196.4065   
      1411:    560730.000000           1         -196.4088   
      1412:    560760.000000           1         -196.4108   
      1413:    560790.000000           1         -196.4135   
      1414:    560820.000000           1         -206.0671   
      1415:    560850.000000           1         -196.4261   
      1416:    560880.000000           1         -196.4316   
      1417:    560910.000000           1         -196.4350   
      1418:    560940.000000           1         -266.6859   
      1419:    560970.000000           1         -266.6883   
      1420:    561000.000000           1         -266.6913   
      1421:    561030.000000           1         -196.4500   
      1422:    561060.000000           1         -266.7075   
      1423:    561090.000000           1         -266.7133   
      1424:    561120.000000           1           72.7551   
      1425:    561150.000000           1           72.7583   
      1426:    561180.000000           1           72.7575   
      1427:    561210.000000           1           72.7548   
      1428:    561240.000000           1           72.7507   
      1429:    561270.000000           1           72.7458   
      1430:    561300.000000           1           92.7079   
      1431:    561330.000000           1           92.6999   
      1432:    561360.000000           1           72.8566   
      1433:    561390.000000           1           92.4860   
      1434:    561420.000000           1           72.9178   
      1435:    561450.000000           1           92.4700   
      1436:    561480.000000           1           92.4394   
      1437:    561510.000000           1           92.4203   
      1438:    561540.000000           1           92.4068   
      1439:    561570.000000           1           92.3827   
      1440:    561600.000000           1           72.6153   
      1441:    561630.000000           1           92.3680   
      1442:    561660.000000           1           92.3595   
      1443:    561690.000000           1           92.3332   
      1444:    561720.000000           1           72.7284   
      1445:    561750.000000           1           92.2782   
      1446:    561780.000000           1           72.5465   
      1447:    561810.000000           1           92.2676   
      1448:    561840.000000           1           92.2855   
      1449:    561870.000000           1           92.2763   
      1450:    561900.000000           1           92.2729   
      1451:    561930.000000           1         -266.8903   
      1452:    561960.000000           1           92.2653   
      1453:    561990.000000           1           92.2590   
      1454:    562020.000000           1           92.2636   
      1455:    562050.000000           1           72.6629   
      1456:    562080.000000           1         -266.9260   
      1457:    562110.000000           1           72.6695   
      1458:    562140.000000           1           72.6768   
      1459:    562170.000000           1           72.6697   
      1460:    562200.000000           1           72.6808   
      1461:    562230.000000           1           72.6847   
      1462:    562260.000000           1           72.6640   
      1463:    562290.000000           1           72.6456   
      1464:    562320.000000           1           72.6344   
      1465:    562350.000000           1           72.6247   
      1466:    562380.000000           1           72.6286   
      1467:    562410.000000           1           92.2305   
      1468:    562440.000000           1           92.2159   
      1469:    562470.000000           1           92.2040   
      1470:    562500.000000           1           92.1952   
      1471:    562530.000000           1           92.1867   
      1472:    562560.000000           1           92.1763   
      1473:    562590.000000           1           72.5587   
      1474:    562620.000000           1           72.5402   
      1475:    562650.000000           1         -267.0050   
      1476:    562680.000000           1         -267.0073   
      1477:    562710.000000           1         -267.0105   
      1478:    562740.000000           1         -267.0122   
      1479:    562770.000000           1         -267.0155   
      1480:    562800.000000           1         -267.0153   
      1481:    562830.000000           1         -266.9994   
      1482:    562860.000000           1         -266.9923   
      1483:    562890.000000           1         -266.9873   
      1484:    562920.000000           1         -266.9830   
      1485:    562950.000000           1         -266.9796   
      1486:    562980.000000           1         -266.9749   
      1487:    563010.000000           1         -266.9677   
      1488:    563040.000000           1         -266.9602   
      1489:    563070.000000           1         -266.9541   
      1490:    563100.000000           1         -266.9476   
      1491:    563130.000000           1         -324.7276   
      1492:    563160.000000           1         -266.9171   
      1493:    563190.000000           1         -266.9080   
      1494:    563220.000000           1         -266.9019   
      1495:    563250.000000           1         -266.8950   
      1496:    563280.000000           1         -266.8800   
      1497:    563310.000000           1         -266.8740   
      1498:    563340.000000           1         -266.8674   
      1499:    563370.000000           1         -266.8619   
      1500:    563400.000000           1         -266.8577   
      1501:    563430.000000           1         -266.8519   
      1502:    563460.000000           1           99.8443   
      1503:    563490.000000           1           99.8515   
      1504:    563520.000000           1         -266.8225   
      1505:    563550.000000           1           99.8799   
      1506:    563580.000000           1           99.8836   
      1507:    563610.000000           1         -266.7998   
      1508:    563640.000000           1         -266.7940   
      1509:    563670.000000           1         -266.7785   
      1515:    563850.000000           1         -324.4031   
      1516:    563880.000000           1         -324.3992   
      1517:    563910.000000           1         -324.3990   
      1518:    563940.000000           1         -324.3949   
      2238:    585540.000000           1         -206.4589   
      2239:    585570.000000           1         -217.8387   
      2240:    585600.000000           1         -217.8269   
      2241:    585630.000000           1         -217.8143   
      2242:    585660.000000           1         -206.3925   
      2243:    585690.000000           1         -217.7613   
      2244:    585720.000000           1         -217.7481   
      2245:    585750.000000           1         -206.3314   
      2246:    585780.000000           1         -217.6896   
      2247:    585810.000000           1         -204.7383   
      2248:    585840.000000           1         -204.7262   
      2249:    585870.000000           1         -204.7138   
      2250:    585900.000000           1         -204.7020   
      2251:    585930.000000           1         -204.6884   
      2252:    585960.000000           1         -204.6753   
      2253:    585990.000000           1         -204.6632   
      2254:    586020.000000           1         -204.6507   
      2255:    586050.000000           1         -204.6383   
      2256:    586080.000000           1         -204.6249   
      2257:    586110.000000           1         -217.5077   
      2258:    586140.000000           1         -217.4949   
      2259:    586170.000000           1         -206.1040   
      2260:    586200.000000           1         -206.0767   
      2261:    586230.000000           1         -217.4135   
      2262:    586260.000000           1         -217.4017   
      2263:    586290.000000           1         -217.3903   
      2264:    586320.000000           1         -217.3788   
      2265:    586350.000000           1         -217.3670   
      2266:    586380.000000           1         -217.3534   
      2267:    586410.000000           1         -217.3292   
      2268:    586440.000000           1         -217.3176   
      2269:    586470.000000           1         -217.3052   
      2270:    586500.000000           1         -205.9254   
      2271:    586530.000000           1         -204.3620   
      2272:    586560.000000           1         -204.3513   
      2273:    586590.000000           1         -204.3413   
      2274:    586620.000000           1         -204.3312   
      2275:    586650.000000           1         -204.3205   
      2276:    586680.000000           1         -204.3090   
      2277:    586710.000000           1         -197.2675   
      2278:    586740.000000           1         -197.2599   
      2279:    586770.000000           1         -197.2491   
      2280:    586800.000000           1         -204.2413   
      2281:    586830.000000           1         -197.2074   
      2282:    586860.000000           1         -197.1963   
      2283:    586890.000000           1         -186.7127   
      2284:    586920.000000           1         -186.7002   
      2285:    586950.000000           1         -204.1602   
      2286:    586980.000000           1         -197.1183   
      2287:    587010.000000           1         -197.1073   
      2288:    587040.000000           1         -186.6194   
      2289:    587070.000000           1         -186.6078   
      2290:    587100.000000           1         -197.0599   
      2291:    587130.000000           1         -256.9975   
      2292:    587160.000000           1         -256.9879   
      2293:    587190.000000           1         -186.5269   
      2294:    587220.000000           1         -256.9405   
      2295:    587250.000000           1         -186.4812   
      2296:    587280.000000           1         -256.8958   
      2297:    587310.000000           1         -256.8853   
      2298:    587340.000000           1         -256.8748   
      2299:    587370.000000           1         -256.8642   
      2300:    587400.000000           1         -186.4037   
      2301:    587430.000000           1         -196.8825   
      2302:    587460.000000           1         -256.7955   
      2303:    587490.000000           1         -256.7849   
      2304:    587520.000000           1         -256.7735   
      2305:    587550.000000           1         -256.7626   
      2306:    587580.000000           1         -186.3003   
      2307:    587610.000000           1         -186.2785   
      2308:    587640.000000           1          101.3514   
      2309:    587670.000000           1          101.3639   
      2310:    587700.000000           1          101.3759   
      2311:    587730.000000           1          101.3883   
      2312:    587760.000000           1          101.4009   
      2313:    587790.000000           1         -256.6245   
      2314:    587820.000000           1          101.4560   
      2315:    587850.000000           1          101.4700   
      2316:    587880.000000           1         -256.5796   
      2317:    587910.000000           1         -256.5670   
      2318:    587940.000000           1         -256.5551   
      2319:    587970.000000           1         -186.0979   
      2320:    588000.000000           1         -256.5120   
      2321:    588030.000000           1         -256.5012   
      2322:    588060.000000           1         -186.0409   
      2323:    588090.000000           1         -196.5243   
      2324:    588120.000000           1         -196.5103   
      2325:    588150.000000           1         -185.9753   
      2326:    588180.000000           1         -185.9647   
      2327:    588210.000000           1         -185.9549   
      2328:    588240.000000           1         -185.9428   
      2329:    588270.000000           1         -196.4622   
      2330:    588300.000000           1         -185.9008   
      2331:    588330.000000           1         -185.8910   
      2332:    588360.000000           1         -185.8804   
      2333:    588390.000000           1         -185.8696   
      2334:    588420.000000           1         -185.8580   
      2335:    588450.000000           1         -196.3761   
      2336:    588480.000000           1         -185.8162   
      2337:    588510.000000           1         -185.8052   
      2338:    588540.000000           1         -196.3336   
      2339:    588570.000000           1         -196.3253   
      2340:    588600.000000           1         -185.7750   
      2341:    588630.000000           1         -196.3079   
      2342:    588660.000000           1         -203.2697   
      2343:    588690.000000           1         -196.2912   
      2344:    588720.000000           1         -196.2874   
      2345:    588750.000000           1         -203.2417   
      2346:    588780.000000           1         -196.2685   
      2347:    588810.000000           1         -196.2654   
      2348:    588840.000000           1         -196.2583   
      2349:    588870.000000           1         -256.1197   
      2350:    588900.000000           1         -185.6614   
      2351:    588930.000000           1         -196.2240   
      2352:    588960.000000           1         -185.6252   
      2353:    588990.000000           1         -185.6149   
      2354:    589020.000000           1         -196.1798   
      2355:    589050.000000           1         -256.0280   
      2356:    589080.000000           1         -196.1312   
      2357:    589110.000000           1         -196.1099   
      2358:    589140.000000           1         -185.5213   
      2359:    589170.000000           1         -185.5134   
      2360:    589200.000000           1         -185.4975   
      2361:    589230.000000           1         -197.2547   
      2362:    589260.000000           1         -202.9931   
      2363:    589290.000000           1         -185.4458   
      2364:    589320.000000           1         -185.4373   
      2365:    589350.000000           1         -185.4288   
      2366:    589380.000000           1         -185.4204   
      2367:    589410.000000           1         -185.4121   
      2368:    589440.000000           1         -185.4035   
      2369:    589470.000000           1         -185.3952   
      2370:    589500.000000           1         -202.9110   
      2371:    589530.000000           1         -202.8932   
      2372:    589560.000000           1         -255.8010   
      2373:    589590.000000           1         -255.7931   
      2374:    589620.000000           1         -255.7856   
      2375:    589650.000000           1         -185.3154   
      2376:    589680.000000           1         -255.7542   
      2377:    589710.000000           1         -255.7459   
      2378:    589740.000000           1         -255.7389   
      2379:    589770.000000           1          102.3997   
      2380:    589800.000000           1         -185.2587   
      2381:    589830.000000           1          102.4332   
      2382:    589860.000000           1         -255.6924   
      2383:    589890.000000           1          102.4491   
      2384:    589920.000000           1         -255.6777   
      2385:    589950.000000           1          102.4656   
      2386:    589980.000000           1         -185.1987   
      2387:    590010.000000           1         -255.6390   
      2388:    590040.000000           1         -255.6326   
      2389:    590070.000000           1         -255.6258   
      2390:    590100.000000           1         -185.1564   
      2391:    590130.000000           1         -255.5972   
      2392:    590160.000000           1         -255.5899   
      2393:    590190.000000           1          102.5598   
      2394:    590220.000000           1          102.5677   
      2395:    590250.000000           1         -255.5673   
      2396:    590280.000000           1         -255.5540   
      2397:    590310.000000           1          102.6009   
      2398:    590340.000000           1         -255.5317   
      2399:    590370.000000           1          102.6259   
      2400:    590400.000000           1          102.6322   
      2401:    590430.000000           1         -255.4989   
      2402:    590460.000000           1         -255.4857   
      2403:    590490.000000           1         -185.0155   
      2404:    590520.000000           1         -255.4620   
      2405:    590550.000000           1         -255.4560   
      2406:    590580.000000           1         -255.4493   
      2407:    590610.000000           1         -255.4443   
      2408:    590640.000000           1         -202.5232   
      2409:    590670.000000           1         -184.9615   
      2410:    590700.000000           1         -255.4114   
      2411:    590730.000000           1         -184.9393   
      2412:    590760.000000           1         -255.3906   
      2413:    590790.000000           1         -255.3866   
      2414:    590820.000000           1         -184.9198   
      2415:    590850.000000           1         -184.9104   
      2416:    590880.000000           1         -184.9028   
      2417:    590910.000000           1         -255.3506   
      2418:    590940.000000           1         -255.3458   
      2419:    590970.000000           1         -255.3407   
      2420:    591000.000000           1         -255.3348   
      2421:    591030.000000           1         -255.3293   
      2422:    591060.000000           1         -184.8590   
      2423:    591090.000000           1         -255.3041   
      2424:    591120.000000           1         -184.8344   
      2425:    591150.000000           1         -202.3832   
      2426:    591180.000000           1         -202.3787   
      2427:    591210.000000           1         -202.3747   
      2428:    591240.000000           1         -202.3703   
      2429:    591270.000000           1         -202.3653   
      2430:    591300.000000           1         -202.3611   
      2431:    591330.000000           1         -202.3578   
      2432:    591360.000000           1         -202.3544   
      2433:    591390.000000           1         -202.3498   
      2434:    591420.000000           1         -202.3456   
      2435:    591450.000000           1         -202.3419   
      2436:    591480.000000           1         -184.7768   
      2437:    591510.000000           1         -202.3276   
      2438:    591540.000000           1         -202.3237   
      2439:    591570.000000           1         -202.3195   
      2440:    591600.000000           1         -202.3162   
      2441:    591630.000000           1         -202.3128   
      2442:    591660.000000           1         -202.3105   
      2443:    591690.000000           1         -202.3085   
      2444:    591720.000000           1         -202.3057   
      2445:    591750.000000           1         -203.8114   
      2446:    591780.000000           1         -202.2874   
      2447:    591810.000000           1         -202.2835   
      2448:    591840.000000           1         -202.2809   
      2449:    591870.000000           1         -202.2784   
      2450:    591900.000000           1         -202.2742   
      2451:    591930.000000           1         -202.2721   
      2452:    591960.000000           1         -184.7014   
      2453:    591990.000000           1         -184.6989   
      2454:    592020.000000           1         -184.6964   
      2455:    592050.000000           1         -184.6947   
      2456:    592080.000000           1         -184.6920   
      2457:    592110.000000           1         -184.6905   
      2458:    592140.000000           1         -184.6884   
      2459:    592170.000000           1         -184.6870   
      2460:    592200.000000           1         -184.6844   
      2461:    592230.000000           1         -184.6821   
      2462:    592260.000000           1         -184.6783   
      2463:    592290.000000           1         -184.6751   
      2464:    592320.000000           1         -255.1346   
      2465:    592350.000000           1         -255.1347   
      2466:    592380.000000           1         -184.6724   
      2467:    592410.000000           1         -184.6712   
      2468:    592440.000000           1         -184.6692   
      2469:    592470.000000           1         -184.6670   
      2470:    592500.000000           1         -184.6653   
      2471:    592530.000000           1         -202.2335   
      2472:    592560.000000           1         -184.6564   
      2473:    592590.000000           1         -255.1174   
      2474:    592620.000000           1         -255.1159   
      2475:    592650.000000           1         -255.1135   
      2476:    592680.000000           1          103.0434   
      2477:    592710.000000           1          103.0461   
      2478:    592740.000000           1          103.0475   
      2479:    592770.000000           1          103.0500   
      2480:    592800.000000           1          103.0525   
      2481:    592830.000000           1          103.0546   
      2482:    592860.000000           1          103.0557   
      2483:    592890.000000           1          116.9548   
      2484:    592920.000000           1          116.9575   
      2485:    592950.000000           1          116.9630   
      2486:    592980.000000           1          116.9660   
      2487:    593010.000000           1          116.9678   
      2488:    593040.000000           1          116.9689   
      2489:    593070.000000           1          116.9693   
      2490:    593100.000000           1          116.9702   
      2491:    593130.000000           1          116.9702   
      2492:    593160.000000           1          116.9705   
      2493:    593190.000000           1          116.9709   
      2494:    593220.000000           1          116.9728   
      2495:    593250.000000           1          116.9730   
      2496:    593280.000000           1          116.9734   
      2497:    593310.000000           1          116.9742   
      2498:    593340.000000           1          116.9767   
      2499:    593370.000000           1          103.0777   
      2500:    593400.000000           1          103.0796   
      2501:    593430.000000           1          116.9873   
      2502:    593460.000000           1          116.9882   
      2503:    593490.000000           1          116.9896   
      2504:    593520.000000           1          103.0837   
      2505:    593550.000000           1          116.9969   
      2506:    593580.000000           1          116.9988   
      2507:    593610.000000           1          117.0002   
      2508:    593640.000000           1          117.0023   
      2509:    593670.000000           1          117.0048   
      2510:    593700.000000           1          117.0075   
      2511:    593730.000000           1          117.0086   
      2512:    593760.000000           1          117.0096   
      2513:    593790.000000           1          117.0103   
      2514:    593820.000000           1          117.0115   
      2515:    593850.000000           1          117.0126   
      2516:    593880.000000           1          117.0132   
      2517:    593910.000000           1          103.0864   
      2518:    593940.000000           1          117.0183   
      2519:    593970.000000           1          117.0198   
      2520:    594000.000000           1          117.0209   
      2521:    594030.000000           1          117.0210   
      2522:    594060.000000           1          117.0216   
      2523:    594090.000000           1          117.0229   
      2524:    594120.000000           1          117.0239   
      2525:    594150.000000           1          117.0248   
      2526:    594180.000000           1          117.0250   
      2527:    594210.000000           1          117.0242   
      2528:    594240.000000           1          117.0235   
      2529:    594270.000000           1          103.0798   
      2530:    594300.000000           1          117.0262   
      2531:    594330.000000           1          117.0277   
      2532:    594360.000000           1          117.0304   
      2533:    594390.000000           1          103.0778   
      2534:    594420.000000           1          103.0767   
      2535:    594450.000000           1          103.0775   
      2536:    594480.000000           1          103.0761   
      2537:    594510.000000           1          103.0752   
      2538:    594540.000000           1          103.0743   
      2539:    594570.000000           1          103.0727   
      2540:    594600.000000           1         -255.0947   
      2541:    594630.000000           1         -255.0959   
      2542:    594660.000000           1         -184.6292   
      2543:    594690.000000           1         -255.1047   
      2544:    594720.000000           1         -255.1065   
      2545:    594750.000000           1         -255.1090   
      2546:    594780.000000           1         -255.1101   
      2547:    594810.000000           1         -255.1116   
      2548:    594840.000000           1         -255.1139   
      2549:    594870.000000           1         -202.2467   
      2550:    594900.000000           1         -184.6530   
      2551:    594930.000000           1         -184.6546   
      2552:    594960.000000           1         -184.6565   
      2553:    594990.000000           1         -184.6585   
      2554:    595020.000000           1         -184.6599   
      2555:    595050.000000           1         -184.6610   
      2556:    595080.000000           1         -184.6620   
      2557:    595110.000000           1         -184.6633   
      2558:    595140.000000           1         -184.6643   
      2559:    595170.000000           1         -184.6664   
      2560:    595200.000000           1         -184.6677   
      2561:    595230.000000           1         -184.6708   
      2562:    595260.000000           1         -184.6737   
      2563:    595290.000000           1         -184.6774   
      2564:    595320.000000           1         -255.1526   
      2565:    595350.000000           1         -184.6825   
      2566:    595380.000000           1         -184.6846   
      2567:    595410.000000           1         -255.1627   
      2568:    595440.000000           1         -255.1699   
      2569:    595470.000000           1         -255.1731   
      2570:    595500.000000           1         -255.1763   
      2571:    595530.000000           1         -255.1790   
      2572:    595560.000000           1         -255.1808   
      2573:    595590.000000           1         -255.1852   
      2574:    595620.000000           1          102.9796   
      2575:    595650.000000           1         -255.1953   
      2576:    595680.000000           1          102.9705   
      2577:    595710.000000           1         -184.7284   
      2578:    595740.000000           1         -255.2064   
      2579:    595770.000000           1         -202.3474   
      2580:    595800.000000           1         -255.2175   
      2581:    595830.000000           1         -255.2210   
      2582:    595860.000000           1          102.9482   
      2583:    595890.000000           1         -255.2262   
      2584:    595920.000000           1         -255.2287   
      2585:    595950.000000           1         -255.2318   
      2586:    595980.000000           1         -255.2343   
      2587:    596010.000000           1         -255.2373   
      2588:    596040.000000           1          102.9293   
      2589:    596070.000000           1          102.9269   
      2590:    596100.000000           1         -255.2524   
      2591:    596130.000000           1          102.9131   
      2592:    596160.000000           1          102.9103   
      2593:    596190.000000           1          102.9056   
      2594:    596220.000000           1          102.9026   
      2595:    596250.000000           1         -255.2757   
      2596:    596280.000000           1         -184.8077   
      2597:    596310.000000           1         -255.2870   
      2598:    596340.000000           1         -255.2894   
      2599:    596370.000000           1         -255.2924   
      2600:    596400.000000           1         -255.2962   
      2601:    596430.000000           1         -255.2991   
      2602:    596460.000000           1         -184.8288   
      2603:    596490.000000           1         -184.8329   
      2604:    596520.000000           1         -202.4525   
      2605:    596550.000000           1         -184.8463   
      2606:    596580.000000           1         -184.8502   
      2607:    596610.000000           1         -184.8535   
      2608:    596640.000000           1         -184.8569   
      2609:    596670.000000           1         -184.8603   
      2610:    596700.000000           1         -184.8634   
      2611:    596730.000000           1         -184.8669   
      2612:    596760.000000           1         -184.8706   
      2613:    596790.000000           1         -184.8749   
      2614:    596820.000000           1         -184.8782   
      2615:    596850.000000           1         -184.8823   
      2616:    596880.000000           1         -202.5035   
      2617:    596910.000000           1         -202.5074   
      2618:    596940.000000           1         -184.8930   
      2619:    596970.000000           1         -202.5172   
      2620:    597000.000000           1         -255.3795   
      2621:    597030.000000           1         -184.9103   
      2622:    597060.000000           1         -184.9173   
      2623:    597090.000000           1         -184.9206   
      2624:    597120.000000           1         -184.9244   
      2625:    597150.000000           1         -184.9273   
      2626:    597180.000000           1         -184.9312   
      2627:    597210.000000           1         -184.9350   
      2628:    597240.000000           1         -184.9385   
      2629:    597270.000000           1         -255.4215   
      2630:    597300.000000           1         -255.4250   
      2631:    597330.000000           1         -255.4279   
      2632:    597360.000000           1         -255.4326   
      2633:    597390.000000           1         -255.4367   
      2634:    597420.000000           1         -255.4404   
      2635:    597450.000000           1         -255.4440   
      2636:    597480.000000           1         -255.4478   
      2637:    597510.000000           1         -255.4494   
      2638:    597540.000000           1         -255.4527   
      2639:    597570.000000           1         -255.4565   
      2640:    597600.000000           1         -184.9885   
      2641:    597630.000000           1         -255.4714   
      2642:    597660.000000           1         -255.4756   
      2643:    597690.000000           1         -255.4795   
      2644:    597720.000000           1         -185.0125   
      2645:    597750.000000           1         -255.4975   
      2646:    597780.000000           1         -255.5013   
      2647:    597810.000000           1         -255.5049   
      2648:    597840.000000           1         -255.5088   
      2649:    597870.000000           1         -255.5129   
      2650:    597900.000000           1         -255.5171   
      2651:    597930.000000           1         -255.5223   
      2652:    597960.000000           1         -255.5285   
      2653:    597990.000000           1         -255.5328   
      2654:    598020.000000           1         -255.5371   
      2655:    598050.000000           1         -255.5417   
      2656:    598080.000000           1         -255.5464   
      2657:    598110.000000           1         -255.5515   
      2658:    598140.000000           1          102.6099   
      2659:    598170.000000           1          102.6047   
      2660:    598200.000000           1          102.6016   
      2661:    598230.000000           1          102.5969   
      2662:    598260.000000           1         -255.5849   
      2663:    598290.000000           1         -255.5891   
      2664:    598320.000000           1         -255.5941   
      2665:    598350.000000           1         -255.5990   
      2666:    598380.000000           1         -255.6041   
      2667:    598410.000000           1         -185.1340   
      2668:    598440.000000           1         -185.1374   
      2669:    598470.000000           1         -185.1414   
      2670:    598500.000000           1         -185.1465   
      2671:    598530.000000           1         -185.1509   
      2672:    598560.000000           1         -185.1551   
      2673:    598590.000000           1         -185.1599   
      2674:    598620.000000           1         -202.8019   
      2675:    598650.000000           1         -185.1781   
      2676:    598680.000000           1         -185.1831   
      2677:    598710.000000           1         -185.1881   
      2678:    598740.000000           1         -185.1929   
      2679:    598770.000000           1         -185.1969   
      2680:    598800.000000           1         -185.2017   
      2681:    598830.000000           1         -185.2057   
      2682:    598860.000000           1         -185.2101   
      2683:    598890.000000           1         -185.2150   
      2684:    598920.000000           1         -185.2194   
      2685:    598950.000000           1         -185.2246   
      2686:    598980.000000           1         -185.2312   
      2687:    599010.000000           1         -185.2371   
      2688:    599040.000000           1         -185.2406   
      2689:    599070.000000           1         -202.8900   
      2690:    599100.000000           1         -255.7405   
      2691:    599130.000000           1         -255.7465   
      2692:    599160.000000           1         -255.7509   
      2693:    599190.000000           1         -255.7562   
      2694:    599220.000000           1         -255.7657   
      2695:    599250.000000           1          102.3967   
      2696:    599280.000000           1         -255.7848   
      2697:    599310.000000           1          102.3776   
      2698:    599340.000000           1          102.3718   
      2699:    599370.000000           1          102.3659   
      2700:    599400.000000           1          102.3622   
      2701:    599430.000000           1         -255.8165   
      2702:    599460.000000           1          102.3435   
      2703:    599490.000000           1          102.3380   
      2704:    599520.000000           1         -255.8420   
      2705:    599550.000000           1          102.3204   
      2706:    599580.000000           1          102.3095   
      2707:    599610.000000           1          102.2988   
      2708:    599640.000000           1          102.2943   
      2709:    599670.000000           1          102.2897   
      2710:    599700.000000           1          102.2854   
      2711:    599730.000000           1          102.2805   
      2712:    599760.000000           1          102.2754   
      2713:    599790.000000           1          102.2691   
      2714:    599820.000000           1         -255.9118   
      2715:    599850.000000           1         -255.9162   
      2716:    599880.000000           1         -255.9227   
      2717:    599910.000000           1         -255.9283   
      2718:    599940.000000           1         -255.9389   
      2719:    599970.000000           1         -255.9523   
      2720:    600000.000000           1         -185.4831   
      2721:    600030.000000           1         -185.5214   
      2722:    600060.000000           1         -185.5152   
      2723:    600090.000000           1         -185.5103   
      2724:    600120.000000           1         -185.5086   
      2725:    600150.000000           1         -185.5014   
      2726:    600180.000000           1         -256.0060   
      2727:    600210.000000           1         -185.4645   
      2728:    600240.000000           1         -185.4255   
      2729:    600270.000000           1         -185.3986   
      2730:    600300.000000           1         -185.3920   
