      1008:    548640.000000           1         -267.1557   
      1009:    548670.000000           1         -325.7209   
      1010:    548700.000000           1         -325.7438   
      1011:    548730.000000           1         -267.2277   
      1012:    548760.000000           1         -267.2394   
      1013:    548790.000000           1         -267.2735   
      1014:    548820.000000           1         -325.8276   
      1015:    548850.000000           1         -325.8361   
      1016:    548880.000000           1         -412.6872   
      1017:    548910.000000           1         -325.8699   
      1018:    548940.000000           1         -325.8770   
      1019:    548970.000000           1         -412.7275   
      1020:    549000.000000           1         -267.3606   
      1021:    549030.000000           1         -267.3666   
      1022:    549060.000000           1         -325.9421   
      1023:    549090.000000           1         -267.4121   
      1024:    549120.000000           1         -325.9785   
      1025:    549150.000000           1         -267.4664   
      1026:    549180.000000           1         -326.0258   
      1027:    549210.000000           1         -267.5253   
      1028:    549240.000000           1         -326.0686   
      1029:    549270.000000           1         -267.5805   
      1030:    549300.000000           1         -267.5964   
      1031:    549330.000000           1         -267.6134   
      1032:    549360.000000           1         -267.6312   
      1033:    549390.000000           1         -267.6460   
      1034:    549420.000000           1            7.9252   
      1035:    549450.000000           1            7.9169   
      1036:    549480.000000           1         -267.6961   
      1037:    549510.000000           1         -267.7116   
      1038:    549540.000000           1         -267.7425   
      1039:    549570.000000           1         -267.7715   
      1040:    549600.000000           1         -326.2092   
      1041:    549630.000000           1            7.8609   
      1042:    549660.000000           1            7.8571   
      1043:    549690.000000           1            7.8486   
      1044:    549720.000000           1         -267.8365   
      1045:    549750.000000           1         -267.8404   
      1046:    549780.000000           1         -267.8410   
      1047:    549810.000000           1         -267.8449   
      1048:    549840.000000           1         -267.8480   
      1049:    549870.000000           1         -267.8523   
      1050:    549900.000000           1         -267.8613   
      1051:    549930.000000           1         -267.8652   
      1052:    549960.000000           1         -326.3415   
      1053:    549990.000000           1         -267.9039   
      1054:    550020.000000           1         -267.9112   
      1055:    550050.000000           1         -267.9194   
      1056:    550080.000000           1         -267.9290   
      1057:    550110.000000           1         -267.9401   
      1058:    550140.000000           1         -326.4066   
      1059:    550170.000000           1         -267.9900   
      1060:    550200.000000           1         -268.0048   
      1061:    550230.000000           1         -268.0191   
      1062:    550260.000000           1         -268.0309   
      1063:    550290.000000           1         -268.0424   
      1064:    550320.000000           1         -268.0529   
      1065:    550350.000000           1         -268.0658   
      1066:    550380.000000           1         -268.0787   
      1067:    550410.000000           1         -268.0888   
      1068:    550440.000000           1         -326.4841   
      1069:    550470.000000           1         -268.1213   
      1070:    550500.000000           1         -326.5094   
      1071:    550530.000000           1         -326.5184   
      1072:    550560.000000           1         -326.5240   
      1073:    550590.000000           1         -413.6284   
      1074:    550620.000000           1         -413.6427   
      1075:    550650.000000           1         -413.6453   
      1076:    550680.000000           1         -413.6496   
      1077:    550710.000000           1         -413.6512   
      1078:    550740.000000           1         -198.7702   
      1079:    550770.000000           1         -198.7319   
      1080:    550800.000000           1         -198.6912   
      1081:    550830.000000           1         -198.6820   
      1082:    550860.000000           1         -198.6765   
      1083:    550890.000000           1         -198.6800   
      1084:    550920.000000           1         -198.6961   
      1085:    550950.000000           1         -413.6732   
      1086:    550980.000000           1         -413.6775   
      1087:    551010.000000           1         -413.6800   
      1088:    551040.000000           1         -413.6875   
      1089:    551070.000000           1         -413.6943   
      1090:    551100.000000           1         -413.7021   
      1091:    551130.000000           1         -413.7112   
      1092:    551160.000000           1         -413.7181   
      1093:    551190.000000           1         -413.7242   
      1094:    551220.000000           1         -413.7323   
      1095:    551250.000000           1         -413.7406   
      1096:    551280.000000           1         -326.6619   
      1097:    551310.000000           1         -413.7632   
      1098:    551340.000000           1         -326.6793   
      1099:    551370.000000           1         -413.7803   
      1100:    551400.000000           1         -268.3339   
      1101:    551430.000000           1         -413.7984   
      1102:    551460.000000           1         -268.3537   
      1103:    551490.000000           1         -326.7220   
      1104:    551520.000000           1         -268.3585   
      1105:    551550.000000           1         -326.7447   
      1106:    551580.000000           1         -268.3640   
      1107:    551610.000000           1         -326.7620   
      1108:    551640.000000           1         -268.3652   
      1109:    551670.000000           1         -326.7694   
      1110:    551700.000000           1         -268.3573   
      1111:    551730.000000           1         -413.8194   
      1112:    551760.000000           1         -268.3620   
      1113:    551790.000000           1         -268.3657   
      1114:    551820.000000           1         -268.3742   
      1115:    551850.000000           1         -326.8018   
      1116:    551880.000000           1         -268.3779   
      1117:    551910.000000           1         -326.8129   
      1118:    551940.000000           1         -268.3802   
      1119:    551970.000000           1            7.4094   
      1120:    552000.000000           1            7.4056   
      1121:    552030.000000           1         -268.4008   
      1122:    552060.000000           1         -268.4052   
      1123:    552090.000000           1         -268.4075   
      1124:    552120.000000           1         -268.4149   
      1125:    552150.000000           1         -268.4209   
      1126:    552180.000000           1         -326.8637   
      1127:    552210.000000           1         -268.4284   
      1128:    552240.000000           1         -268.4294   
      1129:    552270.000000           1         -268.4307   
      1130:    552300.000000           1         -268.4308   
      1131:    552330.000000           1         -268.4290   
      1132:    552360.000000           1         -268.4288   
      1133:    552390.000000           1         -268.4304   
      1134:    552420.000000           1         -413.8910   
      1135:    552450.000000           1         -413.8909   
      1136:    552480.000000           1         -413.8919   
      1137:    552510.000000           1         -413.8954   
      1138:    552540.000000           1         -413.8967   
      1139:    552570.000000           1         -413.8985   
      1140:    552600.000000           1         -198.4283   
      1141:    552630.000000           1         -198.4180   
      1142:    552660.000000           1         -198.4070   
      1143:    552690.000000           1         -165.2641   
      1144:    552720.000000           1         -198.3940   
      1145:    552750.000000           1         -198.4032   
      1146:    552780.000000           1         -198.4175   
      1147:    552810.000000           1         -198.4221   
      1148:    552840.000000           1         -198.4221   
      1149:    552870.000000           1         -166.4773   
      1150:    552900.000000           1         -198.4203   
      1151:    552930.000000           1         -166.5215   
      1152:    552960.000000           1         -198.4211   
      1153:    552990.000000           1         -198.4229   
      1154:    553020.000000           1         -198.4248   
      1155:    553050.000000           1         -413.8739   
      1156:    553080.000000           1         -413.8741   
      1157:    553110.000000           1         -413.8718   
      1158:    553140.000000           1         -413.8704   
      1159:    553170.000000           1         -413.8704   
      1160:    553200.000000           1         -413.8699   
      1161:    553230.000000           1         -413.8742   
      1162:    553260.000000           1         -413.8746   
      1163:    553290.000000           1         -413.8711   
      1164:    553320.000000           1         -413.8702   
      1165:    553350.000000           1         -413.8692   
      1166:    553380.000000           1         -326.8970   
      1167:    553410.000000           1         -326.8962   
      1168:    553440.000000           1         -326.8981   
      1169:    553470.000000           1         -326.8974   
      1170:    553500.000000           1         -326.8958   
      1171:    553530.000000           1         -326.8934   
      1172:    553560.000000           1         -326.8900   
      1173:    553590.000000           1         -326.8884   
      1174:    553620.000000           1         -326.8865   
      1175:    553650.000000           1         -326.8837   
      1176:    553680.000000           1         -326.8820   
      1177:    553710.000000           1         -413.8397   
      1178:    553740.000000           1         -413.8348   
      1179:    553770.000000           1         -413.8301   
      1180:    553800.000000           1         -413.8271   
      1181:    553830.000000           1         -413.8245   
      1182:    553860.000000           1         -198.3476   
      1183:    553890.000000           1         -198.3431   
      1184:    553920.000000           1         -413.8052   
      1185:    553950.000000           1         -413.8031   
      1186:    553980.000000           1         -198.3641   
      1187:    554010.000000           1         -326.8340   
      1188:    554040.000000           1         -326.8342   
      1189:    554070.000000           1         -326.8325   
      1190:    554100.000000           1         -326.8293   
      1191:    554130.000000           1         -326.8264   
      1192:    554160.000000           1         -326.8218   
      1193:    554190.000000           1         -413.7634   
      1194:    554220.000000           1         -413.7523   
      1195:    554250.000000           1         -326.7992   
      1196:    554280.000000           1         -413.7409   
      1197:    554310.000000           1         -413.7359   
      1198:    554340.000000           1         -413.7305   
      1199:    554370.000000           1         -413.7264   
      1200:    554400.000000           1         -326.7740   
      1201:    554430.000000           1         -326.7634   
      1202:    554460.000000           1         -326.7530   
      1203:    554490.000000           1         -198.1357   
      1204:    554520.000000           1         -413.6816   
      1205:    554550.000000           1         -413.6781   
      1206:    554580.000000           1         -413.6738   
      1207:    554610.000000           1         -413.6695   
      1208:    554640.000000           1         -413.6646   
      1209:    554670.000000           1         -413.6576   
      1210:    554700.000000           1         -413.6525   
      1211:    554730.000000           1         -413.6474   
      1212:    554760.000000           1         -413.6423   
      1213:    554790.000000           1         -413.6360   
      1214:    554820.000000           1         -413.6299   
      1215:    554850.000000           1         -413.6253   
      1216:    554880.000000           1         -413.6232   
      1217:    554910.000000           1         -413.6185   
      1218:    554940.000000           1         -326.6662   
      1219:    554970.000000           1         -326.6603   
      1220:    555000.000000           1         -326.6536   
      1221:    555030.000000           1         -326.6455   
      1222:    555060.000000           1         -326.6348   
      1223:    555090.000000           1         -326.6279   
      1224:    555120.000000           1         -326.6219   
      1225:    555150.000000           1         -326.6155   
      1226:    555180.000000           1         -413.5339   
      1227:    555210.000000           1         -326.5935   
      1228:    555240.000000           1         -326.5869   
      1229:    555270.000000           1         -197.8440   
      1230:    555300.000000           1         -326.5601   
      1231:    555330.000000           1         -326.5527   
      1232:    555360.000000           1         -267.8938   
      1233:    555390.000000           1         -326.5274   
      1234:    555420.000000           1         -267.8666   
      1235:    555450.000000           1         -267.8670   
      1236:    555480.000000           1         -267.8633   
      1237:    555510.000000           1         -267.8659   
      1238:    555540.000000           1         -326.4822   
      1239:    555570.000000           1         -326.4687   
      1240:    555600.000000           1         -413.4061   
      1241:    555630.000000           1         -326.4480   
      1242:    555660.000000           1         -326.4404   
      1243:    555690.000000           1         -326.4332   
      1244:    555720.000000           1         -413.3668   
      1245:    555750.000000           1         -326.4082   
      1246:    555780.000000           1         -326.3936   
      1247:    555810.000000           1         -326.3876   
      1248:    555840.000000           1         -326.3799   
      1249:    555870.000000           1         -326.3734   
      1250:    555900.000000           1         -326.3692   
      1251:    555930.000000           1         -326.3633   
      1252:    555960.000000           1         -413.2895   
      1253:    555990.000000           1         -326.3393   
      1254:    556020.000000           1         -413.2698   
      1255:    556050.000000           1         -326.3222   
      1256:    556080.000000           1         -326.3187   
      1257:    556110.000000           1         -413.2488   
      1258:    556140.000000           1         -326.2991   
      1259:    556170.000000           1         -326.2889   
      1260:    556200.000000           1         -326.2819   
      1261:    556230.000000           1         -326.2703   
      1262:    556260.000000           1         -326.2533   
      1263:    556290.000000           1         -326.2465   
      1264:    556320.000000           1         -326.2292   
      1265:    556350.000000           1         -267.5858   
      1266:    556380.000000           1         -267.5782   
      1267:    556410.000000           1         -267.5727   
      1268:    556440.000000           1         -326.1795   
      1269:    556470.000000           1         -267.5535   
      1270:    556500.000000           1         -267.5456   
      1271:    556530.000000           1         -267.5395   
      1272:    556560.000000           1         -267.5293   
      1273:    556590.000000           1         -267.5202   
      1274:    556620.000000           1         -413.0799   
      1275:    556650.000000           1         -326.1269   
      1276:    556680.000000           1         -206.7902   
      1277:    556710.000000           1         -197.2552   
      1278:    556740.000000           1         -413.0453   
      1279:    556770.000000           1         -413.0397   
      1280:    556800.000000           1         -197.2229   
      1281:    556830.000000           1         -413.0163   
      1282:    556860.000000           1         -413.0100   
      1283:    556890.000000           1         -413.0043   
      1284:    556920.000000           1         -412.9974   
      1285:    556950.000000           1         -214.2637   
      1286:    556980.000000           1         -412.9711   
      1287:    557010.000000           1         -412.9626   
      1288:    557040.000000           1         -412.9554   
      1289:    557070.000000           1         -412.9468   
      1290:    557100.000000           1         -412.9389   
      1291:    557130.000000           1         -412.9312   
      1292:    557160.000000           1         -412.9237   
      1293:    557190.000000           1         -412.9152   
      1294:    557220.000000           1         -412.9017   
      1295:    557250.000000           1         -197.0435   
      1296:    557280.000000           1         -197.0284   
      1297:    557310.000000           1         -206.5890   
      1298:    557340.000000           1         -206.5768   
      1299:    557370.000000           1         -196.9667   
      1300:    557400.000000           1         -196.9598   
      1301:    557430.000000           1         -325.8664   
      1302:    557460.000000           1         -325.8582   
      1303:    557490.000000           1         -325.8533   
      1304:    557520.000000           1         -325.8481   
      1305:    557550.000000           1         -325.8414   
      1306:    557580.000000           1         -412.7806   
      1307:    557610.000000           1         -325.8082   
      1308:    557640.000000           1         -325.8014   
      1309:    557670.000000           1         -325.7945   
      1310:    557700.000000           1         -325.7884   
      1311:    557730.000000           1         -325.7809   
      1312:    557760.000000           1         -412.7222   
      1313:    557790.000000           1         -196.8241   
      1314:    557820.000000           1         -325.7446   
      1315:    557850.000000           1         -325.7377   
      1316:    557880.000000           1         -196.7944   
      1317:    557910.000000           1         -325.7123   
      1318:    557940.000000           1         -325.7039   
      1319:    557970.000000           1         -325.6875   
      1320:    558000.000000           1         -412.6265   
      1321:    558030.000000           1         -325.6653   
      1322:    558060.000000           1         -412.5993   
      1323:    558090.000000           1         -196.6981   
      1324:    558120.000000           1         -412.9058   
      1325:    558150.000000           1         -412.8858   
      1326:    558180.000000           1         -412.8495   
      1327:    558210.000000           1         -412.8485   
      1328:    558240.000000           1         -412.8470   
      1329:    558270.000000           1         -196.6420   
      1330:    558300.000000           1         -206.2420   
      1331:    558330.000000           1         -412.8674   
      1332:    558360.000000           1         -412.8517   
      1333:    558390.000000           1         -206.2086   
      1334:    558420.000000           1         -206.2002   
      1335:    558450.000000           1         -196.5698   
      1336:    558480.000000           1         -206.1735   
      1337:    558510.000000           1         -213.7160   
      1338:    558540.000000           1         -206.1447   
      1339:    558570.000000           1         -206.1326   
      1340:    558600.000000           1         -206.1285   
      1341:    558630.000000           1         -213.6745   
      1342:    558660.000000           1         -206.0994   
      1343:    558690.000000           1         -213.6461   
      1344:    558720.000000           1         -206.0778   
      1345:    558750.000000           1         -206.0714   
      1346:    558780.000000           1         -213.6137   
      1347:    558810.000000           1         -215.1374   
      1348:    558840.000000           1         -206.0417   
      1349:    558870.000000           1         -206.0336   
      1350:    558900.000000           1         -206.0201   
      1351:    558930.000000           1         -196.3940   
      1352:    558960.000000           1         -213.5482   
      1353:    558990.000000           1         -205.9824   
      1354:    559020.000000           1         -205.9770   
      1355:    559050.000000           1         -205.9709   
      1356:    559080.000000           1         -205.9659   
      1357:    559110.000000           1         -205.9608   
      1358:    559140.000000           1         -205.9563   
      1359:    559170.000000           1         -213.4933   
      1360:    559200.000000           1         -205.9328   
      1361:    559230.000000           1         -196.2862   
      1362:    559260.000000           1         -196.2770   
      1363:    559290.000000           1         -196.2706   
      1364:    559320.000000           1         -196.2617   
      1365:    559350.000000           1         -196.2585   
      1366:    559380.000000           1         -196.2529   
      1367:    559410.000000           1         -413.0208   
      1368:    559440.000000           1         -413.0178   
      1369:    559470.000000           1         -413.0114   
      1370:    559500.000000           1         -413.0072   
      1371:    559530.000000           1         -196.2269   
      1372:    559560.000000           1         -196.2302   
      1373:    559590.000000           1         -205.8856   
      1374:    559620.000000           1         -205.8881   
      1375:    559650.000000           1         -205.8901   
      1376:    559680.000000           1         -205.8938   
      1377:    559710.000000           1         -205.8966   
      1378:    559740.000000           1         -213.4529   
      1379:    559770.000000           1         -196.2622   
      1380:    559800.000000           1         -205.9182   
      1381:    559830.000000           1         -196.2776   
      1382:    559860.000000           1         -196.2821   
      1383:    559890.000000           1         -196.2857   
      1384:    559920.000000           1         -196.2861   
      1385:    559950.000000           1         -266.5445   
      1386:    559980.000000           1         -196.3072   
      1387:    560010.000000           1         -196.3163   
      1388:    560040.000000           1         -205.9605   
      1389:    560070.000000           1         -205.9702   
      1390:    560100.000000           1         -205.9729   
      1391:    560130.000000           1         -205.9758   
      1392:    560160.000000           1         -213.5388   
      1393:    560190.000000           1         -205.9912   
      1394:    560220.000000           1         -205.9925   
      1395:    560250.000000           1         -205.9957   
      1396:    560280.000000           1         -205.9996   
      1397:    560310.000000           1         -206.0027   
      1398:    560340.000000           1         -206.0053   
      1399:    560370.000000           1         -206.0083   
      1400:    560400.000000           1         -206.0118   
      1401:    560430.000000           1         -206.0147   
      1402:    560460.000000           1         -213.5769   
      1403:    560490.000000           1         -213.5867   
      1404:    560520.000000           1         -213.5879   
      1405:    560550.000000           1         -213.5914   
      1406:    560580.000000           1         -213.5945   
      1407:    560610.000000           1         -213.5974   
      1408:    560640.000000           1         -213.6000   
      1409:    560670.000000           1         -213.6021   
      1410:    560700.000000           1         -213.6065   
      1411:    560730.000000           1         -213.6097   
      1412:    560760.000000           1         -213.6129   
      1413:    560790.000000           1         -213.6164   
      1414:    560820.000000           1         -215.1665   
      1415:    560850.000000           1         -213.6308   
      1416:    560880.000000           1         -213.6364   
      1417:    560910.000000           1         -213.6398   
      1418:    560940.000000           1         -206.0911   
      1419:    560970.000000           1         -206.0937   
      1420:    561000.000000           1         -206.0971   
      1421:    561030.000000           1         -213.6577   
      1422:    561060.000000           1         -206.1142   
      1423:    561090.000000           1         -206.1198   
      1424:    561120.000000           1         -196.4618   
      1425:    561150.000000           1         -196.4651   
      1426:    561180.000000           1         -196.4677   
      1427:    561210.000000           1         -196.4722   
      1428:    561240.000000           1         -196.4766   
      1429:    561270.000000           1         -196.4805   
      1430:    561300.000000           1         -266.7460   
      1431:    561330.000000           1         -196.4910   
      1432:    561360.000000           1         -196.4999   
      1433:    561390.000000           1         -196.5052   
      1434:    561420.000000           1         -196.5145   
      1435:    561450.000000           1         -196.5216   
      1436:    561480.000000           1         -266.7947   
      1437:    561510.000000           1         -266.7972   
      1438:    561540.000000           1         -266.8028   
      1439:    561570.000000           1         -196.5378   
      1440:    561600.000000           1         -196.5455   
      1441:    561630.000000           1         -266.8299   
      1442:    561660.000000           1         -266.8334   
      1443:    561690.000000           1         -196.5645   
      1444:    561720.000000           1         -196.5687   
      1445:    561750.000000           1         -266.8493   
      1446:    561780.000000           1         -196.5750   
      1447:    561810.000000           1         -266.8589   
      1448:    561840.000000           1         -196.5782   
      1449:    561870.000000           1         -266.8750   
      1450:    561900.000000           1         -266.8837   
      1451:    561930.000000           1         -206.3143   
      1452:    561960.000000           1         -266.8993   
      1453:    561990.000000           1         -266.9036   
      1454:    562020.000000           1         -266.9079   
      1455:    562050.000000           1         -196.5736   
      1456:    562080.000000           1         -206.3518   
      1457:    562110.000000           1         -196.5601   
      1458:    562140.000000           1         -196.5567   
      1459:    562170.000000           1         -196.5562   
      1460:    562200.000000           1         -196.5628   
      1461:    562230.000000           1         -196.5678   
      1462:    562260.000000           1         -196.5705   
      1463:    562290.000000           1         -196.5769   
      1464:    562320.000000           1         -196.5866   
      1465:    562350.000000           1         -196.5898   
      1466:    562380.000000           1         -196.5920   
      1467:    562410.000000           1         -266.9733   
      1468:    562440.000000           1         -266.9755   
      1469:    562470.000000           1         -196.5878   
      1470:    562500.000000           1         -266.9822   
      1471:    562530.000000           1         -266.9859   
      1472:    562560.000000           1         -266.9914   
      1473:    562590.000000           1         -196.6148   
      1474:    562620.000000           1         -196.6180   
      1475:    562650.000000           1         -206.4354   
      1476:    562680.000000           1         -206.4373   
      1477:    562710.000000           1         -206.4402   
      1478:    562740.000000           1         -206.4419   
      1479:    562770.000000           1         -206.4451   
      1480:    562800.000000           1         -206.4450   
      1481:    562830.000000           1         -196.6277   
      1482:    562860.000000           1         -196.6170   
      1483:    562890.000000           1         -196.6112   
      1484:    562920.000000           1         -196.6027   
      1485:    562950.000000           1         -196.5962   
      1486:    562980.000000           1         -196.5885   
      1487:    563010.000000           1         -196.5785   
      1488:    563040.000000           1         -196.5712   
      1489:    563070.000000           1         -196.5654   
      1490:    563100.000000           1         -196.5575   
      1491:    563130.000000           1         -206.3646   
      1492:    563160.000000           1         -196.5225   
      1493:    563190.000000           1         -196.5128   
      1494:    563220.000000           1         -196.5083   
      1495:    563250.000000           1         -196.5024   
      1496:    563280.000000           1         -196.4892   
      1497:    563310.000000           1         -196.4839   
      1498:    563340.000000           1         -196.4794   
      1499:    563370.000000           1         -196.4760   
      1500:    563400.000000           1         -196.4710   
      1501:    563430.000000           1         -196.4648   
      1502:    563460.000000           1         -324.5179   
      1503:    563490.000000           1         -324.5077   
      1504:    563520.000000           1         -196.4321   
      1505:    563550.000000           1         -324.4706   
      1506:    563580.000000           1         -324.4667   
      1507:    563610.000000           1         -196.3953   
      1508:    563640.000000           1         -196.3869   
      1509:    563670.000000           1         -183.0510   
      1510:    563700.000000           1         -324.4262   
      1511:    563730.000000           1         -324.4240   
      1512:    563760.000000           1         -182.9803   
      1513:    563790.000000           1         -183.0130   
      1514:    563820.000000           1         -183.0139   
      1515:    563850.000000           1         -196.3433   
      1516:    563880.000000           1         -196.3399   
      1517:    563910.000000           1         -196.3382   
      1518:    563940.000000           1         -196.3348   
      1519:    563970.000000           1         -183.0033   
      1520:    564000.000000           1         -183.0110   
      1521:    564030.000000           1         -183.0208   
      1522:    564060.000000           1         -196.3127   
      1523:    564090.000000           1         -206.1413   
      1524:    564120.000000           1         -196.2883   
      1525:    564150.000000           1         -196.2850   
      1526:    564180.000000           1         -196.2831   
      1527:    564210.000000           1         -183.0376   
      1528:    564240.000000           1         -196.2658   
      1529:    564270.000000           1         -182.9885   
      1530:    564300.000000           1         -182.9706   
      1531:    564330.000000           1         -182.9596   
      1532:    564360.000000           1         -182.9270   
      1533:    564390.000000           1         -182.9186   
      1534:    564420.000000           1         -182.9128   
      1535:    564450.000000           1         -324.2983   
      1536:    564480.000000           1         -324.2959   
      1537:    564510.000000           1         -324.2923   
      1538:    564540.000000           1         -324.2886   
      1539:    564570.000000           1         -324.2859   
      1540:    564600.000000           1         -324.2821   
      1541:    564630.000000           1         -324.2784   
      1542:    564660.000000           1         -182.8392   
      2027:    579210.000000           1         -209.1994   
      2028:    579240.000000           1         -168.4489   
      2029:    579270.000000           1         -209.1537   
      2030:    579300.000000           1         -209.1429   
      2031:    579330.000000           1         -207.5718   
      2032:    579360.000000           1         -209.1060   
      2033:    579390.000000           1         -220.9253   
      2034:    579420.000000           1         -209.0665   
      2035:    579450.000000           1         -207.4928   
      2036:    579480.000000           1         -207.4838   
      2037:    579510.000000           1         -220.8424   
      2038:    579540.000000           1         -207.4496   
      2039:    579570.000000           1         -207.4406   
      2040:    579600.000000           1         -220.7781   
      2041:    579630.000000           1         -220.7682   
      2042:    579660.000000           1         -208.9514   
      2043:    579690.000000           1         -208.9423   
      2044:    579720.000000           1         -208.9339   
      2045:    579750.000000           1         -208.9247   
      2046:    579780.000000           1         -208.9156   
      2047:    579810.000000           1         -220.6940   
      2048:    579840.000000           1         -220.6862   
      2049:    579870.000000           1         -220.6749   
      2050:    579900.000000           1         -220.6629   
      2051:    579930.000000           1         -207.3074   
      2052:    579960.000000           1         -207.2985   
      2053:    579990.000000           1         -199.7448   
      2054:    580020.000000           1         -207.2619   
      2055:    580050.000000           1         -199.7072   
      2056:    580080.000000           1         -199.6988   
      2057:    580110.000000           1         -189.8255   
      2058:    580140.000000           1         -176.0392   
      2059:    580170.000000           1         -176.0237   
      2060:    580200.000000           1         -317.8578   
      2061:    580230.000000           1         -176.0039   
      2062:    580260.000000           1         -317.8274   
      2063:    580290.000000           1         -175.9759   
      2064:    580320.000000           1         -317.8017   
      2065:    580350.000000           1         -175.9406   
      2066:    580380.000000           1         -317.7655   
      2067:    580410.000000           1         -317.7477   
      2068:    580440.000000           1         -317.7271   
      2069:    580470.000000           1         -317.7185   
      2070:    580500.000000           1         -175.8675   
      2071:    580530.000000           1         -189.6255   
      2072:    580560.000000           1         -175.8326   
      2073:    580590.000000           1         -189.5944   
      2074:    580620.000000           1         -175.7973   
      2075:    580650.000000           1         -175.7878   
      2076:    580680.000000           1         -317.6217   
      2077:    580710.000000           1         -317.6137   
      2078:    580740.000000           1         -259.9254   
      2079:    580770.000000           1         -259.9167   
      2080:    580800.000000           1         -175.7457   
      2081:    580830.000000           1         -175.7369   
      2082:    580860.000000           1         -189.4977   
      2083:    580890.000000           1         -175.7024   
      2084:    580920.000000           1         -175.6936   
      2085:    580950.000000           1         -175.6847   
      2086:    580980.000000           1         -199.6274   
      2087:    581010.000000           1         -189.4251   
      2088:    581040.000000           1         -189.4175   
      2089:    581070.000000           1         -189.4097   
      2090:    581100.000000           1         -199.5572   
      2091:    581130.000000           1         -189.3726   
      2092:    581160.000000           1         -189.3637   
      2093:    581190.000000           1         -189.3551   
      2094:    581220.000000           1         -189.3452   
      2095:    581250.000000           1         -199.4987   
      2096:    581280.000000           1         -189.3097   
      2097:    581310.000000           1         -189.3018   
      2098:    581340.000000           1         -189.2931   
      2099:    581370.000000           1         -189.2851   
      2100:    581400.000000           1         -189.2764   
      2101:    581430.000000           1         -189.2664   
      2102:    581460.000000           1         -189.2566   
      2103:    581490.000000           1         -175.4676   
      2104:    581520.000000           1         -175.4591   
      2105:    581550.000000           1         -175.4506   
      2106:    581580.000000           1         -175.4408   
      2107:    581610.000000           1         -175.4320   
      2108:    581640.000000           1         -175.4218   
      2109:    581670.000000           1         -175.4131   
      2110:    581700.000000           1         -175.4036   
      2111:    581730.000000           1         -189.1523   
      2112:    581760.000000           1         -175.3661   
      2113:    581790.000000           1         -175.3481   
      2114:    581820.000000           1         -175.3393   
      2115:    581850.000000           1         -175.3304   
      2116:    581880.000000           1         -175.3225   
      2117:    581910.000000           1         -317.1502   
      2118:    581940.000000           1         -189.0568   
      2119:    581970.000000           1         -317.1159   
      2120:    582000.000000           1         -189.0234   
      2121:    582030.000000           1         -317.0823   
      2122:    582060.000000           1         -317.0744   
      2123:    582090.000000           1         -175.2203   
      2124:    582120.000000           1         -175.2130   
      2125:    582150.000000           1         -175.2044   
      2126:    582180.000000           1         -175.1960   
      2127:    582210.000000           1         -188.9424   
      2128:    582240.000000           1         -188.9250   
      2129:    582270.000000           1         -188.9064   
      2130:    582300.000000           1         -175.1273   
      2131:    582330.000000           1         -188.8699   
      2132:    582360.000000           1         -188.8514   
      2133:    582390.000000           1         -188.8419   
      2134:    582420.000000           1         -188.8339   
      2135:    582450.000000           1         -188.8235   
      2136:    582480.000000           1         -188.8147   
      2137:    582510.000000           1         -188.8050   
      2138:    582540.000000           1         -188.7959   
      2139:    582570.000000           1         -188.7867   
      2140:    582600.000000           1         -188.7784   
      2141:    582630.000000           1         -188.7688   
      2142:    582660.000000           1         -188.7598   
      2143:    582690.000000           1         -188.7504   
      2144:    582720.000000           1         -188.7406   
      2145:    582750.000000           1         -188.7328   
      2146:    582780.000000           1         -198.8630   
      2147:    582810.000000           1         -188.6929   
      2148:    582840.000000           1         -188.6831   
      2149:    582870.000000           1         -188.6726   
      2150:    582900.000000           1         -188.6633   
      2151:    582930.000000           1         -188.6523   
      2152:    582960.000000           1         -174.8849   
      2153:    582990.000000           1         -188.6314   
      2154:    583020.000000           1         -188.6214   
      2155:    583050.000000           1         -188.6107   
      2156:    583080.000000           1         -188.5996   
      2157:    583110.000000           1         -188.5907   
      2158:    583140.000000           1         -198.7292   
      2159:    583170.000000           1         -188.5477   
      2160:    583200.000000           1         -188.5372   
      2161:    583230.000000           1         -188.5261   
      2162:    583260.000000           1         -205.9302   
      2163:    583290.000000           1         -198.6507   
      2164:    583320.000000           1         -198.6403   
      2165:    583350.000000           1         -188.4545   
      2166:    583380.000000           1         -188.4442   
      2167:    583410.000000           1         -188.4344   
      2168:    583440.000000           1         -188.4233   
      2169:    583470.000000           1         -188.4124   
      2170:    583500.000000           1         -188.4013   
      2171:    583530.000000           1         -188.3905   
      2172:    583560.000000           1         -175.0846   
      2173:    583590.000000           1         -175.0599   
      2174:    583620.000000           1         -175.0412   
      2175:    583650.000000           1         -175.0250   
      2176:    583680.000000           1         -175.0103   
      2177:    583710.000000           1         -175.0008   
      2178:    583740.000000           1         -188.2999   
      2179:    583770.000000           1         -174.9675   
      2180:    583800.000000           1         -174.9600   
      2181:    583830.000000           1         -174.9588   
      2182:    583860.000000           1         -188.2354   
      2183:    583890.000000           1         -174.9423   
      2184:    583920.000000           1         -174.9345   
      2185:    583950.000000           1         -188.1785   
      2186:    583980.000000           1         -174.9027   
      2187:    584010.000000           1         -174.8905   
      2188:    584040.000000           1         -174.8983   
      2189:    584070.000000           1         -174.8984   
      2190:    584100.000000           1         -174.8921   
      2191:    584130.000000           1         -174.8877   
      2192:    584160.000000           1         -174.8879   
      2193:    584190.000000           1         -174.8896   
      2194:    584220.000000           1         -174.8920   
      2195:    584250.000000           1         -174.8915   
      2196:    584280.000000           1         -188.0361   
      2197:    584310.000000           1         -188.0260   
      2198:    584340.000000           1         -198.1796   
      2199:    584370.000000           1         -187.9812   
      2200:    584400.000000           1         -187.9696   
      2201:    584430.000000           1         -187.9497   
      2202:    584460.000000           1         -187.9398   
      2203:    584490.000000           1         -187.9290   
      2204:    584520.000000           1         -198.0917   
      2205:    584550.000000           1         -187.8907   
      2206:    584580.000000           1         -187.8801   
      2207:    584610.000000           1         -187.8701   
      2208:    584640.000000           1         -187.8596   
      2209:    584670.000000           1         -198.0325   
      2210:    584700.000000           1         -198.0227   
      2211:    584730.000000           1         -198.0131   
      2212:    584760.000000           1         -198.0043   
      2213:    584790.000000           1         -205.2437   
      2214:    584820.000000           1         -197.9668   
      2215:    584850.000000           1         -187.7694   
      2216:    584880.000000           1         -197.9459   
      2217:    584910.000000           1         -205.1829   
      2218:    584940.000000           1         -205.1727   
      2219:    584970.000000           1         -205.1630   
      2220:    585000.000000           1         -205.1533   
      2221:    585030.000000           1         -205.1433   
      2222:    585060.000000           1         -205.1336   
      2223:    585090.000000           1         -205.1232   
      2224:    585120.000000           1         -205.1124   
      2225:    585150.000000           1         -218.0557   
      2226:    585180.000000           1         -218.0423   
      2227:    585210.000000           1         -218.0286   
      2228:    585240.000000           1         -218.0166   
      2229:    585270.000000           1         -218.0048   
      2230:    585300.000000           1         -217.9933   
      2231:    585330.000000           1         -205.0248   
      2232:    585360.000000           1         -205.0134   
      2233:    585390.000000           1         -205.0028   
      2234:    585420.000000           1         -217.9344   
      2235:    585450.000000           1         -204.9581   
      2236:    585480.000000           1         -204.9473   
      2237:    585510.000000           1         -204.9355   
      2238:    585540.000000           1         -165.3297   
      2239:    585570.000000           1         -206.4375   
      2240:    585600.000000           1         -206.4264   
      2241:    585630.000000           1         -206.4150   
      2242:    585660.000000           1         -165.2614   
      2243:    585690.000000           1         -206.3680   
      2244:    585720.000000           1         -206.3563   
      2245:    585750.000000           1         -165.1971   
      2246:    585780.000000           1         -206.3052   
      2247:    585810.000000           1         -217.6618   
      2248:    585840.000000           1         -217.6485   
      2249:    585870.000000           1         -217.6349   
      2250:    585900.000000           1         -217.6220   
      2251:    585930.000000           1         -217.6067   
      2252:    585960.000000           1         -217.5922   
      2253:    585990.000000           1         -217.5784   
      2254:    586020.000000           1         -217.5645   
      2255:    586050.000000           1         -217.5510   
      2256:    586080.000000           1         -217.5366   
      2257:    586110.000000           1         -206.1405   
      2258:    586140.000000           1         -206.1287   
      2259:    586170.000000           1         -164.9565   
      2260:    586200.000000           1         -164.9283   
      2261:    586230.000000           1         -206.0524   
      2262:    586260.000000           1         -206.0412   
      2263:    586290.000000           1         -206.0297   
      2264:    586320.000000           1         -206.0181   
      2265:    586350.000000           1         -206.0067   
      2266:    586380.000000           1         -205.9937   
      2267:    586410.000000           1         -205.9702   
      2268:    586440.000000           1         -205.9592   
      2269:    586470.000000           1         -205.9476   
      2270:    586500.000000           1         -164.7693   
      2271:    586530.000000           1         -217.2575   
      2272:    586560.000000           1         -217.2458   
      2273:    586590.000000           1         -217.2344   
      2274:    586620.000000           1         -217.2235   
      2275:    586650.000000           1         -217.2120   
      2276:    586680.000000           1         -217.1993   
      2277:    586710.000000           1         -204.2872   
      2278:    586740.000000           1         -204.2763   
      2279:    586770.000000           1         -204.2650   
      2280:    586800.000000           1         -217.1255   
      2281:    586830.000000           1         -204.2180   
      2282:    586860.000000           1         -204.2060   
      2283:    586890.000000           1         -197.1853   
      2284:    586920.000000           1         -197.1739   
      2285:    586950.000000           1         -217.0366   
      2286:    586980.000000           1         -204.1381   
      2287:    587010.000000           1         -204.1275   
      2288:    587040.000000           1         -197.0887   
      2289:    587070.000000           1         -197.0783   
      2290:    587100.000000           1         -204.0719   
      2291:    587130.000000           1         -186.5626   
      2292:    587160.000000           1         -186.5527   
      2293:    587190.000000           1         -197.0052   
      2294:    587220.000000           1         -186.5040   
      2295:    587250.000000           1         -196.9683   
      2296:    587280.000000           1         -186.4580   
      2297:    587310.000000           1         -186.4474   
      2298:    587340.000000           1         -186.4370   
      2299:    587370.000000           1         -186.4264   
      2300:    587400.000000           1         -196.8991   
      2301:    587430.000000           1         -203.8769   
      2302:    587460.000000           1         -186.3573   
      2303:    587490.000000           1         -186.3464   
      2304:    587520.000000           1         -186.3349   
      2305:    587550.000000           1         -186.3239   
      2306:    587580.000000           1         -196.8148   
      2307:    587610.000000           1         -196.7933   
      2308:    587640.000000           1         -256.6923   
      2309:    587670.000000           1         -256.6813   
      2310:    587700.000000           1         -256.6703   
      2311:    587730.000000           1         -256.6591   
      2312:    587760.000000           1         -256.6477   
      2313:    587790.000000           1         -186.1861   
      2314:    587820.000000           1         -256.6021   
      2315:    587850.000000           1         -256.5905   
      2316:    587880.000000           1         -186.1416   
      2317:    587910.000000           1         -186.1293   
      2318:    587940.000000           1         -186.1174   
      2319:    587970.000000           1         -196.5840   
      2320:    588000.000000           1         -186.0740   
      2321:    588030.000000           1         -186.0630   
      2322:    588060.000000           1         -196.5412   
      2323:    588090.000000           1         -203.5225   
      2324:    588120.000000           1         -203.5019   
      2325:    588150.000000           1         -196.4960   
      2326:    588180.000000           1         -196.4902   
      2327:    588210.000000           1         -196.4827   
      2328:    588240.000000           1         -196.4772   
      2329:    588270.000000           1         -203.4301   
      2330:    588300.000000           1         -196.4449   
      2331:    588330.000000           1         -196.4357   
      2332:    588360.000000           1         -196.4263   
      2333:    588390.000000           1         -196.4150   
      2334:    588420.000000           1         -196.4034   
      2335:    588450.000000           1         -203.3487   
      2336:    588480.000000           1         -196.3518   
      2337:    588510.000000           1         -196.3421   
      2338:    588540.000000           1         -203.3090   
      2339:    588570.000000           1         -203.2989   
      2340:    588600.000000           1         -196.3177   
      2341:    588630.000000           1         -203.2792   
      2342:    588660.000000           1         -216.0716   
      2343:    588690.000000           1         -203.2602   
      2344:    588720.000000           1         -203.2514   
      2345:    588750.000000           1         -216.0400   
      2346:    588780.000000           1         -203.2206   
      2347:    588810.000000           1         -203.2108   
      2348:    588840.000000           1         -203.2007   
      2349:    588870.000000           1         -185.6724   
      2350:    588900.000000           1         -196.2400   
      2351:    588930.000000           1         -203.1618   
      2352:    588960.000000           1         -196.2122   
      2353:    588990.000000           1         -196.2031   
      2354:    589020.000000           1         -203.1186   
      2355:    589050.000000           1         -185.5769   
      2356:    589080.000000           1         -203.0820   
      2357:    589110.000000           1         -203.0638   
      2358:    589140.000000           1         -196.0946   
      2359:    589170.000000           1         -196.0866   
      2360:    589200.000000           1         -203.0258   
      2361:    589230.000000           1         -203.0096   
      2362:    589260.000000           1         -215.7753   
      2363:    589290.000000           1         -202.9764   
      2364:    589320.000000           1         -202.9681   
      2365:    589350.000000           1         -202.9597   
      2366:    589380.000000           1         -202.9516   
      2367:    589410.000000           1         -202.9433   
      2368:    589440.000000           1         -202.9350   
      2369:    589470.000000           1         -202.9270   
      2370:    589500.000000           1         -215.6903   
      2371:    589530.000000           1         -215.6706   
      2372:    589560.000000           1         -185.3462   
      2373:    589590.000000           1         -185.3384   
      2374:    589620.000000           1         -185.3309   
      2375:    589650.000000           1         -202.8503   
      2376:    589680.000000           1         -185.2995   
      2377:    589710.000000           1         -185.2914   
      2378:    589740.000000           1         -185.2845   
      2379:    589770.000000           1         -255.7304   
      2380:    589800.000000           1         -202.7956   
      2381:    589830.000000           1         -255.6992   
      2382:    589860.000000           1         -185.2372   
      2383:    589890.000000           1         -255.6848   
      2384:    589920.000000           1         -185.2227   
      2385:    589950.000000           1         -255.6703   
      2386:    589980.000000           1         -202.7378   
      2387:    590010.000000           1         -185.1839   
      2388:    590040.000000           1         -185.1774   
      2389:    590070.000000           1         -185.1706   
      2390:    590100.000000           1         -202.6971   
      2391:    590130.000000           1         -185.1415   
      2392:    590160.000000           1         -185.1340   
      2393:    590190.000000           1         -255.5832   
      2394:    590220.000000           1         -255.5751   
      2395:    590250.000000           1         -185.1114   
      2396:    590280.000000           1         -185.0976   
      2397:    590310.000000           1         -255.5433   
      2398:    590340.000000           1         -185.0744   
      2399:    590370.000000           1         -255.5189   
      2400:    590400.000000           1         -255.5127   
      2401:    590430.000000           1         -185.0409   
      2402:    590460.000000           1         -185.0273   
      2403:    590490.000000           1         -202.5654   
      2404:    590520.000000           1         -185.0022   
      2405:    590550.000000           1         -184.9961   
      2406:    590580.000000           1         -184.9892   
      2407:    590610.000000           1         -184.9842   
      2408:    590640.000000           1         -215.2681   
      2409:    590670.000000           1         -202.5145   
      2410:    590700.000000           1         -184.9512   
      2411:    590730.000000           1         -202.4934   
      2412:    590760.000000           1         -184.9308   
      2413:    590790.000000           1         -184.9272   
      2414:    590820.000000           1         -202.4745   
      2415:    590850.000000           1         -202.4654   
      2416:    590880.000000           1         -202.4578   
      2417:    590910.000000           1         -184.8926   
      2418:    590940.000000           1         -184.8876   
      2419:    590970.000000           1         -184.8824   
      2420:    591000.000000           1         -184.8764   
      2421:    591030.000000           1         -184.8708   
      2422:    591060.000000           1         -202.4160   
      2423:    591090.000000           1         -184.8459   
      2424:    591120.000000           1         -202.3921   
      2425:    591150.000000           1         -215.1187   
      2426:    591180.000000           1         -215.1137   
      2427:    591210.000000           1         -215.1094   
      2428:    591240.000000           1         -215.1047   
      2429:    591270.000000           1         -215.0997   
      2430:    591300.000000           1         -215.0952   
      2431:    591330.000000           1         -215.0913   
      2432:    591360.000000           1         -215.0876   
      2433:    591390.000000           1         -215.0827   
      2434:    591420.000000           1         -215.0782   
      2435:    591450.000000           1         -215.0743   
      2436:    591480.000000           1         -202.3371   
      2437:    591510.000000           1         -215.0587   
      2438:    591540.000000           1         -215.0543   
      2439:    591570.000000           1         -215.0499   
      2440:    591600.000000           1         -215.0463   
      2441:    591630.000000           1         -215.0429   
      2442:    591660.000000           1         -215.0407   
      2443:    591690.000000           1         -215.0388   
      2444:    591720.000000           1         -215.0361   
      2445:    591750.000000           1         -162.6237   
      2446:    591780.000000           1         -215.0187   
      2447:    591810.000000           1         -215.0150   
      2448:    591840.000000           1         -215.0128   
      2449:    591870.000000           1         -215.0105   
      2450:    591900.000000           1         -215.0060   
      2451:    591930.000000           1         -215.0042   
      2452:    591960.000000           1         -202.2697   
      2453:    591990.000000           1         -202.2671   
      2454:    592020.000000           1         -202.2647   
      2455:    592050.000000           1         -202.2634   
      2456:    592080.000000           1         -202.2607   
      2457:    592110.000000           1         -202.2593   
      2458:    592140.000000           1         -202.2575   
      2459:    592170.000000           1         -202.2563   
      2460:    592200.000000           1         -202.2539   
      2461:    592230.000000           1         -202.2520   
      2462:    592260.000000           1         -202.2486   
      2463:    592290.000000           1         -202.2457   
      2464:    592320.000000           1         -184.6727   
      2465:    592350.000000           1         -184.6726   
      2466:    592380.000000           1         -202.2445   
      2467:    592410.000000           1         -202.2437   
      2468:    592440.000000           1         -202.2421   
      2469:    592470.000000           1         -202.2401   
      2470:    592500.000000           1         -202.2387   
      2471:    592530.000000           1         -214.9584   
      2472:    592560.000000           1         -202.2312   
      2473:    592590.000000           1         -184.6540   
      2474:    592620.000000           1         -184.6525   
      2475:    592650.000000           1         -184.6501   
      2476:    592680.000000           1         -255.1114   
      2477:    592710.000000           1         -255.1089   
      2478:    592740.000000           1         -255.1076   
      2479:    592770.000000           1         -255.1053   
      2480:    592800.000000           1         -255.1030   
      2481:    592830.000000           1         -255.1012   
      2482:    592860.000000           1         -255.1005   
      2483:    592890.000000           1          103.0604   
      2484:    592920.000000           1          103.0623   
      2485:    592950.000000           1          103.0659   
      2486:    592980.000000           1          103.0682   
      2487:    593010.000000           1          103.0699   
      2488:    593040.000000           1          103.0708   
      2489:    593070.000000           1          103.0709   
      2490:    593100.000000           1          103.0711   
      2491:    593130.000000           1          103.0713   
      2492:    593160.000000           1          103.0714   
      2493:    593190.000000           1          103.0714   
      2494:    593220.000000           1          103.0730   
      2495:    593250.000000           1          103.0736   
      2496:    593280.000000           1          103.0741   
      2497:    593310.000000           1          103.0743   
      2498:    593340.000000           1          103.0760   
      2499:    593370.000000           1         -255.0844   
      2500:    593400.000000           1         -255.0826   
      2501:    593430.000000           1          103.0800   
      2502:    593460.000000           1          103.0798   
      2503:    593490.000000           1          103.0804   
      2504:    593520.000000           1         -255.0777   
      2505:    593550.000000           1          103.0854   
      2506:    593580.000000           1          103.0859   
      2507:    593610.000000           1          103.0863   
      2508:    593640.000000           1          103.0871   
      2509:    593670.000000           1          103.0878   
      2510:    593700.000000           1          103.0885   
      2511:    593730.000000           1          103.0883   
      2512:    593760.000000           1          103.0878   
      2513:    593790.000000           1          103.0873   
      2514:    593820.000000           1          103.0868   
      2515:    593850.000000           1          103.0866   
      2516:    593880.000000           1          103.0865   
      2517:    593910.000000           1         -255.0769   
      2518:    593940.000000           1          103.0864   
      2519:    593970.000000           1          103.0866   
      2520:    594000.000000           1          103.0866   
      2521:    594030.000000           1          103.0855   
      2522:    594060.000000           1          103.0847   
      2523:    594090.000000           1          103.0846   
      2524:    594120.000000           1          103.0842   
      2525:    594150.000000           1          103.0838   
      2526:    594180.000000           1          103.0827   
      2527:    594210.000000           1          103.0817   
      2528:    594240.000000           1          103.0806   
      2529:    594270.000000           1         -255.0840   
      2530:    594300.000000           1          103.0784   
      2531:    594330.000000           1          103.0782   
      2532:    594360.000000           1          103.0788   
      2533:    594390.000000           1         -255.0866   
      2534:    594420.000000           1         -255.0879   
      2535:    594450.000000           1         -255.0873   
      2536:    594480.000000           1         -255.0887   
      2537:    594510.000000           1         -255.0897   
      2538:    594540.000000           1         -255.0908   
      2539:    594570.000000           1         -255.0924   
      2540:    594600.000000           1         -184.6233   
      2541:    594630.000000           1         -184.6246   
      2542:    594660.000000           1         -202.2267   
      2543:    594690.000000           1         -184.6338   
      2544:    594720.000000           1         -184.6359   
      2545:    594750.000000           1         -184.6383   
      2546:    594780.000000           1         -184.6394   
      2547:    594810.000000           1         -184.6407   
      2548:    594840.000000           1         -184.6429   
      2549:    594870.000000           1         -214.9507   
      2550:    594900.000000           1         -202.2522   
      2551:    594930.000000           1         -202.2541   
      2552:    594960.000000           1         -202.2562   
      2553:    594990.000000           1         -202.2584   
      2554:    595020.000000           1         -202.2600   
      2555:    595050.000000           1         -202.2614   
      2556:    595080.000000           1         -202.2625   
      2557:    595110.000000           1         -202.2640   
      2558:    595140.000000           1         -202.2652   
      2559:    595170.000000           1         -202.2675   
      2560:    595200.000000           1         -202.2691   
      2561:    595230.000000           1         -202.2724   
      2562:    595260.000000           1         -202.2755   
      2563:    595290.000000           1         -202.2794   
      2564:    595320.000000           1         -184.6805   
      2565:    595350.000000           1         -202.2849   
      2566:    595380.000000           1         -202.2873   
      2567:    595410.000000           1         -184.6903   
      2568:    595440.000000           1         -184.6971   
      2569:    595470.000000           1         -184.7002   
      2570:    595500.000000           1         -184.7033   
      2571:    595530.000000           1         -184.7061   
      2572:    595560.000000           1         -184.7080   
      2573:    595590.000000           1         -184.7125   
      2574:    595620.000000           1         -255.1901   
      2575:    595650.000000           1         -184.7225   
      2576:    595680.000000           1         -255.1999   
      2577:    595710.000000           1         -202.3357   
      2578:    595740.000000           1         -184.7335   
      2579:    595770.000000           1         -215.0404   
      2580:    595800.000000           1         -184.7445   
      2581:    595830.000000           1         -184.7479   
      2582:    595860.000000           1         -255.2236   
      2583:    595890.000000           1         -184.7534   
      2584:    595920.000000           1         -184.7561   
      2585:    595950.000000           1         -184.7592   
      2586:    595980.000000           1         -184.7616   
      2587:    596010.000000           1         -184.7646   
      2588:    596040.000000           1         -255.2426   
      2589:    596070.000000           1         -255.2451   
      2590:    596100.000000           1         -184.7794   
      2591:    596130.000000           1         -255.2592   
      2592:    596160.000000           1         -255.2621   
      2593:    596190.000000           1         -255.2670   
      2594:    596220.000000           1         -255.2702   
      2595:    596250.000000           1         -184.8025   
      2596:    596280.000000           1         -202.4212   
      2597:    596310.000000           1         -184.8138   
      2598:    596340.000000           1         -184.8162   
      2599:    596370.000000           1         -184.8192   
      2600:    596400.000000           1         -184.8229   
      2601:    596430.000000           1         -184.8258   
      2602:    596460.000000           1         -202.4439   
      2603:    596490.000000           1         -202.4481   
      2604:    596520.000000           1         -215.1365   
      2605:    596550.000000           1         -202.4617   
      2606:    596580.000000           1         -202.4655   
      2607:    596610.000000           1         -202.4688   
      2608:    596640.000000           1         -202.4721   
      2609:    596670.000000           1         -202.4756   
      2610:    596700.000000           1         -202.4789   
      2611:    596730.000000           1         -202.4826   
      2612:    596760.000000           1         -202.4865   
      2613:    596790.000000           1         -202.4912   
      2614:    596820.000000           1         -202.4946   
      2615:    596850.000000           1         -202.4989   
      2616:    596880.000000           1         -215.1865   
      2617:    596910.000000           1         -215.1901   
      2618:    596940.000000           1         -202.5102   
      2619:    596970.000000           1         -215.1993   
      2620:    597000.000000           1         -184.9061   
      2621:    597030.000000           1         -202.5286   
      2622:    597060.000000           1         -202.5363   
      2623:    597090.000000           1         -202.5399   
      2624:    597120.000000           1         -202.5439   
      2625:    597150.000000           1         -202.5471   
      2626:    597180.000000           1         -202.5514   
      2627:    597210.000000           1         -202.5555   
      2628:    597240.000000           1         -202.5594   
      2629:    597270.000000           1         -184.9468   
      2630:    597300.000000           1         -184.9504   
      2631:    597330.000000           1         -184.9535   
      2632:    597360.000000           1         -184.9581   
      2633:    597390.000000           1         -184.9622   
      2634:    597420.000000           1         -184.9659   
      2635:    597450.000000           1         -184.9695   
      2636:    597480.000000           1         -184.9732   
      2637:    597510.000000           1         -184.9747   
      2638:    597540.000000           1         -184.9778   
      2639:    597570.000000           1         -184.9815   
      2640:    597600.000000           1         -202.6126   
      2641:    597630.000000           1         -184.9962   
      2642:    597660.000000           1         -185.0003   
      2643:    597690.000000           1         -185.0041   
      2644:    597720.000000           1         -202.6384   
      2645:    597750.000000           1         -185.0222   
      2646:    597780.000000           1         -185.0261   
      2647:    597810.000000           1         -185.0296   
      2648:    597840.000000           1         -185.0334   
      2649:    597870.000000           1         -185.0373   
      2650:    597900.000000           1         -185.0415   
      2651:    597930.000000           1         -185.0468   
      2652:    597960.000000           1         -185.0531   
      2653:    597990.000000           1         -185.0575   
      2654:    598020.000000           1         -185.0621   
      2655:    598050.000000           1         -185.0669   
      2656:    598080.000000           1         -185.0718   
      2657:    598110.000000           1         -185.0769   
      2658:    598140.000000           1         -255.5635   
      2659:    598170.000000           1         -255.5687   
      2660:    598200.000000           1         -255.5718   
      2661:    598230.000000           1         -255.5765   
      2662:    598260.000000           1         -185.1104   
      2663:    598290.000000           1         -185.1146   
      2664:    598320.000000           1         -185.1195   
      2665:    598350.000000           1         -185.1244   
      2666:    598380.000000           1         -185.1295   
      2667:    598410.000000           1         -202.7647   
      2668:    598440.000000           1         -202.7683   
      2669:    598470.000000           1         -202.7725   
      2670:    598500.000000           1         -202.7778   
      2671:    598530.000000           1         -202.7825   
      2672:    598560.000000           1         -202.7869   
      2673:    598590.000000           1         -202.7921   
      2674:    598620.000000           1         -215.4675   
      2675:    598650.000000           1         -202.8121   
      2676:    598680.000000           1         -202.8175   
      2677:    598710.000000           1         -202.8228   
      2678:    598740.000000           1         -202.8280   
      2679:    598770.000000           1         -202.8322   
      2680:    598800.000000           1         -202.8372   
      2681:    598830.000000           1         -202.8415   
      2682:    598860.000000           1         -202.8462   
      2683:    598890.000000           1         -202.8513   
      2684:    598920.000000           1         -202.8559   
      2685:    598950.000000           1         -202.8615   
      2686:    598980.000000           1         -202.8684   
      2687:    599010.000000           1         -202.8747   
      2688:    599040.000000           1         -202.8787   
      2689:    599070.000000           1         -215.5502   
      2690:    599100.000000           1         -185.8856   
      2691:    599130.000000           1         -185.9239   
      2692:    599160.000000           1         -185.8890   
      2693:    599190.000000           1         -185.7906   
      2694:    599220.000000           1         -185.6935   
      2695:    599250.000000           1         -255.7752   
      2696:    599280.000000           1         -185.5985   
      2697:    599310.000000           1         -255.7941   
      2698:    599340.000000           1         -255.7999   
      2699:    599370.000000           1         -255.8058   
      2700:    599400.000000           1         -255.8096   
      2701:    599430.000000           1         -185.5158   
      2702:    599460.000000           1         -255.8280   
      2703:    599490.000000           1         -255.8334   
      2704:    599520.000000           1         -185.4118   
      2705:    599550.000000           1         -255.8508   
      2706:    599580.000000           1         -255.8618   
      2707:    599610.000000           1         -255.8726   
      2708:    599640.000000           1         -255.8773   
      2709:    599670.000000           1         -255.8820   
      2710:    599700.000000           1         -255.8863   
      2711:    599730.000000           1         -255.8912   
      2712:    599760.000000           1         -255.8963   
      2713:    599790.000000           1         -255.9026   
      2714:    599820.000000           1         -185.2810   
      2715:    599850.000000           1         -185.3081   
      2716:    599880.000000           1         -185.3260   
      2717:    599910.000000           1         -185.3357   
      2718:    599940.000000           1         -185.4573   
      2719:    599970.000000           1         -185.4593   
      2720:    600000.000000           1         -203.1321   
      2721:    600030.000000           1         -185.4962   
      2722:    600060.000000           1         -185.5012   
      2723:    600090.000000           1         -185.5068   
      2724:    600120.000000           1         -185.5126   
      2725:    600150.000000           1         -185.5186   
      2726:    600180.000000           1         -185.4843   
      2727:    600210.000000           1         -185.5295   
      2728:    600240.000000           1         -185.5347   
      2729:    600270.000000           1         -185.5395   
      2730:    600300.000000           1         -185.5445   
