      1076:     32280.000000           1          -20.0200   
      1077:     32310.000000           1          -20.0172   
      1078:     32340.000000           1         -337.6755   
      1079:     32370.000000           1          -20.3396   
      1080:     32400.000000           1         -337.6694   
      1081:     32430.000000           1          -20.3422   
      1082:     32460.000000           1          -20.1522   
      1083:     32490.000000           1          -20.2174   
      1084:     32520.000000           1          -20.2649   
      1085:     32550.000000           1          -20.2624   
      1086:     32580.000000           1          -20.2355   
      1087:     32610.000000           1          -20.2286   
      1088:     32640.000000           1          -20.2530   
      1089:     32670.000000           1          -20.2426   
      1090:     32700.000000           1          -20.2395   
      1091:     32730.000000           1          -20.2331   
      1092:     32760.000000           1          -20.2269   
      1093:     32790.000000           1          -20.2146   
      1094:     32820.000000           1          -20.2324   
      1095:     32850.000000           1          -20.2544   
      1096:     32880.000000           1          -20.2490   
      1097:     32910.000000           1          -20.2586   
      1098:     32940.000000           1         -337.5918   
      1099:     32970.000000           1          -20.3900   
      1100:     33000.000000           1          -20.5767   
      1101:     33030.000000           1         -337.5743   
      1102:     33060.000000           1         -337.5715   
      1103:     33090.000000           1         -337.5645   
      1104:     33120.000000           1         -337.5621   
      1105:     33150.000000           1         -337.5574   
      1106:     33180.000000           1         -337.5489   
      1107:     33210.000000           1         -337.5421   
      1108:     33240.000000           1         -337.5347   
      1109:     33270.000000           1         -337.5252   
      1110:     33300.000000           1         -337.5165   
      1111:     33330.000000           1          -15.4348   
      1112:     33360.000000           1          -15.7353   
      1113:     33390.000000           1          -15.7106   
      1114:     33420.000000           1          -15.7010   
      1115:     33450.000000           1          -15.7524   
      1116:     33480.000000           1          -15.7348   
      1117:     33510.000000           1          -15.6836   
      1118:     33540.000000           1          -15.6910   
      1119:     33570.000000           1          -15.6938   
      1120:     33600.000000           1          -15.6928   
      1121:     33630.000000           1          -15.6541   
      1122:     33660.000000           1         -337.4089   
      1123:     33690.000000           1          -15.8366   
      1124:     33720.000000           1         -337.4080   
      1125:     33750.000000           1         -337.4006   
      1126:     33780.000000           1          -15.6907   
      1127:     33810.000000           1          -15.6459   
      1128:     33840.000000           1          -15.6488   
      1129:     33870.000000           1         -337.3834   
      1130:     33900.000000           1         -337.3820   
      1131:     33930.000000           1          -14.5961   
      1132:     33960.000000           1         -337.3684   
      1133:     33990.000000           1         -337.3617   
      1134:     34020.000000           1         -305.4769   
      1135:     34050.000000           1         -337.3413   
      1136:     34080.000000           1         -305.4600   
      1137:     34110.000000           1         -337.3303   
      1138:     34140.000000           1         -305.4552   
      1139:     34170.000000           1         -337.3191   
      1140:     34200.000000           1         -337.3097   
      1141:     34230.000000           1         -337.3106   
      1142:     34260.000000           1         -337.3085   
      1143:     34290.000000           1         -337.3084   
      1144:     34320.000000           1         -337.2990   
      1145:     34350.000000           1         -337.2895   
      1146:     34380.000000           1         -337.2813   
      1147:     34410.000000           1         -337.2818   
      1148:     34440.000000           1         -337.2784   
      1149:     34470.000000           1         -337.2701   
      1150:     34500.000000           1         -337.2526   
      1151:     34530.000000           1         -337.2492   
      1152:     34560.000000           1         -337.2353   
      1153:     34590.000000           1         -337.2188   
      1154:     34620.000000           1         -337.2137   
      1155:     34650.000000           1         -337.2112   
      1156:     34680.000000           1         -337.2051   
      1157:     34710.000000           1         -337.2006   
      1158:     34740.000000           1         -337.1993   
      1159:     34770.000000           1         -337.1970   
      1160:     34800.000000           1         -337.1918   
      1161:     34830.000000           1         -337.1852   
      1162:     34860.000000           1         -337.1814   
      1163:     34890.000000           1         -337.1731   
      1164:     34920.000000           1         -337.1670   
      1165:     34950.000000           1          -14.1553   
      1166:     34980.000000           1          -14.1410   
      1167:     35010.000000           1          -14.1331   
      1168:     35040.000000           1          -14.1355   
      1169:     35070.000000           1          -14.1340   
      1170:     35100.000000           1         -337.1383   
      1171:     35130.000000           1          -14.1234   
      1172:     35160.000000           1         -337.1189   
      1173:     35190.000000           1          -14.1156   
      1174:     35220.000000           1          -14.1029   
      1175:     35250.000000           1         -337.1015   
      1176:     35280.000000           1         -337.0937   
      1177:     35310.000000           1         -337.0828   
      1178:     35340.000000           1         -337.0791   
      1179:     35370.000000           1         -337.0714   
      1180:     35400.000000           1         -337.0594   
      1181:     35430.000000           1         -337.0544   
      1182:     35460.000000           1         -337.0454   
      1183:     35490.000000           1         -337.0365   
      1184:     35520.000000           1         -337.0259   
      1185:     35550.000000           1         -337.0166   
      1186:     35580.000000           1         -337.0086   
      1187:     35610.000000           1         -337.0010   
      1188:     35640.000000           1         -336.9919   
      1189:     35670.000000           1         -336.9837   
      1190:     35700.000000           1         -336.9806   
      1191:     35730.000000           1         -336.9730   
      1192:     35760.000000           1         -336.9648   
      1193:     35790.000000           1         -336.9561   
      1194:     35820.000000           1         -336.9440   
      1195:     35850.000000           1         -336.9294   
      1196:     35880.000000           1         -336.9158   
      1197:     35910.000000           1         -305.0286   
      1198:     35940.000000           1         -336.9032   
      1199:     35970.000000           1         -336.8971   
      1200:     36000.000000           1         -336.8841   
      1201:     36030.000000           1          -13.9232   
      1202:     36060.000000           1         -336.8775   
      1203:     36090.000000           1         -336.8801   
      1204:     36120.000000           1         -336.8794   
      1205:     36150.000000           1          -13.9123   
      1206:     36180.000000           1          -13.9128   
      1207:     36210.000000           1          -13.9187   
      1208:     36240.000000           1         -336.8697   
      1209:     36270.000000           1          -13.9260   
      1210:     36300.000000           1          -13.9232   
      1211:     36330.000000           1          -13.9243   
      1212:     36360.000000           1          -13.9314   
      1213:     36390.000000           1          -13.9268   
      1214:     36420.000000           1          -13.9181   
      1215:     36450.000000           1          -13.9160   
      1216:     36480.000000           1         -336.8482   
      1217:     36510.000000           1         -336.8427   
      1218:     36540.000000           1          -13.9133   
      1219:     36570.000000           1         -304.9554   
      1220:     36600.000000           1         -304.9482   
      1221:     36630.000000           1         -304.9395   
      1222:     36660.000000           1         -304.9388   
      1223:     36690.000000           1         -304.9262   
      1224:     36720.000000           1         -304.9254   
      1225:     36750.000000           1         -304.9177   
      1226:     36780.000000           1         -304.9112   
      1227:     36810.000000           1         -304.9060   
      1228:     36840.000000           1         -304.9034   
      1229:     36870.000000           1         -304.8981   
      1230:     36900.000000           1         -304.8897   
      1231:     36930.000000           1         -304.8885   
      1232:     36960.000000           1         -304.8861   
      1233:     36990.000000           1         -304.8809   
      1234:     37020.000000           1         -304.8754   
      1235:     37050.000000           1         -304.8739   
      1236:     37080.000000           1         -304.8706   
      1237:     37110.000000           1         -304.8645   
      1238:     37140.000000           1         -304.8637   
      1239:     37170.000000           1         -304.8636   
      1240:     37200.000000           1         -304.8699   
      1241:     37230.000000           1         -304.8709   
      1242:     37260.000000           1         -304.8673   
      1243:     37290.000000           1         -304.8591   
      1244:     37320.000000           1         -304.8571   
      1245:     37350.000000           1         -304.8469   
      1246:     37380.000000           1         -304.8403   
      1247:     37410.000000           1         -304.8318   
      1248:     37440.000000           1         -304.8314   
      1249:     37470.000000           1         -304.8229   
      1250:     37500.000000           1         -304.8131   
      1251:     37530.000000           1         -304.8081   
      1252:     37560.000000           1         -336.6968   
      1253:     37590.000000           1         -304.8010   
      1254:     37620.000000           1         -336.6843   
      1255:     37650.000000           1         -336.6793   
      1256:     37680.000000           1          -13.7732   
      1257:     37710.000000           1          -13.7726   
      1258:     37740.000000           1         -336.6683   
      1259:     37770.000000           1          -13.7599   
      1260:     37800.000000           1          -13.7502   
      1261:     37830.000000           1          -13.7449   
      1262:     37860.000000           1          -13.7414   
      1263:     37890.000000           1          -13.7375   
      1264:     37920.000000           1         -336.6286   
      1265:     37950.000000           1          -13.7257   
      1266:     37980.000000           1          -13.7185   
      1267:     38010.000000           1          -13.7166   
      1268:     38040.000000           1          -13.7100   
      1269:     38070.000000           1          -13.7058   
      1270:     38100.000000           1          -13.6929   
      1271:     38130.000000           1          -13.6875   
      1272:     38160.000000           1          -13.6914   
      1273:     38190.000000           1          -13.6856   
      1274:     38220.000000           1          -13.6873   
      1275:     38250.000000           1          -13.6894   
      1276:     38280.000000           1          -13.6890   
      1277:     38310.000000           1          -13.6821   
      1278:     38340.000000           1          -13.6805   
      1279:     38370.000000           1          -13.6788   
      1280:     38400.000000           1          -13.6859   
      1281:     38430.000000           1          -13.6823   
      1282:     38460.000000           1          -13.6842   
      1283:     38490.000000           1          -13.6806   
      1284:     38520.000000           1          -13.6734   
      1285:     38550.000000           1          -13.6577   
      1286:     38580.000000           1          -13.6499   
      1287:     38610.000000           1          -13.6468   
      1288:     38640.000000           1          -13.6375   
      1289:     38670.000000           1          -13.6364   
      1290:     38700.000000           1          -13.6347   
      1291:     38730.000000           1          -13.6245   
      1292:     38760.000000           1          -13.6194   
      1293:     38790.000000           1          -13.6187   
      1294:     38820.000000           1          -13.6255   
      1295:     38850.000000           1          -13.6185   
      1296:     38880.000000           1          -13.6124   
      1297:     38910.000000           1          -13.6101   
      1298:     38940.000000           1          -13.6093   
      1299:     38970.000000           1          -13.6068   
      1300:     39000.000000           1          -13.6052   
      1301:     39030.000000           1          -13.6071   
      1302:     39060.000000           1          -13.6043   
      1303:     39090.000000           1          -13.6047   
      1304:     39120.000000           1          -13.5932   
      1305:     39150.000000           1          -13.5921   
      1306:     39180.000000           1          -13.5970   
      1307:     39210.000000           1          -13.6002   
      1308:     39240.000000           1          -13.5964   
      1309:     39270.000000           1          -13.5994   
      1310:     39300.000000           1          -13.6002   
      1311:     39330.000000           1          -13.5986   
      1312:     39360.000000           1          -13.5950   
      1313:     39390.000000           1          -13.5956   
      1314:     39420.000000           1          -13.5954   
      1315:     39450.000000           1          -13.5947   
      1316:     39480.000000           1          -13.5951   
      1317:     39510.000000           1          -13.5875   
      1318:     39540.000000           1          -13.5859   
      1319:     39570.000000           1          -13.5781   
      1320:     39600.000000           1          -13.5743   
      1321:     39630.000000           1          -13.5657   
      1322:     39660.000000           1          -13.5640   
      1323:     39690.000000           1          -13.5623   
      1324:     39720.000000           1          -13.5624   
      1325:     39750.000000           1          -13.5593   
      1326:     39780.000000           1          -13.5557   
      1327:     39810.000000           1          -13.5499   
      1328:     39840.000000           1          -13.5457   
      1329:     39870.000000           1          -13.5453   
      1330:     39900.000000           1          -13.5448   
      1331:     39930.000000           1          -13.5424   
      1332:     39960.000000           1          -13.5388   
      1333:     39990.000000           1          -13.5430   
      1334:     40020.000000           1          -13.5501   
      1335:     40050.000000           1          -13.5461   
      1336:     40080.000000           1          -13.5464   
      1337:     40110.000000           1          -13.5390   
      1338:     40140.000000           1          -13.5435   
      1339:     40170.000000           1          -13.5439   
      1340:     40200.000000           1          -13.5406   
      1341:     40230.000000           1          -13.5369   
      1342:     40260.000000           1          -13.5312   
      1343:     40290.000000           1          -13.5300   
      1344:     40320.000000           1          -13.5237   
      1345:     40350.000000           1          -13.5209   
      1346:     40380.000000           1          -13.5169   
      1347:     40410.000000           1          -13.5089   
      1348:     40440.000000           1          -13.5091   
      1349:     40470.000000           1          -13.5045   
      1350:     40500.000000           1          -13.4985   
      1351:     40530.000000           1          -13.4924   
      1352:     40560.000000           1          -13.4865   
      1353:     40590.000000           1          -13.4855   
      1354:     40620.000000           1          -13.4811   
      1355:     40650.000000           1          -13.4751   
      1356:     40680.000000           1          -13.4716   
      1357:     40710.000000           1          -13.4645   
      1358:     40740.000000           1          -13.4620   
      1359:     40770.000000           1          -13.4644   
      1360:     40800.000000           1          -13.4621   
      1361:     40830.000000           1          -13.4641   
      1362:     40860.000000           1          -13.4649   
      1363:     40890.000000           1          -13.4631   
      1364:     40920.000000           1          -13.4621   
      1365:     40950.000000           1          -13.4590   
      1366:     40980.000000           1          -13.4570   
      1367:     41010.000000           1          -13.4516   
      1368:     41040.000000           1          -13.4487   
      1369:     41070.000000           1          -13.4458   
      1370:     41100.000000           1          -13.4441   
      1371:     41130.000000           1          -13.4385   
      1372:     41160.000000           1          -13.4364   
      1373:     41190.000000           1          -13.4323   
      1374:     41220.000000           1          -13.4355   
      1375:     41250.000000           1          -13.4362   
      1376:     41280.000000           1          -13.4368   
      1377:     41310.000000           1          -13.4314   
      1378:     41340.000000           1          -13.4313   
      1379:     41370.000000           1          -13.4350   
      1380:     41400.000000           1          -13.4363   
      1381:     41430.000000           1          -13.4324   
      1382:     41460.000000           1          -13.4299   
      1383:     41490.000000           1          -13.4221   
      1384:     41520.000000           1          -13.4214   
      1385:     41550.000000           1          -13.4211   
      1386:     41580.000000           1          -13.4232   
      1387:     41610.000000           1          -13.4243   
      1388:     41640.000000           1          -13.4242   
      1389:     41670.000000           1          -13.4239   
      1390:     41700.000000           1          -13.4230   
      1391:     41730.000000           1          -13.4299   
      1392:     41760.000000           1          -13.4346   
      1393:     41790.000000           1          -13.4382   
      1394:     41820.000000           1          -13.4367   
      1395:     41850.000000           1          -13.4415   
      1396:     41880.000000           1          -13.4435   
      1397:     41910.000000           1          -13.4414   
      1398:     41940.000000           1          -13.4393   
      1399:     41970.000000           1          -13.4424   
      1400:     42000.000000           1          -13.4407   
      1401:     42030.000000           1          -13.4387   
      1402:     42060.000000           1          -13.4391   
      1403:     42090.000000           1          -13.4401   
      1404:     42120.000000           1          -13.4413   
      1405:     42150.000000           1          -13.4466   
      1406:     42180.000000           1          -13.4477   
      1407:     42210.000000           1          -86.8178   
      1408:     42240.000000           1          -86.8175   
      1409:     42270.000000           1          -86.8239   
      1410:     42300.000000           1          -86.8254   
      1411:     42330.000000           1          -86.8222   
      1412:     42360.000000           1          -13.4592   
      1413:     42390.000000           1          -86.8332   
      1414:     42420.000000           1          -13.4706   
      1415:     42450.000000           1          -86.8349   
      1416:     42480.000000           1          -86.8365   
      1417:     42510.000000           1          -86.8373   
      1418:     42540.000000           1          -86.8330   
      1419:     42570.000000           1          -86.8297   
      1420:     42600.000000           1          -86.8257   
      1421:     42630.000000           1          -86.8194   
      1422:     42660.000000           1          -86.8105   
      1423:     42690.000000           1          -86.8065   
      1424:     42720.000000           1          -86.8071   
      1425:     42750.000000           1          -86.8007   
      1426:     42780.000000           1          -86.7879   
      1427:     42810.000000           1          -86.7832   
      1428:     42840.000000           1          -86.7804   
      1429:     42870.000000           1          -86.7787   
      1430:     42900.000000           1          -86.7758   
      1431:     42930.000000           1          -86.7703   
      1432:     42960.000000           1          -86.7676   
      1433:     42990.000000           1          -86.7675   
      1434:     43020.000000           1          -86.7627   
      1435:     43050.000000           1          -86.7632   
      1436:     43080.000000           1          -86.7623   
      1437:     43110.000000           1          -86.7589   
      1438:     43140.000000           1          -86.7556   
      1439:     43170.000000           1          -13.4326   
      1440:     43200.000000           1          -13.4271   
      1441:     43230.000000           1          -13.4212   
      1442:     43260.000000           1          -86.7385   
      1443:     43290.000000           1          -86.7338   
      1444:     43320.000000           1          -86.7317   
      1445:     43350.000000           1         -304.3661   
      1446:     43380.000000           1         -304.3637   
      1447:     43410.000000           1         -304.3583   
      1448:     43440.000000           1         -304.3552   
      1449:     43470.000000           1         -304.3564   
      1450:     43500.000000           1         -304.3559   
      1451:     43530.000000           1         -304.3544   
      1452:     43560.000000           1         -304.3500   
      1453:     43590.000000           1         -304.3489   
      1454:     43620.000000           1         -304.3464   
      1455:     43650.000000           1         -304.3417   
      1456:     43680.000000           1         -304.3417   
      1457:     43710.000000           1         -304.3438   
      1459:     43770.000000           1         -304.3526   
      1460:     43800.000000           1         -304.3543   
      1461:     43830.000000           1         -304.3533   
      1462:     43860.000000           1         -304.3539   
      1463:     43890.000000           1         -304.3534   
      1464:     43920.000000           1          -86.6656   
      1465:     43950.000000           1          -86.6625   
      1466:     43980.000000           1          -86.6619   
      1467:     44010.000000           1          -86.6575   
      1468:     44040.000000           1          -86.6533   
      1469:     44070.000000           1          -86.6513   
      1470:     44100.000000           1          -86.6473   
      1471:     44130.000000           1          -86.6453   
      1472:     44160.000000           1          -13.3964   
      1473:     44190.000000           1          -13.4019   
      1474:     44220.000000           1          -13.4088   
      1475:     44250.000000           1          -13.4091   
      1476:     44280.000000           1          -13.4083   
      1477:     44310.000000           1          -13.4107   
      1478:     44340.000000           1          -13.4098   
      1479:     44370.000000           1          -13.4100   
      1480:     44400.000000           1          -13.4104   
      1481:     44430.000000           1          -13.4134   
      1482:     44460.000000           1          -13.4190   
      1483:     44490.000000           1          -13.4210   
      1484:     44520.000000           1          -13.4266   
      1485:     44550.000000           1          -13.4315   
      1486:     44580.000000           1          -86.6579   
      1487:     44610.000000           1          -13.4375   
      1488:     44640.000000           1          -13.4359   
      1489:     44670.000000           1          -13.4337   
      1490:     44700.000000           1          -13.4355   
      1491:     44730.000000           1          -86.6519   
      1492:     44760.000000           1          -13.4392   
      1493:     44790.000000           1          -86.6482   
      1494:     44820.000000           1          -86.6414   
      1495:     44850.000000           1          -86.6370   
      1496:     44880.000000           1          -86.6303   
      1497:     44910.000000           1          -86.6257   
      1498:     44940.000000           1          -86.6218   
      1499:     44970.000000           1          -86.6215   
      1500:     45000.000000           1          -86.6172   
      1501:     45030.000000           1          -86.6213   
      1502:     45060.000000           1          -86.6298   
      1503:     45090.000000           1          -86.6364   
      1504:     45120.000000           1          -86.6465   
      1505:     45150.000000           1          -86.6561   
      1506:     45180.000000           1          -86.6587   
      1507:     45210.000000           1          -86.6643   
      1508:     45240.000000           1          -86.6711   
      1509:     45270.000000           1          -86.6693   
      1510:     45300.000000           1          -86.6713   
      1511:     45330.000000           1          -86.6754   
      1513:     45390.000000           1          -86.6743   
      1514:     45420.000000           1          -86.6742   
      1515:     45450.000000           1          -86.6719   
      1516:     45480.000000           1          -86.6706   
      1517:     45510.000000           1          -86.6713   
      1518:     45540.000000           1          -86.6709   
      1519:     45570.000000           1          -86.6695   
      1520:     45600.000000           1          -86.6691   
      1521:     45630.000000           1          -86.6678   
      1522:     45660.000000           1          -86.6620   
      1523:     45690.000000           1          -13.4545   
      1524:     45720.000000           1          -13.4562   
      1525:     45750.000000           1          -13.4584   
      1526:     45780.000000           1          -13.4623   
      1527:     45810.000000           1          -86.6718   
      1528:     45840.000000           1          -13.4629   
      1529:     45870.000000           1          -86.6801   
      1530:     45900.000000           1          -13.4675   
      1531:     45930.000000           1          -13.4690   
      1532:     45960.000000           1          -13.4660   
      1533:     45990.000000           1          -13.4683   
      1534:     46020.000000           1          -13.4734   
      1535:     46050.000000           1          -13.4759   
      1536:     46080.000000           1          -13.4790   
      1537:     46110.000000           1          -86.6915   
      1538:     46140.000000           1          -13.4814   
      1539:     46170.000000           1          -13.4817   
      1540:     46200.000000           1          -13.4799   
      1541:     46230.000000           1          -13.4800   
      1542:     46260.000000           1          -13.4763   
      1543:     46290.000000           1          -13.4794   
      1544:     46320.000000           1          -13.4761   
      1545:     46350.000000           1          -86.6906   
      1546:     46380.000000           1          -13.4847   
      1547:     46410.000000           1          -13.4904   
      1548:     46440.000000           1          -13.4983   
      1549:     46470.000000           1          -13.5037   
      1550:     46500.000000           1          -13.5064   
      1551:     46530.000000           1          -13.5094   
      1552:     46560.000000           1          -13.5161   
      1553:     46590.000000           1          -13.5202   
      1554:     46620.000000           1          -13.5268   
      1555:     46650.000000           1          -13.5305   
      1556:     46680.000000           1          -13.5388   
      1557:     46710.000000           1          -13.5389   
      1558:     46740.000000           1          -13.5407   
      1559:     46770.000000           1          -13.5406   
      1560:     46800.000000           1          -86.7560   
      1561:     46830.000000           1          -13.5544   
      1562:     46860.000000           1          -13.5523   
      1563:     46890.000000           1          -13.5603   
      1564:     46920.000000           1          -13.5632   
      1565:     46950.000000           1          -13.5693   
      1566:     46980.000000           1          -13.5723   
      1567:     47010.000000           1          -13.5731   
      1568:     47040.000000           1          -13.5763   
      1569:     47070.000000           1          -13.5762   
      1570:     47100.000000           1          -13.5796   
      1571:     47130.000000           1          -13.5824   
      1572:     47160.000000           1          -13.5841   
      1573:     47190.000000           1          -13.5866   
      1574:     47220.000000           1          -86.7999   
      1575:     47250.000000           1          -13.5828   
      1576:     47280.000000           1          -13.5899   
      1577:     47310.000000           1          -13.5866   
      1578:     47340.000000           1          -13.5868   
      1579:     47370.000000           1          -13.5887   
      1580:     47400.000000           1          -13.5898   
      1581:     47430.000000           1          -86.8042   
      1582:     47460.000000           1          -86.8088   
      1583:     47490.000000           1          -86.8129   
      1584:     47520.000000           1          -86.8163   
      1585:     47550.000000           1          -86.8246   
      1586:     47580.000000           1          -86.8293   
      1587:     47610.000000           1          -86.8326   
      1588:     47640.000000           1          -86.8362   
      1589:     47670.000000           1          -86.8381   
      1590:     47700.000000           1          -86.8368   
      1591:     47730.000000           1          -86.8402   
      1592:     47760.000000           1          -86.8427   
      1593:     47790.000000           1          -86.8424   
      1594:     47820.000000           1          -86.8406   
      1595:     47850.000000           1          -86.8397   
      1596:     47880.000000           1          -86.8411   
      1597:     47910.000000           1          -86.8439   
      1598:     47940.000000           1          -86.8413   
      1599:     47970.000000           1          -86.8426   
      1600:     48000.000000           1          -86.8425   
      1601:     48030.000000           1          -86.8421   
      1602:     48060.000000           1          -13.6180   
      1603:     48090.000000           1          -86.8404   
      1604:     48120.000000           1          -86.8435   
      1605:     48150.000000           1          -86.8439   
      1606:     48180.000000           1          -86.8504   
      1607:     48210.000000           1          -86.8590   
      1608:     48240.000000           1          -13.6393   
      1609:     48270.000000           1          -13.6409   
      1610:     48300.000000           1          -13.6424   
      1611:     48330.000000           1          -13.6458   
      1612:     48360.000000           1          -86.8752   
      1613:     48390.000000           1          -86.8749   
      1614:     48420.000000           1          -86.8715   
      1615:     48450.000000           1          -86.8757   
      1616:     48480.000000           1          -86.8821   
      1617:     48510.000000           1          -86.8847   
      1618:     48540.000000           1          -86.8871   
      1619:     48570.000000           1          -86.8874   
      1620:     48600.000000           1          -86.8906   
      1621:     48630.000000           1          -86.8887   
      1622:     48660.000000           1          -86.8879   
      1623:     48690.000000           1          -86.8921   
      1624:     48720.000000           1          -86.8939   
      1625:     48750.000000           1          -86.8978   
      1626:     48780.000000           1          -86.9041   
      1627:     48810.000000           1          -86.9077   
      1628:     48840.000000           1          -86.9107   
      1629:     48870.000000           1          -86.9099   
      1630:     48900.000000           1          -86.9106   
      1631:     48930.000000           1          -86.9120   
      1632:     48960.000000           1          -86.9108   
      1633:     48990.000000           1          -86.9112   
      1634:     49020.000000           1          -86.9169   
      1635:     49050.000000           1          -86.9256   
      1636:     49080.000000           1          -86.9310   
      1637:     49110.000000           1          -86.9364   
      1638:     49140.000000           1          -86.9367   
      1639:     49170.000000           1          -86.9392   
      1640:     49200.000000           1          -13.7007   
      1641:     49230.000000           1          -13.7030   
      1642:     49260.000000           1          -13.6991   
      1643:     49290.000000           1          -13.7002   
      1644:     49320.000000           1          -13.6984   
      1645:     49350.000000           1          -13.6997   
      1646:     49380.000000           1          -13.7025   
      1647:     49410.000000           1          -13.7061   
      1648:     49440.000000           1          -13.7113   
      1649:     49470.000000           1          -13.7160   
      1650:     49500.000000           1          -13.7161   
      1651:     49530.000000           1          -13.7155   
      1652:     49560.000000           1          -13.7190   
      1653:     49590.000000           1          -13.7250   
      1654:     49620.000000           1          -13.7316   
      1655:     49650.000000           1          -13.7350   
      1656:     49680.000000           1          -13.7386   
      1657:     49710.000000           1          -13.7393   
      1658:     49740.000000           1          -13.7419   
      1659:     49770.000000           1          -13.7437   
      1660:     49800.000000           1          -13.7434   
      1661:     49830.000000           1          -13.7452   
      1662:     49860.000000           1          -13.7435   
      1663:     49890.000000           1          -13.7426   
      1664:     49920.000000           1          -13.7438   
      1665:     49950.000000           1          -13.7493   
      1666:     49980.000000           1          -13.7527   
      1667:     50010.000000           1          -13.7560   
      1668:     50040.000000           1          -13.7567   
      1669:     50070.000000           1          -13.7549   
      1670:     50100.000000           1          -13.7511   
      1671:     50130.000000           1          -13.7446   
      1672:     50160.000000           1          -13.7398   
      1673:     50190.000000           1          -13.7365   
      1674:     50220.000000           1          -13.7384   
      1675:     50250.000000           1          -13.7363   
      1676:     50280.000000           1          -13.7383   
      1677:     50310.000000           1          -13.7338   
      1678:     50340.000000           1          -13.7375   
      1679:     50370.000000           1          -13.7394   
      1680:     50400.000000           1          -13.7352   
      1681:     50430.000000           1          -13.7357   
      1682:     50460.000000           1          -13.7348   
      1683:     50490.000000           1          -13.7329   
      1684:     50520.000000           1          -13.7336   
      1685:     50550.000000           1          -13.7369   
      1686:     50580.000000           1          -13.7333   
      1687:     50610.000000           1          -13.7348   
      1688:     50640.000000           1          -13.7399   
      1689:     50670.000000           1          -13.7412   
      1690:     50700.000000           1          -13.7373   
      1691:     50730.000000           1          -13.7327   
      1692:     50760.000000           1          -13.7333   
      1693:     50790.000000           1          -13.7334   
      1694:     50820.000000           1          -13.7321   
      1695:     50850.000000           1          -13.7310   
      1696:     50880.000000           1          -13.7300   
      1697:     50910.000000           1         -191.6165   
      1698:     50940.000000           1          -13.7265   
      1699:     50970.000000           1          -13.7244   
      1700:     51000.000000           1          -13.7236   
      1701:     51030.000000           1          -13.7249   
      1702:     51060.000000           1          -13.7260   
      1703:     51090.000000           1          -13.7317   
      1704:     51120.000000           1          -13.7332   
      1705:     51150.000000           1          -13.7347   
      1706:     51180.000000           1          -13.7316   
      1707:     51210.000000           1          -13.7304   
      1708:     51240.000000           1          -13.7327   
      1709:     51270.000000           1          -13.7302   
      1710:     51300.000000           1          -13.7290   
      1711:     51330.000000           1          -13.7301   
      1712:     51360.000000           1          -13.7311   
      1713:     51390.000000           1          -13.7300   
      1714:     51420.000000           1          -13.7291   
      1715:     51450.000000           1          -13.7306   
      1716:     51480.000000           1          -13.7327   
      1717:     51510.000000           1          -13.7352   
      1718:     51540.000000           1          -13.7321   
      1719:     51570.000000           1          -13.7308   
      1720:     51600.000000           1          -13.7299   
      1721:     51630.000000           1          -13.7282   
      1722:     51660.000000           1          -13.7276   
      1723:     51690.000000           1          -13.7230   
      1724:     51720.000000           1          -13.7203   
      1725:     51750.000000           1          -13.7226   
      1726:     51780.000000           1          -13.7267   
      1727:     51810.000000           1          -13.7309   
      1728:     51840.000000           1          -13.7342   
      1729:     51870.000000           1          -13.7309   
      1730:     51900.000000           1          -13.7309   
      1731:     51930.000000           1          -13.7302   
      1732:     51960.000000           1          -13.7323   
      1733:     51990.000000           1          -13.7316   
      1734:     52020.000000           1          -13.7334   
      1735:     52050.000000           1          -13.7365   
      1736:     52080.000000           1          -13.7376   
      1737:     52110.000000           1          -13.7368   
      1738:     52140.000000           1          -13.7390   
      1739:     52170.000000           1          -13.7400   
      1740:     52200.000000           1          -13.7425   
      1741:     52230.000000           1          -13.7451   
      1742:     52260.000000           1          -13.7491   
      1743:     52290.000000           1          -13.7507   
      1744:     52320.000000           1          -13.7504   
      1745:     52350.000000           1          -13.7533   
      1746:     52380.000000           1          -13.7572   
      1747:     52410.000000           1          -13.7560   
      1748:     52440.000000           1          -13.7550   
      1749:     52470.000000           1          -13.7563   
      1750:     52500.000000           1          -13.7525   
      1751:     52530.000000           1          -13.7483   
      1752:     52560.000000           1          -13.7483   
      1753:     52590.000000           1          -13.7473   
      1754:     52620.000000           1          -13.7473   
      1755:     52650.000000           1          -13.7452   
      1756:     52680.000000           1          -13.7435   
      1757:     52710.000000           1          -13.7457   
      1758:     52740.000000           1          -13.7504   
      1759:     52770.000000           1          -13.7530   
      1760:     52800.000000           1          -13.7547   
      1761:     52830.000000           1          -13.7539   
      1762:     52860.000000           1          -13.7498   
      1763:     52890.000000           1          -13.7500   
      1764:     52920.000000           1          -13.7547   
      1765:     52950.000000           1          -13.7533   
      1766:     52980.000000           1          -13.7533   
      1767:     53010.000000           1          -13.7557   
      1768:     53040.000000           1          -13.7626   
      1769:     53070.000000           1          -13.7699   
      1770:     53100.000000           1          -13.7732   
      1771:     53130.000000           1          -13.7746   
      1772:     53160.000000           1          -13.7748   
      1773:     53190.000000           1          -13.7747   
      1774:     53220.000000           1         -191.4988   
      1775:     53250.000000           1          -13.7800   
      1776:     53280.000000           1          -13.7803   
      1777:     53310.000000           1          -13.7825   
      1778:     53340.000000           1          181.8485   
      1779:     53370.000000           1         -191.4938   
      1780:     53400.000000           1         -191.4939   
      1781:     53430.000000           1         -191.4938   
      1782:     53460.000000           1         -191.4903   
      1783:     53490.000000           1         -191.4897   
      1784:     53520.000000           1         -191.4902   
      1785:     53550.000000           1         -191.4933   
      1786:     53580.000000           1         -191.4973   
      1787:     53610.000000           1         -191.4952   
      1788:     53640.000000           1         -191.4927   
      1789:     53670.000000           1         -191.4910   
      1790:     53700.000000           1         -191.4872   
      1791:     53730.000000           1         -191.4850   
      1792:     53760.000000           1         -191.4816   
      1793:     53790.000000           1         -191.4735   
      1794:     53820.000000           1         -191.4688   
      1795:     53850.000000           1         -191.4708   
      1796:     53880.000000           1         -191.4682   
      1797:     53910.000000           1         -191.4712   
      1798:     53940.000000           1         -191.4762   
      1799:     53970.000000           1         -191.4809   
      1800:     54000.000000           1          181.8854   
      1801:     54030.000000           1          -13.8050   
      1802:     54060.000000           1         -191.4984   
      1803:     54090.000000           1         -191.4996   
      1804:     54120.000000           1         -191.4955   
      1805:     54150.000000           1         -191.4893   
      1806:     54180.000000           1          181.8833   
      1807:     54210.000000           1         -191.4782   
      1808:     54240.000000           1         -191.4764   
      1809:     54270.000000           1         -191.4738   
      1810:     54300.000000           1          181.8835   
      1811:     54330.000000           1          181.8831   
      1812:     54360.000000           1          181.8845   
      1813:     54390.000000           1          181.8861   
      1814:     54420.000000           1          181.8782   
      1815:     54450.000000           1          181.8744   
      1816:     54480.000000           1          181.8734   
      1817:     54510.000000           1          181.8729   
      1818:     54540.000000           1          181.8735   
      1819:     54570.000000           1          181.8764   
      1820:     54600.000000           1          181.8828   
      1821:     54630.000000           1          181.8881   
      1822:     54660.000000           1          181.8964   
      1823:     54690.000000           1          -87.0736   
      1824:     54720.000000           1          -87.0735   
      1825:     54750.000000           1          -87.0727   
      1826:     54780.000000           1          -87.0765   
      1827:     54810.000000           1          -87.0794   
      1828:     54840.000000           1          -87.0806   
      1829:     54870.000000           1          -87.0869   
      1830:     54900.000000           1          181.8904   
      1831:     54930.000000           1          181.8906   
      1832:     54960.000000           1         -191.4718   
      1833:     54990.000000           1         -191.4718   
      1834:     55020.000000           1         -191.4665   
      1835:     55050.000000           1         -191.4672   
      1836:     55080.000000           1         -191.4640   
      1837:     55110.000000           1         -191.4599   
      1838:     55140.000000           1         -191.4577   
      1839:     55170.000000           1         -191.4566   
      1840:     55200.000000           1         -191.4587   
      1841:     55230.000000           1         -191.4614   
      1842:     55260.000000           1         -191.4637   
      1843:     55290.000000           1         -191.4606   
      1844:     55320.000000           1         -191.4601   
      1845:     55350.000000           1         -191.4599   
      1846:     55380.000000           1         -191.4620   
      1847:     55410.000000           1         -191.4666   
      1848:     55440.000000           1         -191.4955   
      1849:     55470.000000           1         -191.5002   
      1850:     55500.000000           1         -191.4806   
      1851:     55530.000000           1         -191.4822   
      1852:     55560.000000           1         -191.4850   
      1853:     55590.000000           1         -191.4970   
      1854:     55620.000000           1         -191.5109   
      1855:     55650.000000           1         -191.5175   
      1856:     55680.000000           1         -191.5289   
      1857:     55710.000000           1         -191.5365   
      1858:     55740.000000           1         -191.5380   
      1859:     55770.000000           1          181.8103   
      1860:     55800.000000           1         -191.5408   
      1861:     55830.000000           1         -191.5418   
      1862:     55860.000000           1         -191.5431   
      1863:     55890.000000           1         -191.5405   
      1864:     55920.000000           1         -191.5389   
      1865:     55950.000000           1         -191.5393   
      1866:     55980.000000           1         -191.5396   
      1867:     56010.000000           1          -13.8858   
      1868:     56040.000000           1          -13.8904   
      1869:     56070.000000           1          -13.8944   
      1870:     56100.000000           1          -13.8978   
      1871:     56130.000000           1          -13.9018   
      1872:     56160.000000           1          -13.9035   
      1873:     56190.000000           1          -13.9021   
      1874:     56220.000000           1          -13.9036   
      1875:     56250.000000           1          -13.9108   
      1876:     56280.000000           1          -13.9133   
      1877:     56310.000000           1          -13.9117   
      1878:     56340.000000           1          -13.9093   
      1879:     56370.000000           1          -13.9085   
      1880:     56400.000000           1          -13.9090   
      1881:     56430.000000           1          -13.9068   
      1882:     56460.000000           1          -13.9100   
      1883:     56490.000000           1          -13.9119   
      1884:     56520.000000           1          -13.9127   
      1885:     56550.000000           1          -13.9174   
      1886:     56580.000000           1          -13.9195   
      1887:     56610.000000           1          -13.9190   
      1888:     56640.000000           1          -13.9201   
      1889:     56670.000000           1          -13.9245   
      1890:     56700.000000           1          -13.9249   
      1891:     56730.000000           1         -191.5536   
      1892:     56760.000000           1          -13.8618   
      1893:     56790.000000           1          -13.9622   
      1894:     56820.000000           1          -13.9639   
      1895:     56850.000000           1          -13.9670   
      1896:     56880.000000           1          -13.9905   
      1897:     56910.000000           1          -14.0052   
      1898:     56940.000000           1          -14.0187   
      1899:     56970.000000           1         -191.5647   
      1900:     57000.000000           1         -191.5660   
      1901:     57030.000000           1         -191.5655   
      1902:     57060.000000           1         -191.5655   
      1903:     57090.000000           1          181.8302   
      1904:     57120.000000           1          181.8282   
      1905:     57150.000000           1          181.8243   
      1906:     57180.000000           1          181.8272   
      1907:     57210.000000           1          181.8251   
      1908:     57240.000000           1          181.8240   
      1909:     57270.000000           1          181.8258   
      1910:     57300.000000           1          181.8237   
      1911:     57330.000000           1          181.8203   
      1912:     57360.000000           1          181.8211   
      1913:     57390.000000           1          181.8202   
      1914:     57420.000000           1          181.8195   
      1915:     57450.000000           1          181.8212   
      1916:     57480.000000           1          181.8187   
      1917:     57510.000000           1          181.8239   
      1918:     57540.000000           1          181.8224   
      1919:     57570.000000           1          181.8230   
      1920:     57600.000000           1          181.8201   
      1921:     57630.000000           1          181.8183   
      1922:     57660.000000           1          181.8181   
      1923:     57690.000000           1         -191.5805   
      1924:     57720.000000           1          181.8104   
      1925:     57750.000000           1          181.8088   
      1926:     57780.000000           1         -191.5815   
      1927:     57810.000000           1          181.8101   
      1928:     57840.000000           1         -191.5808   
