         0:         0.000000           1         -116.6772   
         1:        30.000000           1         -109.2033   
         2:        60.000000           1         -111.2407   
         3:        90.000000           1           57.1263   
         4:       120.000000           1           55.9367   
         5:       150.000000           1           56.4940   
         6:       180.000000           1           57.3025   
         7:       210.000000           1           58.1660   
         8:       240.000000           1           59.1356   
         9:       270.000000           1           57.9533   
        10:       300.000000           1           57.5088   
        11:       330.000000           1           57.0943   
        12:       360.000000           1           56.5786   
        13:       390.000000           1           55.5434   
        14:       420.000000           1           55.5109   
        15:       450.000000           1           55.8474   
        16:       480.000000           1           55.2529   
        17:       510.000000           1           54.8419   
        18:       540.000000           1           54.9300   
        19:       570.000000           1           54.2194   
        20:       600.000000           1           53.9723   
        21:       630.000000           1           53.9204   
        22:       660.000000           1           54.0538   
        23:       690.000000           1           53.7383   
        24:       720.000000           1           53.7731   
        25:       750.000000           1           53.6567   
        26:       780.000000           1           53.7176   
        27:       810.000000           1           53.4605   
        28:       840.000000           1           53.3048   
        29:       870.000000           1         -122.0296   
        30:       900.000000           1           53.2899   
        31:       930.000000           1           53.2863   
        32:       960.000000           1           53.2502   
        33:       990.000000           1           53.2231   
        34:      1020.000000           1           53.0741   
        35:      1050.000000           1           52.9900   
        36:      1080.000000           1           52.7975   
        37:      1110.000000           1          142.6300   
        38:      1140.000000           1           52.7556   
        39:      1170.000000           1           52.9409   
        40:      1200.000000           1           52.9832   
        41:      1230.000000           1           53.2683   
        42:      1260.000000           1           53.4421   
        43:      1290.000000           1           53.4542   
        44:      1320.000000           1           53.4898   
        45:      1350.000000           1          143.4573   
        46:      1380.000000           1           53.4589   
        47:      1410.000000           1           53.3806   
        48:      1440.000000           1          143.3877   
        49:      1470.000000           1           53.4653   
        50:      1500.000000           1           53.2634   
        51:      1530.000000           1           53.2770   
        52:      1560.000000           1           53.3512   
        53:      1590.000000           1           53.4761   
        54:      1620.000000           1           53.5539   
        55:      1650.000000           1           53.5346   
        56:      1680.000000           1           53.3951   
        57:      1710.000000           1           53.4647   
        58:      1740.000000           1           53.3634   
        59:      1770.000000           1           53.4850   
        60:      1800.000000           1           53.4642   
        61:      1830.000000           1           53.4154   
        62:      1860.000000           1           53.4444   
        63:      1890.000000           1           53.3812   
        64:      1920.000000           1           53.2988   
        65:      1950.000000           1           53.3372   
        66:      1980.000000           1           53.2491   
        67:      2010.000000           1           53.1690   
        68:      2040.000000           1           53.1410   
        69:      2070.000000           1           53.0207   
        70:      2100.000000           1           53.0261   
        71:      2130.000000           1           52.9587   
        72:      2160.000000           1           52.8855   
        73:      2190.000000           1           52.8280   
        74:      2220.000000           1           52.6972   
        75:      2250.000000           1           52.7071   
        76:      2280.000000           1           52.6633   
        77:      2310.000000           1           52.6907   
        78:      2340.000000           1           52.6121   
        79:      2370.000000           1           52.5632   
        80:      2400.000000           1          142.3177   
        81:      2430.000000           1          142.3161   
        82:      2460.000000           1          142.3383   
        83:      2490.000000           1          142.3081   
        84:      2520.000000           1          142.3352   
        85:      2550.000000           1          142.4528   
        86:      2580.000000           1          142.4672   
        87:      2610.000000           1          142.5303   
        88:      2640.000000           1          142.4611   
        89:      2670.000000           1          142.5385   
        90:      2700.000000           1          142.4757   
        91:      2730.000000           1          142.4919   
        92:      2760.000000           1          142.5055   
        93:      2790.000000           1          142.5366   
        94:      2820.000000           1          142.4494   
        95:      2850.000000           1          142.5518   
        96:      2880.000000           1          142.5608   
        97:      2910.000000           1          142.5975   
        98:      2940.000000           1          142.6083   
        99:      2970.000000           1          142.6523   
       100:      3000.000000           1          142.5740   
       101:      3030.000000           1          142.5536   
       102:      3060.000000           1          142.5803   
       103:      3090.000000           1          142.5726   
       104:      3120.000000           1          142.6107   
       105:      3150.000000           1          142.6666   
       106:      3180.000000           1          142.6386   
       107:      3210.000000           1           52.9103   
       108:      3240.000000           1           52.9030   
       109:      3270.000000           1           52.8816   
       110:      3300.000000           1           52.8790   
       111:      3330.000000           1           52.8366   
       112:      3360.000000           1           52.7702   
       113:      3390.000000           1           52.7190   
       114:      3420.000000           1           52.7078   
       115:      3450.000000           1           52.7291   
       116:      3480.000000           1           52.7207   
       117:      3510.000000           1           52.6482   
       118:      3540.000000           1           52.6273   
       119:      3570.000000           1           52.6351   
       120:      3600.000000           1           52.6345   
       121:      3630.000000           1           52.6770   
       122:      3660.000000           1           52.7443   
       123:      3690.000000           1           52.6856   
       124:      3720.000000           1           52.7117   
       125:      3750.000000           1           52.6937   
       126:      3780.000000           1           52.7053   
       127:      3810.000000           1           52.7484   
       128:      3840.000000           1           52.8025   
       129:      3870.000000           1           52.8587   
       130:      3900.000000           1           52.9452   
       131:      3930.000000           1           52.9991   
       132:      3960.000000           1           52.9929   
       133:      3990.000000           1           52.9662   
       134:      4020.000000           1           52.9939   
       135:      4050.000000           1           52.9973   
       136:      4080.000000           1           52.9560   
       137:      4110.000000           1           52.9492   
       138:      4140.000000           1           52.9569   
       139:      4170.000000           1           52.9763   
       140:      4200.000000           1           52.9672   
       141:      4230.000000           1           52.9414   
       142:      4260.000000           1           52.9526   
       143:      4290.000000           1           52.9548   
       144:      4320.000000           1           52.9419   
       145:      4350.000000           1           52.9750   
       146:      4380.000000           1           52.9770   
       147:      4410.000000           1           52.9376   
       148:      4440.000000           1           52.8974   
       149:      4470.000000           1           52.8809   
       150:      4500.000000           1           52.8809   
       151:      4530.000000           1           52.9262   
       152:      4560.000000           1           52.9493   
       153:      4590.000000           1           52.9349   
       154:      4620.000000           1           52.9120   
       155:      4650.000000           1           52.9146   
       156:      4680.000000           1           52.9371   
       157:      4710.000000           1           52.9341   
       158:      4740.000000           1           52.9217   
       159:      4770.000000           1           52.9232   
       160:      4800.000000           1           52.9068   
       161:      4830.000000           1           52.9278   
       162:      4860.000000           1           52.9232   
       163:      4890.000000           1           52.9466   
       164:      4920.000000           1           52.9621   
       165:      4950.000000           1           52.9505   
       166:      4980.000000           1           52.9119   
       167:      5010.000000           1           52.9146   
       168:      5040.000000           1           52.9189   
       169:      5070.000000           1           52.9363   
       170:      5100.000000           1           52.9735   
       171:      5130.000000           1           53.0060   
       172:      5160.000000           1           53.0527   
       173:      5190.000000           1           53.0771   
       174:      5220.000000           1           53.1074   
       175:      5250.000000           1           53.1303   
       176:      5280.000000           1           53.1371   
       177:      5310.000000           1           53.1422   
       178:      5340.000000           1           53.1401   
       179:      5370.000000           1           53.1184   
       180:      5400.000000           1           53.1426   
       181:      5430.000000           1           53.1720   
       182:      5460.000000           1           53.1773   
       183:      5490.000000           1           53.1813   
       184:      5520.000000           1           53.1725   
       185:      5550.000000           1           53.1584   
       186:      5580.000000           1           53.1621   
       187:      5610.000000           1           53.1402   
       188:      5640.000000           1           53.1149   
       189:      5670.000000           1           53.0949   
       190:      5700.000000           1           53.0914   
       191:      5730.000000           1           53.0731   
       192:      5760.000000           1           53.0618   
       193:      5790.000000           1           53.0590   
       194:      5820.000000           1           53.0401   
       195:      5850.000000           1           53.0339   
       196:      5880.000000           1           53.0331   
       197:      5910.000000           1           53.0243   
       198:      5940.000000           1           52.9963   
       199:      5970.000000           1           53.0460   
       200:      6000.000000           1           53.0392   
       201:      6030.000000           1           53.0518   
       202:      6060.000000           1           53.0741   
       203:      6090.000000           1           53.1174   
       204:      6120.000000           1           53.1185   
       205:      6150.000000           1           53.1346   
       206:      6180.000000           1           53.1085   
       207:      6210.000000           1           53.0807   
       208:      6240.000000           1           53.0343   
       209:      6270.000000           1           53.0087   
       210:      6300.000000           1           52.9888   
       211:      6330.000000           1           53.0051   
       212:      6360.000000           1           53.0325   
       213:      6390.000000           1           53.0372   
       214:      6420.000000           1           53.0577   
       215:      6450.000000           1           53.0723   
       216:      6480.000000           1           53.0843   
       217:      6510.000000           1           53.1007   
       218:      6540.000000           1           53.1000   
       219:      6570.000000           1           53.0692   
       220:      6600.000000           1           53.0601   
       221:      6630.000000           1           53.0899   
       222:      6660.000000           1           53.0902   
       223:      6690.000000           1           53.1006   
       224:      6720.000000           1           53.1040   
       225:      6750.000000           1           53.1139   
       226:      6780.000000           1           53.0977   
       227:      6810.000000           1           53.0863   
       228:      6840.000000           1           53.0857   
       229:      6870.000000           1           53.0916   
       230:      6900.000000           1           53.1006   
       231:      6930.000000           1           53.0874   
       232:      6960.000000           1           53.0939   
       233:      6990.000000           1           53.0903   
       234:      7020.000000           1           53.0930   
       235:      7050.000000           1           53.0721   
       236:      7080.000000           1           53.0604   
       237:      7110.000000           1           53.0448   
       238:      7140.000000           1           53.0200   
       239:      7170.000000           1           53.0044   
       240:      7200.000000           1           53.0078   
       241:      7230.000000           1           53.0406   
       242:      7260.000000           1           53.0553   
       243:      7290.000000           1           53.0998   
       244:      7320.000000           1           53.1001   
       245:      7350.000000           1           53.0551   
       246:      7380.000000           1           53.0275   
       247:      7410.000000           1           52.9786   
       248:      7440.000000           1           52.9303   
       249:      7470.000000           1           52.9208   
       250:      7500.000000           1           52.9258   
       251:      7530.000000           1           52.9194   
       252:      7560.000000           1           52.9261   
       253:      7590.000000           1           52.9478   
       254:      7620.000000           1           52.9425   
       255:      7650.000000           1           52.9143   
       256:      7680.000000           1           52.9044   
       257:      7710.000000           1           52.8898   
       258:      7740.000000           1           52.8754   
       259:      7770.000000           1           52.8669   
       260:      7800.000000           1           52.8575   
       261:      7830.000000           1           52.8542   
       262:      7860.000000           1           52.8618   
       263:      7890.000000           1           52.8666   
       264:      7920.000000           1           52.8712   
       265:      7950.000000           1           52.8586   
       266:      7980.000000           1           52.8719   
       267:      8010.000000           1           52.8793   
       268:      8040.000000           1           52.8842   
       269:      8070.000000           1           52.8883   
       270:      8100.000000           1           52.8687   
       271:      8130.000000           1           52.8699   
       272:      8160.000000           1           52.8976   
       273:      8190.000000           1           52.9297   
       274:      8220.000000           1           52.9464   
       275:      8250.000000           1           52.9598   
       276:      8280.000000           1           52.9891   
       277:      8310.000000           1           53.0068   
       278:      8340.000000           1           53.0191   
       279:      8370.000000           1           53.0088   
       280:      8400.000000           1           53.0044   
       281:      8430.000000           1           53.0062   
       282:      8460.000000           1           53.0181   
       283:      8490.000000           1           53.0140   
       284:      8520.000000           1           53.0066   
       285:      8550.000000           1           52.9937   
       286:      8580.000000           1           52.9839   
       287:      8610.000000           1           52.9836   
       288:      8640.000000           1           52.9940   
       289:      8670.000000           1           53.0092   
       290:      8700.000000           1           53.0159   
       291:      8730.000000           1           53.0233   
       292:      8760.000000           1           53.0451   
       293:      8790.000000           1           53.0567   
       294:      8820.000000           1           53.0589   
       295:      8850.000000           1           53.0654   
       296:      8880.000000           1           53.0511   
       297:      8910.000000           1           53.0515   
       298:      8940.000000           1           53.0571   
       299:      8970.000000           1           53.0561   
       300:      9000.000000           1           53.0474   
       301:      9030.000000           1           53.0433   
       302:      9060.000000           1           53.0294   
       303:      9090.000000           1           53.0198   
       304:      9120.000000           1           53.0306   
       305:      9150.000000           1           53.0342   
       306:      9180.000000           1           53.0292   
       307:      9210.000000           1           53.0216   
       308:      9240.000000           1           53.0124   
       309:      9270.000000           1           52.9941   
       310:      9300.000000           1           52.9693   
       311:      9330.000000           1           52.9567   
       312:      9360.000000           1           52.9452   
       313:      9390.000000           1           52.9284   
       314:      9420.000000           1           52.9130   
       315:      9450.000000           1           52.9281   
       316:      9480.000000           1           52.9115   
       317:      9510.000000           1           52.9089   
       318:      9540.000000           1           52.9016   
       319:      9570.000000           1           52.9037   
       320:      9600.000000           1           52.9128   
       321:      9630.000000           1           52.9149   
       322:      9660.000000           1           52.9324   
       323:      9690.000000           1           52.9404   
       324:      9720.000000           1           52.9533   
       325:      9750.000000           1           52.9685   
       326:      9780.000000           1           52.9628   
       327:      9810.000000           1           52.9541   
       328:      9840.000000           1           52.9601   
       329:      9870.000000           1           52.9751   
       330:      9900.000000           1           52.9863   
       331:      9930.000000           1           52.9826   
       332:      9960.000000           1           52.9669   
       333:      9990.000000           1           52.9587   
       334:     10020.000000           1           52.9511   
       335:     10050.000000           1           52.9548   
       336:     10080.000000           1           52.9543   
       337:     10110.000000           1           52.9621   
       338:     10140.000000           1           52.9658   
       339:     10170.000000           1           52.9644   
       340:     10200.000000           1           52.9546   
       341:     10230.000000           1           52.9431   
       342:     10260.000000           1           52.9502   
       343:     10290.000000           1           52.9470   
       344:     10320.000000           1           52.9525   
       345:     10350.000000           1           52.9502   
       346:     10380.000000           1           52.9621   
       347:     10410.000000           1           52.9781   
       348:     10440.000000           1           52.9932   
       349:     10470.000000           1           52.9946   
       350:     10500.000000           1           53.0072   
       351:     10530.000000           1           53.0117   
       352:     10560.000000           1           53.0339   
       353:     10590.000000           1           53.0258   
       354:     10620.000000           1           53.0396   
       355:     10650.000000           1           53.0440   
       356:     10680.000000           1           53.0292   
       357:     10710.000000           1           53.0046   
       358:     10740.000000           1           52.9942   
       359:     10770.000000           1           52.9851   
       360:     10800.000000           1           52.9743   
       361:     10830.000000           1           52.9831   
       362:     10860.000000           1           52.9935   
       363:     10890.000000           1           52.9853   
       364:     10920.000000           1           52.9835   
       365:     10950.000000           1           52.9790   
       366:     10980.000000           1           52.9687   
       367:     11010.000000           1           59.0591   
       368:     11040.000000           1           52.9566   
       369:     11070.000000           1           52.9533   
       370:     11100.000000           1           59.0395   
       371:     11130.000000           1           52.9528   
       372:     11160.000000           1           52.9495   
       373:     11190.000000           1           52.9501   
       374:     11220.000000           1           52.9497   
       375:     11250.000000           1           59.0601   
       376:     11280.000000           1           52.9849   
       377:     11310.000000           1           52.9796   
       378:     11340.000000           1           59.0865   
       379:     11370.000000           1           59.0940   
       380:     11400.000000           1           53.0125   
       381:     11430.000000           1           53.0228   
       382:     11460.000000           1           53.0296   
       383:     11490.000000           1           53.0142   
       384:     11520.000000           1           53.0111   
       385:     11550.000000           1           53.0263   
       386:     11580.000000           1           53.0109   
       387:     11610.000000           1           59.1072   
       388:     11640.000000           1           52.9952   
       389:     11670.000000           1           59.1008   
       390:     11700.000000           1           52.9935   
       391:     11730.000000           1           53.0000   
       392:     11760.000000           1           52.9883   
       393:     11790.000000           1           52.9855   
       394:     11820.000000           1           52.9972   
       395:     11850.000000           1           59.1271   
       396:     11880.000000           1           59.1279   
       397:     11910.000000           1           59.1170   
       398:     11940.000000           1           59.1148   
       399:     11970.000000           1           59.1072   
       400:     12000.000000           1           59.1131   
       401:     12030.000000           1           59.1151   
       402:     12060.000000           1           59.1140   
       403:     12090.000000           1           59.1142   
       404:     12120.000000           1           59.1057   
       405:     12150.000000           1           59.1077   
       406:     12180.000000           1          112.1650   
       407:     12210.000000           1          112.1631   
       408:     12240.000000           1          112.1749   
       409:     12270.000000           1          112.1904   
       410:     12300.000000           1          112.2194   
       411:     12330.000000           1          112.2268   
       412:     12360.000000           1          112.2298   
       413:     12390.000000           1          112.2265   
       414:     12420.000000           1          112.2347   
       415:     12450.000000           1          112.2493   
       416:     12480.000000           1          112.2789   
       417:     12510.000000           1          112.2936   
       418:     12540.000000           1          112.3038   
       419:     12570.000000           1          112.3041   
       420:     12600.000000           1          112.3054   
       421:     12630.000000           1          112.3179   
       422:     12660.000000           1          112.3238   
       423:     12690.000000           1          112.3358   
       424:     12720.000000           1          112.3450   
       425:     12750.000000           1          112.3401   
       426:     12780.000000           1          112.3535   
       427:     12810.000000           1          112.3586   
       428:     12840.000000           1          112.3667   
       429:     12870.000000           1          112.3728   
       430:     12900.000000           1          112.3874   
       431:     12930.000000           1          112.4003   
       432:     12960.000000           1          112.4017   
       433:     12990.000000           1           59.3462   
       434:     13020.000000           1           59.3463   
       435:     13050.000000           1           59.3466   
       436:     13080.000000           1           53.2310   
       437:     13110.000000           1           59.3655   
       438:     13140.000000           1           59.3601   
       439:     13170.000000           1           59.3665   
       440:     13200.000000           1           59.3925   
       441:     13230.000000           1           53.2619   
       442:     13260.000000           1           59.4031   
       443:     13290.000000           1           53.2671   
       444:     13320.000000           1           59.3979   
       445:     13350.000000           1           59.4021   
       446:     13380.000000           1           59.4103   
       447:     13410.000000           1           59.3977   
       448:     13440.000000           1           59.3985   
       449:     13470.000000           1           59.4018   
       450:     13500.000000           1           59.4052   
       451:     13530.000000           1           59.4182   
       452:     13560.000000           1           59.4142   
       453:     13590.000000           1           59.4017   
       454:     13620.000000           1           59.4033   
       455:     13650.000000           1           59.3992   
       456:     13680.000000           1           59.3918   
       457:     13710.000000           1           59.3775   
       458:     13740.000000           1           59.3573   
       459:     13770.000000           1           59.3509   
       460:     13800.000000           1           59.3599   
       461:     13830.000000           1           59.3606   
       462:     13860.000000           1           59.3675   
       463:     13890.000000           1           59.3750   
       464:     13920.000000           1           59.3808   
       465:     13950.000000           1           59.3802   
       466:     13980.000000           1           59.3697   
       467:     14010.000000           1           59.3796   
       468:     14040.000000           1           59.3961   
       469:     14070.000000           1           59.3881   
       470:     14100.000000           1           59.4058   
       471:     14130.000000           1           59.4444   
       472:     14160.000000           1           59.4400   
       473:     14190.000000           1           59.4395   
       474:     14220.000000           1           59.4386   
       475:     14250.000000           1           59.4339   
       476:     14280.000000           1           59.4470   
       477:     14310.000000           1           59.4454   
       478:     14340.000000           1           59.4436   
       479:     14370.000000           1           59.4461   
       480:     14400.000000           1           53.2663   
       481:     14430.000000           1           59.4271   
       482:     14460.000000           1           53.2602   
       483:     14490.000000           1           59.4063   
       484:     14520.000000           1           53.2287   
       485:     14550.000000           1           59.3869   
       486:     14580.000000           1           59.3835   
       487:     14610.000000           1           59.3856   
       488:     14640.000000           1           59.3894   
       489:     14670.000000           1          112.4884   
       490:     14700.000000           1          112.4959   
       491:     14730.000000           1           59.4003   
       492:     14760.000000           1           59.3909   
       493:     14790.000000           1           59.3827   
       494:     14820.000000           1           59.3815   
       495:     14850.000000           1           59.3702   
       496:     14880.000000           1           59.3700   
       497:     14910.000000           1           59.3821   
       498:     14940.000000           1           59.3786   
       499:     14970.000000           1           59.3793   
       500:     15000.000000           1           59.3754   
       501:     15030.000000           1           59.3677   
       502:     15060.000000           1           59.3825   
       503:     15090.000000           1           59.3775   
       504:     15120.000000           1          112.4859   
       505:     15150.000000           1           59.4050   
       506:     15180.000000           1           59.4049   
       507:     15210.000000           1           59.4164   
       508:     15240.000000           1           59.4103   
       509:     15270.000000           1           59.4127   
       510:     15300.000000           1           59.3942   
       511:     15330.000000           1           59.4010   
      2796:     83880.000000           1           81.8378   
      2799:     83970.000000           1           81.7851   
      2801:     84030.000000           1           82.0774   
      2802:     84060.000000           1           81.6235   
      2803:     84090.000000           1            9.6859   
      2804:     84120.000000           1            9.6780   
      2805:     84150.000000           1            9.6739   
      2806:     84180.000000           1            9.6743   
      2807:     84210.000000           1            9.6765   
      2808:     84240.000000           1            9.6714   
      2809:     84270.000000           1            9.6682   
      2810:     84300.000000           1            9.6632   
      2811:     84330.000000           1            9.6652   
      2812:     84360.000000           1            9.6622   
      2813:     84390.000000           1            9.6589   
      2814:     84420.000000           1            9.6562   
      2815:     84450.000000           1            9.6507   
      2816:     84480.000000           1            9.6431   
      2817:     84510.000000           1            9.6385   
      2818:     84540.000000           1            9.6334   
      2819:     84570.000000           1           81.5674   
      2820:     84600.000000           1           81.5619   
      2821:     84630.000000           1            9.6241   
      2822:     84660.000000           1           81.5421   
      2823:     84690.000000           1           81.5427   
      2824:     84720.000000           1           81.5448   
      2825:     84750.000000           1            9.6167   
      2826:     84780.000000           1           81.5354   
      2827:     84810.000000           1           81.5291   
      2828:     84840.000000           1           81.5224   
      2829:     84870.000000           1            9.6014   
      2830:     84900.000000           1           81.5051   
      2831:     84930.000000           1           81.4996   
      2832:     84960.000000           1           81.4932   
      2833:     84990.000000           1           81.4774   
      2834:     85020.000000           1           81.4702   
      2835:     85050.000000           1           81.4668   
      2836:     85080.000000           1           81.4702   
      2837:     85110.000000           1           81.4660   
      2838:     85140.000000           1           81.4550   
      2839:     85170.000000           1           81.4424   
      2840:     85200.000000           1           81.4418   
      2841:     85230.000000           1           81.4477   
      2842:     85260.000000           1           81.4440   
      2843:     85290.000000           1           81.4406   
      2844:     85320.000000           1           81.4380   
      2845:     85350.000000           1           81.4346   
      2846:     85380.000000           1           81.4306   
      2847:     85410.000000           1           81.4348   
      2848:     85440.000000           1           81.4363   
      2849:     85470.000000           1           81.4344   
      2850:     85500.000000           1           81.4293   
      2851:     85530.000000           1           81.4306   
      2852:     85560.000000           1           81.4340   
      2853:     85590.000000           1           81.4415   
      2854:     85620.000000           1           81.4452   
      2855:     85650.000000           1           81.4452   
      2856:     85680.000000           1           81.4463   
      2857:     85710.000000           1           81.4491   
      2858:     85740.000000           1           81.4508   
      2859:     85770.000000           1           81.4485   
      2860:     85800.000000           1           81.4479   
      2861:     85830.000000           1           81.4496   
      2862:     85860.000000           1           81.4491   
      2863:     85890.000000           1           81.4512   
      2864:     85920.000000           1           81.4520   
      2865:     85950.000000           1           81.4538   
      2866:     85980.000000           1           81.4584   
      2867:     86010.000000           1           81.4641   
      2869:     86070.000000           1           81.4730   
      2870:     86100.000000           1           81.4760   
      2871:     86130.000000           1           81.4764   
      2872:     86160.000000           1           81.4766   
      2873:     86190.000000           1           81.4799   
      2874:     86220.000000           1           81.4821   
      2875:     86250.000000           1            9.6135   
      2876:     86280.000000           1            9.6076   
      2877:     86310.000000           1            9.5995   
      2878:     86340.000000           1            9.5929   
      2879:     86370.000000           1            9.5849   
