         0:         0.000000           1          -54.6414   
         1:        30.000000           1          -51.8178   
         2:        60.000000           1          -55.2679   
         3:        90.000000           1          140.6135   
         4:       120.000000           1          139.7732   
         5:       150.000000           1          142.5024   
         6:       180.000000           1          144.2129   
         7:       210.000000           1          146.5807   
         8:       240.000000           1          147.5558   
         9:       270.000000           1          146.5707   
        10:       300.000000           1          146.3536   
        11:       330.000000           1          146.2427   
        12:       360.000000           1          145.8409   
        13:       390.000000           1          144.8275   
        14:       420.000000           1          144.9914   
        15:       450.000000           1          145.5223   
        16:       480.000000           1          145.1264   
        17:       510.000000           1          144.7074   
        18:       540.000000           1          145.0271   
        19:       570.000000           1          144.0138   
        20:       600.000000           1          143.6674   
        21:       630.000000           1          143.5104   
        22:       660.000000           1          143.7338   
        23:       690.000000           1          143.3450   
        24:       720.000000           1          143.6071   
        25:       750.000000           1          143.4868   
        26:       780.000000           1          143.6945   
        27:       810.000000           1          143.4930   
        28:       840.000000           1          143.3484   
        29:       870.000000           1          -47.6534   
        30:       900.000000           1          143.3445   
        31:       930.000000           1          143.3544   
        32:       960.000000           1          143.2963   
        33:       990.000000           1          143.3020   
        34:      1020.000000           1          143.0863   
        35:      1050.000000           1          142.9542   
        36:      1080.000000           1          142.7146   
        37:      1110.000000           1           67.0530   
        38:      1140.000000           1          142.7488   
        39:      1170.000000           1          142.9101   
        40:      1200.000000           1          142.8995   
        41:      1230.000000           1          -46.3320   
        42:      1260.000000           1          -46.1270   
        43:      1290.000000           1          -46.1276   
        44:      1320.000000           1          -46.0003   
        45:      1350.000000           1           68.1828   
        46:      1380.000000           1          -46.0717   
        47:      1410.000000           1          -46.1280   
        48:      1440.000000           1           67.9886   
        49:      1470.000000           1          -46.1141   
        50:      1500.000000           1          -46.2173   
        51:      1530.000000           1          -46.1670   
        52:      1560.000000           1          -46.0284   
        53:      1590.000000           1          -45.8334   
        54:      1620.000000           1          -45.7185   
        55:      1650.000000           1          -45.6329   
        56:      1680.000000           1          -45.7042   
        57:      1710.000000           1          -45.6383   
        58:      1740.000000           1          -45.6638   
        59:      1770.000000           1          -45.6081   
        60:      1800.000000           1          -45.6007   
        61:      1830.000000           1          -45.6204   
        62:      1860.000000           1          -45.5990   
        63:      1890.000000           1          -45.6618   
        64:      1920.000000           1          -45.6816   
        65:      1950.000000           1          -45.6569   
        66:      1980.000000           1          -45.7100   
        67:      2010.000000           1          143.0143   
        68:      2040.000000           1          142.9867   
        69:      2070.000000           1          142.8694   
        70:      2100.000000           1          142.8850   
        71:      2130.000000           1          142.8219   
        72:      2160.000000           1          142.7703   
        73:      2190.000000           1          142.7097   
        74:      2220.000000           1          142.5700   
        75:      2250.000000           1          142.5717   
        76:      2280.000000           1          142.4997   
        77:      2310.000000           1          142.5091   
        78:      2340.000000           1          142.4120   
        79:      2370.000000           1          142.3423   
        80:      2400.000000           1          -46.2855   
        81:      2430.000000           1          -46.2607   
        82:      2460.000000           1          -46.2333   
        83:      2490.000000           1          -46.2508   
        84:      2520.000000           1          -46.1967   
        85:      2550.000000           1          -46.0386   
        86:      2580.000000           1          -45.9625   
        87:      2610.000000           1          -45.8630   
        88:      2640.000000           1          -45.9069   
        89:      2670.000000           1          -45.8155   
        90:      2700.000000           1          -45.8398   
        91:      2730.000000           1          -45.8070   
        92:      2760.000000           1          -45.7889   
        93:      2790.000000           1          -45.7706   
        94:      2820.000000           1          -45.8428   
        95:      2850.000000           1          -45.7669   
        96:      2880.000000           1          -45.7751   
        97:      2910.000000           1          -45.7716   
        98:      2940.000000           1          -45.7667   
        99:      2970.000000           1          -45.7607   
       100:      3000.000000           1          -45.8611   
       101:      3030.000000           1          -45.8959   
       102:      3060.000000           1          -45.8776   
       103:      3090.000000           1          -45.8999   
       104:      3120.000000           1          -45.8742   
       105:      3150.000000           1          -45.8250   
       106:      3180.000000           1          -45.8439   
       107:      3210.000000           1          142.6640   
       108:      3240.000000           1          142.6603   
       109:      3270.000000           1          142.6413   
       110:      3300.000000           1          142.6471   
       111:      3330.000000           1          142.6052   
       112:      3360.000000           1          142.5422   
       113:      3390.000000           1          142.4944   
       114:      3420.000000           1          142.4845   
       115:      3450.000000           1          142.5022   
       116:      3480.000000           1          142.4961   
       117:      3510.000000           1          142.4225   
       118:      3540.000000           1          142.3979   
       119:      3570.000000           1          142.3965   
       120:      3600.000000           1          142.3869   
       121:      3630.000000           1          142.4291   
       122:      3660.000000           1          142.4912   
       123:      3690.000000           1          142.4266   
       124:      3720.000000           1          142.4551   
       125:      3750.000000           1          142.4372   
       126:      3780.000000           1          142.4528   
       127:      3810.000000           1          142.4999   
       128:      3840.000000           1          142.5589   
       129:      3870.000000           1          142.6219   
       130:      3900.000000           1          142.7129   
       131:      3930.000000           1          142.7737   
       132:      3960.000000           1          142.7687   
       133:      3990.000000           1          142.7436   
       134:      4020.000000           1          142.7702   
       135:      4050.000000           1          142.7736   
       136:      4080.000000           1          142.7359   
       137:      4110.000000           1          142.7351   
       138:      4140.000000           1          142.7483   
       139:      4170.000000           1          142.7694   
       140:      4200.000000           1          142.7641   
       141:      4230.000000           1          142.7409   
       142:      4260.000000           1          142.7528   
       143:      4290.000000           1          142.7541   
       144:      4320.000000           1          142.7370   
       145:      4350.000000           1          142.7651   
       146:      4380.000000           1          142.7614   
       147:      4410.000000           1          142.7160   
       148:      4440.000000           1          142.6696   
       149:      4470.000000           1          142.6482   
       150:      4500.000000           1          142.6442   
       151:      4530.000000           1          142.6839   
       152:      4560.000000           1          142.7013   
       153:      4590.000000           1          142.6798   
       154:      4620.000000           1          142.6536   
       155:      4650.000000           1          142.6544   
       156:      4680.000000           1          142.6751   
       157:      4710.000000           1          142.6701   
       158:      4740.000000           1          142.6565   
       159:      4770.000000           1          142.6544   
       160:      4800.000000           1          142.6381   
       161:      4830.000000           1          142.6600   
       162:      4860.000000           1          142.6548   
       163:      4890.000000           1          142.6793   
       164:      4920.000000           1          142.6950   
       165:      4950.000000           1          142.6841   
       166:      4980.000000           1          142.6445   
       167:      5010.000000           1          142.6455   
       168:      5040.000000           1          142.6486   
       169:      5070.000000           1          142.6691   
       170:      5100.000000           1          142.7081   
       171:      5130.000000           1          142.7421   
       172:      5160.000000           1          142.7913   
       173:      5190.000000           1          142.8171   
       174:      5220.000000           1          142.8464   
       175:      5250.000000           1          142.8688   
       176:      5280.000000           1          142.8706   
       177:      5310.000000           1          142.8719   
       178:      5340.000000           1          142.8689   
       179:      5370.000000           1          142.8427   
       180:      5400.000000           1          142.8645   
       181:      5430.000000           1          142.8925   
       182:      5460.000000           1          142.8947   
       183:      5490.000000           1          142.8978   
       184:      5520.000000           1          142.8869   
       185:      5550.000000           1          142.8711   
       186:      5580.000000           1          142.8735   
       187:      5610.000000           1          142.8499   
       188:      5640.000000           1          142.8239   
       189:      5670.000000           1          142.8022   
       190:      5700.000000           1          142.7993   
       191:      5730.000000           1          142.7819   
       192:      5760.000000           1          142.7702   
       193:      5790.000000           1          142.7644   
       194:      5820.000000           1          142.7455   
       195:      5850.000000           1          142.7398   
       196:      5880.000000           1          142.7378   
       197:      5910.000000           1          142.7292   
       198:      5940.000000           1          142.6993   
       199:      5970.000000           1          142.7488   
       200:      6000.000000           1          142.7433   
       201:      6030.000000           1          142.7533   
       202:      6060.000000           1          142.7756   
       203:      6090.000000           1          142.8181   
       204:      6120.000000           1          142.8184   
       205:      6150.000000           1          -45.4190   
       206:      6180.000000           1          -45.4436   
       207:      6210.000000           1          -45.4704   
       208:      6240.000000           1          -45.5137   
       209:      6270.000000           1          -45.5353   
       210:      6300.000000           1          -45.5491   
       211:      6330.000000           1          -45.5292   
       212:      6360.000000           1          -45.4993   
       213:      6390.000000           1          -45.4940   
       214:      6420.000000           1          -45.4716   
       215:      6450.000000           1          -45.4548   
       216:      6480.000000           1          -45.4405   
       217:      6510.000000           1          -45.4226   
       218:      6540.000000           1          -45.4223   
       219:      6570.000000           1          -45.4528   
       220:      6600.000000           1          -45.4612   
       221:      6630.000000           1          -45.4318   
       222:      6660.000000           1          -45.4313   
       223:      6690.000000           1          -45.4205   
       224:      6720.000000           1          -45.4155   
       225:      6750.000000           1          -45.4067   
       226:      6780.000000           1          -45.4238   
       227:      6810.000000           1          -45.4344   
       228:      6840.000000           1          -45.4356   
       229:      6870.000000           1          -45.4289   
       230:      6900.000000           1          -45.4200   
       231:      6930.000000           1          -45.4328   
       232:      6960.000000           1          -45.4261   
       233:      6990.000000           1          -45.4296   
      1612:     48360.000000           1           42.5392   
      1613:     48390.000000           1           42.5379   
      1614:     48420.000000           1           42.5419   
      1615:     48450.000000           1           42.5381   
      1616:     48480.000000           1           42.5330   
      1617:     48510.000000           1           42.5304   
      1618:     48540.000000           1           42.5302   
      1619:     48570.000000           1           42.5310   
      1620:     48600.000000           1           42.5292   
      1621:     48630.000000           1           42.5312   
      1622:     48660.000000           1           42.5330   
      1623:     48690.000000           1           42.5288   
      1624:     48720.000000           1           42.5265   
      1625:     48750.000000           1           42.5240   
      1626:     48780.000000           1           42.5178   
      1627:     48810.000000           1           42.5155   
      1628:     48840.000000           1           42.5139   
      1629:     48870.000000           1           42.5169   
      1630:     48900.000000           1           42.5183   
      1631:     48930.000000           1           42.5192   
      1632:     48960.000000           1           42.5220   
      1633:     48990.000000           1           42.5233   
      1634:     49020.000000           1           42.5184   
      1635:     49050.000000           1           42.5097   
      1636:     49080.000000           1           42.5069   
      1637:     49110.000000           1           42.5039   
      1638:     49140.000000           1           42.5044   
      1639:     49170.000000           1           42.5033   
      1640:     49200.000000           1          147.8393   
      1641:     49230.000000           1          147.6079   
      1642:     49260.000000           1          147.6618   
      1643:     49290.000000           1          147.7267   
      1644:     49320.000000           1          147.8415   
      1645:     49350.000000           1          147.8825   
      1646:     49380.000000           1          147.9158   
      1647:     49410.000000           1          147.9373   
      1648:     49440.000000           1          147.9523   
      1649:     49470.000000           1          147.9379   
      1650:     49500.000000           1          147.9233   
      1651:     49530.000000           1          147.9225   
      1652:     49560.000000           1          147.9093   
      1653:     49590.000000           1          147.9093   
      1654:     49620.000000           1          147.9159   
      1655:     49650.000000           1          147.9227   
      1656:     49680.000000           1          147.9257   
      1657:     49710.000000           1          147.9317   
      1658:     49740.000000           1          147.9215   
      1659:     49770.000000           1          147.9345   
      1660:     49800.000000           1          147.9610   
      1661:     49830.000000           1          147.9623   
      1662:     49860.000000           1          147.9525   
      1663:     49890.000000           1          147.9609   
      1664:     49920.000000           1          147.9527   
      1665:     49950.000000           1          147.9442   
      1666:     49980.000000           1          147.9411   
      1667:     50010.000000           1          147.9440   
      1668:     50040.000000           1          147.9460   
      1669:     50070.000000           1          147.9558   
      1670:     50100.000000           1          147.9566   
      1671:     50130.000000           1          147.9646   
      1672:     50160.000000           1          147.9793   
      1673:     50190.000000           1          148.0052   
      1674:     50220.000000           1          148.0188   
      1675:     50250.000000           1          148.0297   
      1676:     50280.000000           1          148.0243   
      1677:     50310.000000           1          148.0341   
      1678:     50340.000000           1          148.0493   
      1679:     50370.000000           1          148.0653   
      1680:     50400.000000           1          148.0856   
      1681:     50430.000000           1          148.1011   
      1682:     50460.000000           1          148.1170   
      1683:     50490.000000           1          148.1247   
      1684:     50520.000000           1          148.1234   
      1685:     50550.000000           1          148.1223   
      1686:     50580.000000           1          148.1339   
      1687:     50610.000000           1          148.1326   
      1688:     50640.000000           1          148.1277   
      1689:     50670.000000           1          148.1205   
      1690:     50700.000000           1          148.1225   
      1691:     50730.000000           1          148.1249   
      1692:     50760.000000           1          148.1154   
      1693:     50790.000000           1          148.1051   
      1694:     50820.000000           1          148.1037   
      1695:     50850.000000           1          148.1027   
      1696:     50880.000000           1          148.1062   
      1697:     50910.000000           1           42.4827   
      1698:     50940.000000           1          148.1780   
      1699:     50970.000000           1          148.2986   
      1700:     51000.000000           1          148.3325   
      1701:     51030.000000           1          148.2884   
      1702:     51060.000000           1          148.2509   
      1703:     51090.000000           1          148.2355   
      1704:     51120.000000           1          148.2341   
      1705:     51150.000000           1          148.2447   
      1706:     51180.000000           1          148.2491   
      1707:     51210.000000           1          148.2469   
      1708:     51240.000000           1          148.2417   
      1709:     51270.000000           1          148.2472   
      1710:     51300.000000           1          148.2559   
      1711:     51330.000000           1          148.2500   
      1712:     51360.000000           1          148.2416   
      1713:     51390.000000           1          148.2439   
      1714:     51420.000000           1          148.2427   
      1715:     51450.000000           1          148.2406   
      1716:     51480.000000           1          148.2337   
      1717:     51510.000000           1          148.2351   
      1718:     51540.000000           1          148.2356   
      1719:     51570.000000           1          148.2295   
      1720:     51600.000000           1          148.2288   
      1721:     51630.000000           1          148.2325   
      1722:     51660.000000           1          148.2309   
      1723:     51690.000000           1          148.2285   
      1724:     51720.000000           1          148.2265   
      1725:     51750.000000           1          148.2195   
      1726:     51780.000000           1          148.2128   
      1727:     51810.000000           1          148.2073   
      1728:     51840.000000           1          148.2028   
      1729:     51870.000000           1          148.2007   
      1730:     51900.000000           1          148.1933   
      1731:     51930.000000           1          148.1866   
      1732:     51960.000000           1          148.1806   
      1733:     51990.000000           1          148.1795   
      1734:     52020.000000           1          148.1765   
      1735:     52050.000000           1          148.1745   
      1736:     52080.000000           1          148.1797   
      1737:     52110.000000           1          148.1884   
      1738:     52140.000000           1          148.1983   
      1739:     52170.000000           1          148.2048   
      1740:     52200.000000           1          148.2112   
      1741:     52230.000000           1          148.2170   
      1742:     52260.000000           1          148.2168   
      1743:     52290.000000           1          148.2183   
      1744:     52320.000000           1          148.2222   
      1745:     52350.000000           1          148.2190   
      1746:     52380.000000           1          148.2139   
      1747:     52410.000000           1          148.2167   
      1748:     52440.000000           1          148.2175   
      1749:     52470.000000           1          148.2163   
      1750:     52500.000000           1          148.2191   
      1751:     52530.000000           1          148.2226   
      1752:     52560.000000           1          148.2248   
      1753:     52590.000000           1          148.2281   
      1754:     52620.000000           1          148.2320   
      1755:     52650.000000           1          148.2361   
      1756:     52680.000000           1          148.2399   
      1757:     52710.000000           1          148.2406   
      1758:     52740.000000           1          148.2377   
      1759:     52770.000000           1          148.2365   
      1760:     52800.000000           1          148.2377   
      1761:     52830.000000           1          148.2394   
      1762:     52860.000000           1          148.2443   
      1763:     52890.000000           1          148.2452   
      1764:     52920.000000           1          148.2419   
      1765:     52950.000000           1          148.2450   
      1766:     52980.000000           1          148.2470   
      1767:     53010.000000           1          148.2466   
      1768:     53040.000000           1          148.2410   
      1769:     53070.000000           1          148.2357   
      1770:     53100.000000           1          148.2366   
      1771:     53130.000000           1          148.2393   
      1772:     53160.000000           1          148.2418   
      1773:     53190.000000           1          148.2448   
      1774:     53220.000000           1          148.2450   
      1775:     53250.000000           1          148.2446   
      1776:     53280.000000           1          148.2467   
      1777:     53310.000000           1          148.2467   
      1778:     53340.000000           1         -329.1505   
      1779:     53370.000000           1           42.7324   
      1780:     53400.000000           1           42.6703   
      1781:     53430.000000           1           42.6563   
      1782:     53460.000000           1           42.6485   
      1783:     53490.000000           1           42.6484   
      1784:     53520.000000           1           42.6315   
      1785:     53550.000000           1           42.6075   
      1786:     53580.000000           1           42.6179   
      1787:     53610.000000           1           42.6303   
      1788:     53640.000000           1           42.6251   
      1789:     53670.000000           1           42.6331   
      1790:     53700.000000           1           42.6249   
      1791:     53730.000000           1           42.6192   
      1792:     53760.000000           1           42.6143   
      1793:     53790.000000           1           42.6140   
      1794:     53820.000000           1           42.6116   
      1795:     53850.000000           1           42.5990   
      1796:     53880.000000           1           42.5875   
      1797:     53910.000000           1           42.5846   
      1798:     53940.000000           1           42.5673   
      1799:     53970.000000           1           42.5495   
      1800:     54000.000000           1           42.5353   
      1801:     54030.000000           1          148.2391   
      1802:     54060.000000           1           42.5055   
      1803:     54090.000000           1          148.2356   
      1804:     54120.000000           1          148.2391   
      1805:     54150.000000           1          148.2433   
      1806:     54180.000000           1           42.4892   
      1807:     54210.000000           1          148.2503   
      1808:     54240.000000           1          148.2500   
      1809:     54270.000000           1          148.2506   
      1810:     54300.000000           1           42.4643   
      1811:     54330.000000           1           42.4612   
      1812:     54360.000000           1           42.4587   
      1813:     54390.000000           1           42.4554   
      1814:     54420.000000           1           42.4449   
      1815:     54450.000000           1           42.4336   
      1816:     54480.000000           1           42.4261   
      1817:     54510.000000           1           42.4169   
      1818:     54540.000000           1           42.4088   
      1819:     54570.000000           1           42.4051   
      1820:     54600.000000           1           42.4012   
      1821:     54630.000000           1           42.3985   
      1822:     54660.000000           1           42.4000   
      1823:     54690.000000           1         -329.1926   
      1824:     54720.000000           1         -329.1927   
      1825:     54750.000000           1         -329.1921   
      1826:     54780.000000           1         -329.1965   
      1827:     54810.000000           1         -329.1998   
      1828:     54840.000000           1         -329.2014   
      1829:     54870.000000           1         -329.2082   
      1830:     54900.000000           1          148.2244   
      1831:     54930.000000           1          148.2268   
      1832:     54960.000000           1          148.2274   
      1833:     54990.000000           1          148.2279   
      1834:     55020.000000           1          148.2338   
      1835:     55050.000000           1          148.2331   
      1836:     55080.000000           1          148.2349   
      1837:     55110.000000           1          148.2373   
      1838:     55140.000000           1          148.2359   
      1839:     55170.000000           1          148.2344   
      1840:     55200.000000           1          148.2299   
      1841:     55230.000000           1          148.2243   
      1842:     55260.000000           1          148.2190   
      1843:     55290.000000           1          148.2190   
      1844:     55320.000000           1          148.2160   
      1845:     55350.000000           1          148.2127   
      1846:     55380.000000           1          148.2070   
      1847:     55410.000000           1          148.2021   
      1848:     55440.000000           1          148.2538   
      1849:     55470.000000           1          148.2682   
      1850:     55500.000000           1          148.2364   
      1851:     55530.000000           1          148.2367   
      1852:     55560.000000           1          148.2378   
      1853:     55590.000000           1          148.2569   
      1854:     55620.000000           1          148.2720   
      1855:     55650.000000           1          148.2838   
      1856:     55680.000000           1          148.2935   
      1857:     55710.000000           1          148.3005   
      1858:     55740.000000           1          148.3090   
      1859:     55770.000000           1         -329.2783   
      1860:     55800.000000           1          148.3167   
      1861:     55830.000000           1          148.3145   
      1862:     55860.000000           1          148.3125   
      1863:     55890.000000           1          148.3136   
      1864:     55920.000000           1          148.3131   
      1865:     55950.000000           1          148.3111   
      1866:     55980.000000           1          148.3083   
      1867:     56010.000000           1          148.3052   
      1868:     56040.000000           1          148.2999   
      1869:     56070.000000           1          148.2952   
      1870:     56100.000000           1          148.2910   
      1871:     56130.000000           1          148.2865   
      1872:     56160.000000           1          148.2844   
      1873:     56190.000000           1          148.2854   
      1874:     56220.000000           1          148.2832   
      1875:     56250.000000           1          148.2750   
      1876:     56280.000000           1          148.2721   
      1877:     56310.000000           1          148.2738   
      1878:     56340.000000           1          148.2767   
      1879:     56370.000000           1          148.2775   
      1880:     56400.000000           1          148.2771   
      1881:     56430.000000           1          148.2791   
      1882:     56460.000000           1          148.2755   
      1883:     56490.000000           1          148.2736   
      1884:     56520.000000           1          148.2731   
      1885:     56550.000000           1          148.2682   
      1886:     56580.000000           1          148.2662   
      1887:     56610.000000           1          148.2671   
      1888:     56640.000000           1          148.2663   
      1889:     56670.000000           1          148.2623   
      1890:     56700.000000           1          148.2624   
      1891:     56730.000000           1          148.2637   
      1892:     56760.000000           1          148.2589   
      1893:     56790.000000           1          148.2561   
      1894:     56820.000000           1          148.2547   
      1895:     56850.000000           1          148.2515   
      1896:     56880.000000           1          148.2513   
      1897:     56910.000000           1          148.2501   
      1898:     56940.000000           1          148.2467   
      1899:     56970.000000           1         -329.3476   
      1900:     57000.000000           1         -329.3506   
      1901:     57030.000000           1         -329.3512   
      1902:     57060.000000           1         -329.3529   
      1903:     57090.000000           1         -329.3535   
      1904:     57120.000000           1         -329.3558   
      1905:     57150.000000           1         -329.3604   
      1906:     57180.000000           1         -329.3577   
      1907:     57210.000000           1         -329.3611   
      1908:     57240.000000           1         -329.3632   
      1909:     57270.000000           1         -329.3655   
      1910:     57300.000000           1         -329.3675   
      1911:     57330.000000           1         -329.3717   
      1912:     57360.000000           1         -329.3710   
      1913:     57390.000000           1         -329.3720   
      1914:     57420.000000           1         -329.3719   
      1915:     57450.000000           1         -329.3701   
      1916:     57480.000000           1         -329.3729   
      1917:     57510.000000           1         -329.3681   
      1918:     57540.000000           1         -329.3692   
      1919:     57570.000000           1         -329.3674   
      1920:     57600.000000           1         -329.3691   
      1921:     57630.000000           1         -329.3702   
      1922:     57660.000000           1         -329.3692   
      1923:     57690.000000           1          148.2165   
      1924:     57720.000000           1         -329.3779   
      1925:     57750.000000           1         -329.3795   
      1926:     57780.000000           1          148.2135   
      1927:     57810.000000           1         -329.3776   
      1928:     57840.000000           1          148.2125   
      1929:     57870.000000           1          148.2151   
      1930:     57900.000000           1          148.2105   
      1931:     57930.000000           1          148.2096   
      1932:     57960.000000           1          148.2076   
      1933:     57990.000000           1          148.2039   
      1934:     58020.000000           1          148.1999   
      1935:     58050.000000           1          148.2002   
      1936:     58080.000000           1          148.2018   
      1937:     58110.000000           1          148.1995   
      1938:     58140.000000           1          148.1977   
      1939:     58170.000000           1          148.1946   
      1940:     58200.000000           1          148.1938   
      1941:     58230.000000           1          148.1918   
      1942:     58260.000000           1          148.1908   
      1943:     58290.000000           1          148.1877   
      1944:     58320.000000           1          148.1833   
      1945:     58350.000000           1          148.1828   
      1946:     58380.000000           1          148.1826   
      1947:     58410.000000           1          148.1832   
      1948:     58440.000000           1          148.1823   
      1949:     58470.000000           1          148.1782   
      1950:     58500.000000           1          148.1795   
      1951:     58530.000000           1          148.1782   
      1952:     58560.000000           1          148.1720   
      1953:     58590.000000           1          148.1721   
      1954:     58620.000000           1          148.1697   
      1955:     58650.000000           1          148.1672   
      1956:     58680.000000           1          148.1604   
      1957:     58710.000000           1          148.1530   
      1958:     58740.000000           1          148.1476   
      1959:     58770.000000           1          148.1443   
      1960:     58800.000000           1          148.1423   
      1961:     58830.000000           1          148.1404   
      1962:     58860.000000           1          148.1357   
      1963:     58890.000000           1          148.1297   
      1964:     58920.000000           1          148.1253   
      1965:     58950.000000           1          148.1221   
      1966:     58980.000000           1          148.1176   
      1967:     59010.000000           1          148.1148   
      1968:     59040.000000           1          148.1083   
      1969:     59070.000000           1          148.1036   
      1970:     59100.000000           1          148.1032   
      1971:     59130.000000           1          148.0984   
      1972:     59160.000000           1          148.0903   
      1973:     59190.000000           1          148.0869   
      1974:     59220.000000           1          148.0869   
      1975:     59250.000000           1          148.0857   
      1976:     59280.000000           1          148.0848   
      1977:     59310.000000           1          148.0851   
      1978:     59340.000000           1          148.0868   
      1979:     59370.000000           1          148.0866   
      1980:     59400.000000           1          148.0865   
      1981:     59430.000000           1          148.0880   
      1982:     59460.000000           1          148.0875   
      1983:     59490.000000           1          148.0887   
      1984:     59520.000000           1          148.0844   
      1985:     59550.000000           1          148.0831   
      1986:     59580.000000           1          148.0772   
      1987:     59610.000000           1          148.0752   
      1988:     59640.000000           1          148.0767   
      1989:     59670.000000           1          148.0756   
      1990:     59700.000000           1          148.0747   
      1991:     59730.000000           1          148.0741   
      1992:     59760.000000           1          148.0699   
      1993:     59790.000000           1          148.0685   
      1994:     59820.000000           1          148.0662   
      1995:     59850.000000           1          148.0672   
      1996:     59880.000000           1          148.0638   
      1997:     59910.000000           1          148.0585   
      1998:     59940.000000           1          148.0604   
      1999:     59970.000000           1          148.0592   
      2000:     60000.000000           1          148.0579   
      2001:     60030.000000           1          148.0561   
      2002:     60060.000000           1          148.0570   
      2003:     60090.000000           1          148.0601   
      2004:     60120.000000           1          148.0589   
      2005:     60150.000000           1          148.0637   
      2006:     60180.000000           1          148.0645   
      2007:     60210.000000           1          148.0645   
      2008:     60240.000000           1          148.0670   
      2009:     60270.000000           1          148.0672   
      2010:     60300.000000           1          148.0673   
      2011:     60330.000000           1          148.0685   
      2012:     60360.000000           1          148.0748   
      2013:     60390.000000           1          148.0743   
      2014:     60420.000000           1          148.0738   
      2015:     60450.000000           1          148.0704   
      2016:     60480.000000           1          148.0665   
      2017:     60510.000000           1          148.0623   
      2018:     60540.000000           1          148.0616   
      2019:     60570.000000           1          148.0603   
      2020:     60600.000000           1          148.0606   
      2021:     60630.000000           1          148.0600   
      2022:     60660.000000           1          148.0564   
      2023:     60690.000000           1          148.0580   
      2024:     60720.000000           1          148.0606   
      2025:     60750.000000           1          148.0622   
      2026:     60780.000000           1          148.0604   
      2027:     60810.000000           1          148.0577   
      2028:     60840.000000           1          148.0557   
      2029:     60870.000000           1          148.0564   
      2030:     60900.000000           1          148.0568   
      2031:     60930.000000           1          148.0576   
      2032:     60960.000000           1          148.0610   
      2033:     60990.000000           1          148.0646   
      2034:     61020.000000           1          148.0665   
      2035:     61050.000000           1          148.0693   
      2036:     61080.000000           1          148.0674   
      2037:     61110.000000           1          148.0679   
      2038:     61140.000000           1          148.0632   
      2039:     61170.000000           1          148.0632   
      2040:     61200.000000           1          148.0582   
      2041:     61230.000000           1          148.0555   
      2042:     61260.000000           1          148.0559   
      2043:     61290.000000           1          148.0536   
      2044:     61320.000000           1          148.0513   
      2045:     61350.000000           1          148.0493   
      2046:     61380.000000           1          148.0501   
      2047:     61410.000000           1          148.0532   
      2048:     61440.000000           1          148.0572   
      2049:     61470.000000           1          148.0620   
      2050:     61500.000000           1          148.0605   
      2051:     61530.000000           1          148.0628   
      2052:     61560.000000           1          148.0595   
      2053:     61590.000000           1          148.0599   
      2054:     61620.000000           1          148.0566   
      2055:     61650.000000           1          148.0559   
      2056:     61680.000000           1          148.0568   
      2057:     61710.000000           1          148.0605   
      2058:     61740.000000           1          148.0629   
      2059:     61770.000000           1          148.0635   
      2060:     61800.000000           1          148.0670   
      2061:     61830.000000           1          148.0685   
      2062:     61860.000000           1          148.0688   
      2063:     61890.000000           1          148.0709   
      2064:     61920.000000           1          148.0727   
      2065:     61950.000000           1          148.0741   
      2066:     61980.000000           1          148.0762   
      2067:     62010.000000           1          148.0774   
      2068:     62040.000000           1          148.0811   
      2069:     62070.000000           1          148.0847   
      2070:     62100.000000           1          148.0867   
      2071:     62130.000000           1          -18.7446   
      2072:     62160.000000           1          148.0913   
      2073:     62190.000000           1          148.0939   
      2074:     62220.000000           1          148.0964   
      2075:     62250.000000           1          148.0945   
      2076:     62280.000000           1          148.0911   
      2077:     62310.000000           1          148.0899   
      2078:     62340.000000           1          148.0922   
      2079:     62370.000000           1          148.0918   
      2080:     62400.000000           1          148.0912   
      2081:     62430.000000           1          148.0878   
      2082:     62460.000000           1          148.0881   
      2083:     62490.000000           1          148.0889   
      2084:     62520.000000           1          148.0890   
      2085:     62550.000000           1          148.0846   
      2086:     62580.000000           1          148.0827   
      2087:     62610.000000           1          148.0821   
      2088:     62640.000000           1          148.0826   
      2089:     62670.000000           1          148.0817   
      2090:     62700.000000           1          148.0852   
      2091:     62730.000000           1          148.0834   
      2092:     62760.000000           1          148.0855   
      2093:     62790.000000           1          -18.7236   
      2094:     62820.000000           1          -18.7249   
      2095:     62850.000000           1          -18.7234   
      2096:     62880.000000           1          -18.7177   
      2097:     62910.000000           1          -18.7160   
      2098:     62940.000000           1          -18.7225   
      2099:     62970.000000           1          -18.7208   
      2100:     63000.000000           1          -18.7171   
      2101:     63030.000000           1          -18.7079   
      2102:     63060.000000           1          -18.7049   
      2103:     63090.000000           1          -18.6989   
      2104:     63120.000000           1          -18.6952   
      2105:     63150.000000           1          -18.6922   
      2106:     63180.000000           1          -18.6906   
      2107:     63210.000000           1          -18.6887   
      2108:     63240.000000           1          -18.6871   
      2109:     63270.000000           1          -18.6874   
      2110:     63300.000000           1          -18.6856   
      2111:     63330.000000           1          -18.6803   
      2112:     63360.000000           1          -18.6732   
      2113:     63390.000000           1          -18.6684   
      2114:     63420.000000           1          -18.6671   
      2115:     63450.000000           1          -18.6655   
      2116:     63480.000000           1          -18.6641   
      2117:     63510.000000           1          -18.6592   
      2118:     63540.000000           1          -18.6536   
      2119:     63570.000000           1          148.1284   
      2120:     63600.000000           1          148.1298   
      2121:     63630.000000           1          148.1318   
      2122:     63660.000000           1          148.1361   
      2123:     63690.000000           1          148.1405   
      2124:     63720.000000           1          148.1380   
      2125:     63750.000000           1          148.1389   
      2126:     63780.000000           1          148.1396   
      2127:     63810.000000           1          148.1389   
      2128:     63840.000000           1          148.1379   
      2129:     63870.000000           1          148.1360   
      2130:     63900.000000           1          148.1354   
      2131:     63930.000000           1          148.1325   
      2132:     63960.000000           1          148.1323   
      2133:     63990.000000           1          148.1314   
      2134:     64020.000000           1          148.1296   
      2135:     64050.000000           1          148.1316   
      2136:     64080.000000           1          148.1315   
      2137:     64110.000000           1          148.1323   
      2138:     64140.000000           1          148.1333   
      2139:     64170.000000           1          148.1330   
      2140:     64200.000000           1          148.1358   
      2141:     64230.000000           1          148.1375   
      2142:     64260.000000           1          148.1409   
      2143:     64290.000000           1          148.1426   
      2144:     64320.000000           1          148.1436   
      2145:     64350.000000           1          148.1425   
      2146:     64380.000000           1          148.1403   
      2147:     64410.000000           1          148.1396   
      2148:     64440.000000           1          148.1382   
      2149:     64470.000000           1          148.1389   
      2150:     64500.000000           1          148.1410   
      2151:     64530.000000           1          148.1391   
      2152:     64560.000000           1          148.1397   
      2153:     64590.000000           1          148.1402   
      2154:     64620.000000           1          148.1395   
      2155:     64650.000000           1          148.1348   
      2156:     64680.000000           1          148.1337   
      2157:     64710.000000           1          148.1315   
      2158:     64740.000000           1          148.1349   
      2159:     64770.000000           1          148.1401   
      2160:     64800.000000           1          148.1418   
      2161:     64830.000000           1          148.1445   
      2162:     64860.000000           1          148.1512   
      2163:     64890.000000           1          148.1541   
      2164:     64920.000000           1          148.1540   
      2165:     64950.000000           1          148.1568   
      2166:     64980.000000           1          148.1547   
      2167:     65010.000000           1          148.1547   
      2168:     65040.000000           1          148.1505   
      2169:     65070.000000           1          -18.5636   
      2170:     65100.000000           1          -18.5585   
      2171:     65130.000000           1          148.1565   
      2172:     65160.000000           1          -18.5509   
      2173:     65190.000000           1          -18.5511   
      2174:     65220.000000           1          -18.5497   
      2175:     65250.000000           1          -18.5503   
      2176:     65280.000000           1          -18.5523   
      2177:     65310.000000           1          -18.5512   
      2178:     65340.000000           1          -18.5507   
      2179:     65370.000000           1          -18.5506   
      2180:     65400.000000           1          -18.5468   
      2181:     65430.000000           1          -18.5441   
      2182:     65460.000000           1          -18.5383   
      2183:     65490.000000           1          -18.5358   
      2184:     65520.000000           1          -18.5311   
      2185:     65550.000000           1          -18.5303   
      2186:     65580.000000           1          -18.5303   
      2187:     65610.000000           1          -18.5301   
      2188:     65640.000000           1          -18.5273   
      2189:     65670.000000           1           65.2453   
      2190:     65700.000000           1          -18.5203   
      2191:     65730.000000           1          -18.5189   
      2192:     65760.000000           1          -18.5175   
      2193:     65790.000000           1          -18.5202   
      2194:     65820.000000           1          -18.5223   
      2195:     65850.000000           1          -18.5231   
      2196:     65880.000000           1          -18.5200   
      2197:     65910.000000           1          -18.5155   
      2198:     65940.000000           1          -18.5126   
      2199:     65970.000000           1          -18.5097   
      2200:     66000.000000           1          -18.5057   
      2201:     66030.000000           1          -18.5018   
      2202:     66060.000000           1          -18.4989   
      2203:     66090.000000           1          -18.5000   
      2204:     66120.000000           1          -18.4985   
      2205:     66150.000000           1          -18.4978   
      2206:     66180.000000           1          -18.4978   
      2207:     66210.000000           1          -18.4971   
      2208:     66240.000000           1          -18.4947   
      2209:     66270.000000           1          -18.4937   
      2210:     66300.000000           1          -18.4917   
      2211:     66330.000000           1          -18.4885   
      2212:     66360.000000           1          -18.4857   
      2213:     66390.000000           1          -18.4837   
      2214:     66420.000000           1          -18.4835   
      2215:     66450.000000           1          -18.4824   
      2216:     66480.000000           1          -18.4821   
      2217:     66510.000000           1          -18.4814   
      2218:     66540.000000           1          -18.4794   
      2219:     66570.000000           1           65.2688   
      2220:     66600.000000           1           65.2732   
      2221:     66630.000000           1           65.2765   
      2222:     66660.000000           1           65.2813   
      2223:     66690.000000           1           65.2856   
      2224:     66720.000000           1           65.2868   
      2225:     66750.000000           1           65.2869   
      2226:     66780.000000           1           65.2834   
      2227:     66810.000000           1           65.2859   
      2228:     66840.000000           1           65.2829   
      2229:     66870.000000           1           65.2845   
      2230:     66900.000000           1           65.2859   
      2231:     66930.000000           1           65.2863   
      2232:     66960.000000           1           65.2850   
      2233:     66990.000000           1           65.2882   
      2234:     67020.000000           1           65.2867   
      2235:     67050.000000           1           65.2827   
      2236:     67080.000000           1           65.2808   
      2237:     67110.000000           1           65.2786   
      2238:     67140.000000           1           65.2780   
      2239:     67170.000000           1           65.2771   
      2240:     67200.000000           1           65.2764   
      2241:     67230.000000           1           65.2788   
      2242:     67260.000000           1           65.2768   
      2243:     67290.000000           1           65.2769   
      2244:     67320.000000           1           65.2777   
      2245:     67350.000000           1          -18.4475   
      2246:     67380.000000           1          -18.4456   
      2247:     67410.000000           1          -18.4441   
      2248:     67440.000000           1          -18.4464   
      2249:     67470.000000           1          -18.4473   
      2250:     67500.000000           1          -18.4464   
      2251:     67530.000000           1          -18.4471   
      2252:     67560.000000           1          -18.4446   
      2253:     67590.000000           1          -18.4457   
      2254:     67620.000000           1          -18.4454   
      2255:     67650.000000           1          -18.4405   
      2256:     67680.000000           1          -18.4391   
      2257:     67710.000000           1          -18.4364   
      2258:     67740.000000           1          -18.4338   
      2259:     67770.000000           1          -18.4326   
      2260:     67800.000000           1          -18.4296   
      2609:     78270.000000           1         -318.6899   
      2610:     78300.000000           1         -318.6967   
      2611:     78330.000000           1         -318.7055   
      2612:     78360.000000           1         -318.7088   
      2613:     78390.000000           1         -318.7096   
      2614:     78420.000000           1         -318.7105   
      2615:     78450.000000           1         -318.7161   
      2616:     78480.000000           1         -318.7270   
      2617:     78510.000000           1         -318.7392   
      2618:     78540.000000           1         -318.7444   
      2619:     78570.000000           1         -318.7422   
      2620:     78600.000000           1         -318.7493   
      2621:     78630.000000           1         -318.7608   
      2622:     78660.000000           1         -318.7733   
      2623:     78690.000000           1         -318.7904   
      2624:     78720.000000           1         -318.8048   
      2625:     78750.000000           1         -318.8162   
      2626:     78780.000000           1         -318.8251   
      2627:     78810.000000           1         -318.8302   
      2628:     78840.000000           1         -318.8394   
      2629:     78870.000000           1         -318.8458   
      2630:     78900.000000           1         -318.8514   
      2631:     78930.000000           1         -318.8541   
      2632:     78960.000000           1         -318.8554   
      2633:     78990.000000           1         -318.8577   
      2634:     79020.000000           1         -318.8596   
      2635:     79050.000000           1         -318.8627   
      2636:     79080.000000           1         -318.8649   
      2637:     79110.000000           1         -318.8709   
      2638:     79140.000000           1         -318.8777   
      2639:     79170.000000           1         -318.8858   
      2640:     79200.000000           1         -318.8929   
      2641:     79230.000000           1         -318.8966   
      2642:     79260.000000           1         -318.9014   
      2643:     79290.000000           1         -318.9063   
      2644:     79320.000000           1         -318.9094   
      2645:     79350.000000           1         -318.9134   
      2646:     79380.000000           1         -318.9152   
      2647:     79410.000000           1         -318.9181   
      2648:     79440.000000           1         -318.9204   
      2649:     79470.000000           1         -318.9236   
      2650:     79500.000000           1         -318.9252   
      2651:     79530.000000           1         -318.9292   
      2652:     79560.000000           1         -318.9339   
      2653:     79590.000000           1         -318.9380   
      2654:     79620.000000           1          110.0225   
      2655:     79650.000000           1          110.2409   
      2656:     79680.000000           1          110.0834   
      2657:     79710.000000           1          110.1144   
      2658:     79740.000000           1          110.0638   
      2659:     79770.000000           1         -318.9511   
      2660:     79800.000000           1         -318.9489   
      2661:     79830.000000           1           12.5889   
      2662:     79860.000000           1         -318.9553   
      2663:     79890.000000           1         -318.9624   
      2664:     79920.000000           1         -318.9628   
      2665:     79950.000000           1         -318.9657   
      2666:     79980.000000           1         -318.9667   
      2667:     80010.000000           1         -318.9695   
      2668:     80040.000000           1         -318.9691   
      2669:     80070.000000           1         -318.9717   
      2670:     80100.000000           1         -318.9695   
      2671:     80130.000000           1         -318.9676   
      2672:     80160.000000           1         -318.9662   
      2673:     80190.000000           1         -318.9641   
      2674:     80220.000000           1         -318.9599   
      2675:     80250.000000           1         -318.9618   
      2676:     80280.000000           1         -318.9627   
      2677:     80310.000000           1         -318.9632   
      2678:     80340.000000           1         -318.9626   
      2679:     80370.000000           1         -318.9638   
      2680:     80400.000000           1         -318.9640   
      2681:     80430.000000           1         -318.9631   
      2682:     80460.000000           1         -318.9662   
      2683:     80490.000000           1         -318.9648   
      2684:     80520.000000           1         -318.9665   
      2685:     80550.000000           1         -318.9679   
      2686:     80580.000000           1         -318.9718   
      2687:     80610.000000           1         -318.9756   
      2688:     80640.000000           1         -318.9770   
      2689:     80670.000000           1         -318.9776   
      2690:     80700.000000           1         -318.9791   
      2691:     80730.000000           1         -318.9780   
      2692:     80760.000000           1         -318.9790   
      2693:     80790.000000           1           12.4870   
      2694:     80820.000000           1         -272.3732   
      2695:     80850.000000           1           12.4799   
      2696:     80880.000000           1         -272.5836   
      2697:     80910.000000           1         -272.6342   
      2698:     80940.000000           1          109.6152   
      2699:     80970.000000           1          109.6173   
      2700:     81000.000000           1          109.6242   
      2701:     81030.000000           1          109.6344   
      2702:     81060.000000           1          109.6385   
      2703:     81090.000000           1          109.6509   
      2704:     81120.000000           1          109.6515   
      2705:     81150.000000           1          109.6499   
      2706:     81180.000000           1          109.6564   
      2707:     81210.000000           1          109.6562   
      2708:     81240.000000           1          109.6609   
      2709:     81270.000000           1          109.6606   
      2710:     81300.000000           1          109.6624   
      2711:     81330.000000           1          109.6626   
      2712:     81360.000000           1          109.6654   
      2713:     81390.000000           1          109.6650   
      2714:     81420.000000           1          109.6591   
      2715:     81450.000000           1          109.6656   
      2716:     81480.000000           1          109.6663   
      2717:     81510.000000           1         -272.6076   
      2718:     81540.000000           1          109.8242   
      2719:     81570.000000           1          109.5462   
      2720:     81600.000000           1          109.6709   
      2721:     81630.000000           1          109.7215   
      2722:     81660.000000           1          109.7288   
      2723:     81690.000000           1          109.7241   
      2724:     81720.000000           1          109.7388   
      2725:     81750.000000           1          109.7497   
      2726:     81780.000000           1          109.7576   
      2727:     81810.000000           1          109.7548   
      2728:     81840.000000           1          109.7573   
      2729:     81870.000000           1          109.7514   
      2730:     81900.000000           1          109.7515   
      2731:     81930.000000           1          109.7452   
      2732:     81960.000000           1          109.7392   
      2733:     81990.000000           1          109.7282   
      2734:     82020.000000           1          109.7248   
      2735:     82050.000000           1          109.7116   
      2736:     82080.000000           1          109.7094   
      2737:     82110.000000           1          109.7081   
      2738:     82140.000000           1          109.7097   
      2739:     82170.000000           1          109.7072   
      2740:     82200.000000           1          109.7037   
      2741:     82230.000000           1          109.7035   
      2742:     82260.000000           1           12.3373   
      2743:     82290.000000           1           12.3380   
      2744:     82320.000000           1           12.3378   
      2745:     82350.000000           1           12.3375   
      2746:     82380.000000           1           12.3360   
      2747:     82410.000000           1           12.3344   
      2748:     82440.000000           1           12.3341   
      2749:     82470.000000           1           12.3284   
      2750:     82500.000000           1           12.3255   
      2751:     82530.000000           1           12.3207   
      2752:     82560.000000           1           12.3168   
      2753:     82590.000000           1           12.3147   
      2754:     82620.000000           1           12.3127   
      2755:     82650.000000           1           12.3096   
      2756:     82680.000000           1           12.3073   
      2757:     82710.000000           1           12.3058   
      2758:     82740.000000           1           12.3023   
      2759:     82770.000000           1           12.2996   
      2760:     82800.000000           1           12.2947   
      2761:     82830.000000           1           12.2920   
      2762:     82860.000000           1           12.2886   
      2763:     82890.000000           1           12.2834   
      2764:     82920.000000           1           12.2811   
      2765:     82950.000000           1           12.2739   
      2766:     82980.000000           1           12.2702   
      2767:     83010.000000           1          -31.0856   
      2768:     83040.000000           1          -31.0874   
      2769:     83070.000000           1          -31.0888   
      2770:     83100.000000           1          -31.0939   
      2771:     83130.000000           1          -31.0959   
      2772:     83160.000000           1          -31.1014   
      2773:     83190.000000           1          -31.1040   
      2774:     83220.000000           1           12.2398   
      2775:     83250.000000           1           12.2349   
      2776:     83280.000000           1           12.2322   
      2777:     83310.000000           1           12.2289   
      2778:     83340.000000           1           12.2244   
      2779:     83370.000000           1           12.2238   
      2780:     83400.000000           1           12.2182   
      2781:     83430.000000           1           12.2147   
      2782:     83460.000000           1           12.2112   
      2783:     83490.000000           1           12.2076   
      2784:     83520.000000           1           12.2028   
      2785:     83550.000000           1           12.2008   
      2786:     83580.000000           1           12.1957   
      2787:     83610.000000           1           12.1935   
      2788:     83640.000000           1           12.1873   
      2789:     83670.000000           1           12.1852   
      2790:     83700.000000           1           12.1815   
      2791:     83730.000000           1           12.1801   
      2792:     83760.000000           1           12.1751   
      2793:     83790.000000           1           12.1731   
      2794:     83820.000000           1           12.1721   
      2795:     83850.000000           1           12.1692   
      2796:     83880.000000           1           12.1657   
      2797:     83910.000000           1           12.1617   
      2798:     83940.000000           1           12.1615   
      2799:     83970.000000           1          109.5734   
      2800:     84000.000000           1          109.5702   
      2801:     84030.000000           1          109.5700   
      2802:     84060.000000           1          109.5681   
      2803:     84090.000000           1          109.5678   
      2804:     84120.000000           1          109.5634   
      2805:     84150.000000           1          109.5608   
      2806:     84180.000000           1          109.5610   
      2807:     84210.000000           1          109.5599   
      2808:     84240.000000           1          109.5581   
      2809:     84270.000000           1          109.5558   
      2810:     84300.000000           1          109.5533   
      2811:     84330.000000           1          109.5540   
      2812:     84360.000000           1          109.5512   
      2813:     84390.000000           1          109.5485   
      2814:     84420.000000           1          109.5468   
      2815:     84450.000000           1          109.5423   
      2816:     84480.000000           1          109.5411   
      2817:     84510.000000           1          109.5391   
      2818:     84540.000000           1          109.5349   
      2819:     84570.000000           1           12.1120   
      2820:     84600.000000           1           12.1081   
      2821:     84630.000000           1          109.5246   
      2822:     84660.000000           1           12.1002   
      2823:     84690.000000           1           12.0990   
      2824:     84720.000000           1           12.0969   
      2825:     84750.000000           1          109.5134   
      2826:     84780.000000           1           12.0955   
      2827:     84810.000000           1           12.0943   
      2828:     84840.000000           1           12.0946   
      2829:     84870.000000           1          109.5031   
      2830:     84900.000000           1           12.0913   
      2831:     84930.000000           1           12.0900   
      2832:     84960.000000           1           12.0874   
      2833:     84990.000000           1           12.0841   
      2834:     85020.000000           1           12.0777   
      2835:     85050.000000           1           12.0718   
      2836:     85080.000000           1           12.0689   
      2837:     85110.000000           1           12.0679   
      2838:     85140.000000           1           12.0647   
      2839:     85170.000000           1           12.0627   
      2840:     85200.000000           1           12.0617   
      2841:     85230.000000           1           12.0594   
      2842:     85260.000000           1           12.0572   
      2843:     85290.000000           1           12.0571   
      2844:     85320.000000           1           12.0582   
      2845:     85350.000000           1           12.0569   
      2846:     85380.000000           1           12.0532   
      2847:     85410.000000           1           12.0511   
      2848:     85440.000000           1           12.0481   
      2849:     85470.000000           1           12.0461   
      2850:     85500.000000           1           12.0446   
      2851:     85530.000000           1           12.0428   
      2852:     85560.000000           1           12.0419   
      2853:     85590.000000           1           12.0417   
      2854:     85620.000000           1           12.0394   
      2855:     85650.000000           1           12.0372   
      2856:     85680.000000           1           12.0334   
      2857:     85710.000000           1           12.0316   
      2858:     85740.000000           1           12.0300   
      2859:     85770.000000           1           12.0278   
      2860:     85800.000000           1           12.0252   
      2861:     85830.000000           1           12.0238   
      2862:     85860.000000           1           12.0218   
      2863:     85890.000000           1           12.0209   
      2864:     85920.000000           1           12.0200   
      2865:     85950.000000           1           12.0170   
      2866:     85980.000000           1           12.0146   
      2867:     86010.000000           1           12.0118   
      2868:     86040.000000           1          -31.3311   
      2869:     86070.000000           1           12.0030   
      2870:     86100.000000           1           11.9981   
      2871:     86130.000000           1           11.9943   
      2872:     86160.000000           1           11.9912   
      2873:     86190.000000           1           11.9887   
      2874:     86220.000000           1           11.9859   
      2875:     86250.000000           1          109.4407   
      2876:     86280.000000           1          109.4403   
      2877:     86310.000000           1          109.4383   
      2878:     86340.000000           1          109.4388   
      2879:     86370.000000           1          109.4376   
