       205:      6150.000000           1          142.8325   
       206:      6180.000000           1          142.8061   
       207:      6210.000000           1          142.7746   
       208:      6240.000000           1          142.7262   
       209:      6270.000000           1          142.6974   
       210:      6300.000000           1          142.6747   
       211:      6330.000000           1          142.6884   
       212:      6360.000000           1          142.7127   
       213:      6390.000000           1          142.7117   
       214:      6420.000000           1          142.7275   
       215:      6450.000000           1          142.7377   
       216:      6480.000000           1          142.7440   
       217:      6510.000000           1          142.7572   
       218:      6540.000000           1          142.7541   
       219:      6570.000000           1          142.7201   
       220:      6600.000000           1          142.7103   
       221:      6630.000000           1          142.7391   
       222:      6660.000000           1          142.7407   
       223:      6690.000000           1          142.7509   
       224:      6720.000000           1          142.7541   
       225:      6750.000000           1          142.7641   
       226:      6780.000000           1          142.7474   
       227:      6810.000000           1          142.7335   
       228:      6840.000000           1          142.7324   
       229:      6870.000000           1          142.7355   
       230:      6900.000000           1          142.7444   
       231:      6930.000000           1          142.7297   
       232:      6960.000000           1          142.7350   
       233:      6990.000000           1          142.7296   
       234:      7020.000000           1          142.7317   
       235:      7050.000000           1          142.7110   
       236:      7080.000000           1          142.6976   
       237:      7110.000000           1          142.6824   
       238:      7140.000000           1          142.6577   
       239:      7170.000000           1          142.6411   
       240:      7200.000000           1          142.6443   
       241:      7230.000000           1          142.6750   
       242:      7260.000000           1          142.6898   
       243:      7290.000000           1          142.7345   
       244:      7320.000000           1          142.7331   
       245:      7350.000000           1          142.6878   
       246:      7380.000000           1          142.6600   
       247:      7410.000000           1          142.6122   
       248:      7440.000000           1          142.5651   
       249:      7470.000000           1          142.5564   
       250:      7500.000000           1          142.5625   
       251:      7530.000000           1           58.9339   
       252:      7560.000000           1           58.9112   
       253:      7590.000000           1           58.9817   
       254:      7620.000000           1           58.9882   
       255:      7650.000000           1           58.9746   
       256:      7680.000000           1           58.9293   
       257:      7710.000000           1           58.9317   
       258:      7740.000000           1           58.9339   
       259:      7770.000000           1           58.9172   
       260:      7800.000000           1           58.9012   
       261:      7830.000000           1           58.9110   
       262:      7860.000000           1           58.9572   
       263:      7890.000000           1           58.9782   
       264:      7920.000000           1           59.0050   
       265:      7950.000000           1           58.9870   
       266:      7980.000000           1           59.0114   
       267:      8010.000000           1           59.0354   
       268:      8040.000000           1           59.0553   
       269:      8070.000000           1           59.0792   
       270:      8100.000000           1           59.0836   
       271:      8130.000000           1           59.1012   
       272:      8160.000000           1           59.1491   
       273:      8190.000000           1           59.2044   
       274:      8220.000000           1           59.2423   
       275:      8250.000000           1           59.2699   
       276:      8280.000000           1           59.3120   
       277:      8310.000000           1           59.3461   
       278:      8340.000000           1           59.3723   
       279:      8370.000000           1           59.3755   
       280:      8400.000000           1           59.3811   
       281:      8430.000000           1           59.3882   
       282:      8460.000000           1           59.4085   
       283:      8490.000000           1           59.4101   
       284:      8520.000000           1           59.3998   
       285:      8550.000000           1           59.3769   
       286:      8580.000000           1           59.3594   
       287:      8610.000000           1           59.3479   
       288:      8640.000000           1           59.3519   
       289:      8670.000000           1           59.3633   
       290:      8700.000000           1           59.3701   
       291:      8730.000000           1           59.3743   
       292:      8760.000000           1           59.3976   
       293:      8790.000000           1           59.4097   
       294:      8820.000000           1           59.4120   
       295:      8850.000000           1           59.4156   
       296:      8880.000000           1           59.3950   
       297:      8910.000000           1           59.3936   
       298:      8940.000000           1           59.3980   
       299:      8970.000000           1           59.3913   
       300:      9000.000000           1           59.3791   
       301:      9030.000000           1           59.3730   
       302:      9060.000000           1           59.3556   
       303:      9090.000000           1           59.3453   
       304:      9120.000000           1           59.3505   
       305:      9150.000000           1           59.3500   
       306:      9180.000000           1           59.3390   
       307:      9210.000000           1           59.3267   
       308:      9240.000000           1           59.3154   
       309:      9270.000000           1           59.2930   
       310:      9300.000000           1           59.2644   
       311:      9330.000000           1           59.2462   
       312:      9360.000000           1           59.2299   
       313:      9390.000000           1           59.2057   
       314:      9420.000000           1           59.1828   
       315:      9450.000000           1           59.1946   
       316:      9480.000000           1           59.1756   
       317:      9510.000000           1           59.1689   
       318:      9540.000000           1           59.1568   
       319:      9570.000000           1           59.1584   
       320:      9600.000000           1           59.1619   
       321:      9630.000000           1           59.1603   
       322:      9660.000000           1           59.1753   
       323:      9690.000000           1           59.1836   
       324:      9720.000000           1           59.1948   
       325:      9750.000000           1           59.2010   
       326:      9780.000000           1           59.1954   
       327:      9810.000000           1           59.1854   
       328:      9840.000000           1           59.1843   
       329:      9870.000000           1           59.1960   
       330:      9900.000000           1           59.2030   
       331:      9930.000000           1           59.1953   
       332:      9960.000000           1           59.1760   
       333:      9990.000000           1           59.1714   
       334:     10020.000000           1           59.1627   
       335:     10050.000000           1           59.1640   
       336:     10080.000000           1           59.1590   
       337:     10110.000000           1           59.1665   
       338:     10140.000000           1           59.1687   
       339:     10170.000000           1           59.1641   
       340:     10200.000000           1           59.1498   
       341:     10230.000000           1           59.1341   
       342:     10260.000000           1           59.1363   
       343:     10290.000000           1           59.1294   
       344:     10320.000000           1           59.1304   
       345:     10350.000000           1           59.1230   
       346:     10380.000000           1           59.1304   
       347:     10410.000000           1           59.1420   
       348:     10440.000000           1           59.1528   
       349:     10470.000000           1           59.1506   
       350:     10500.000000           1           59.1612   
       351:     10530.000000           1           59.1627   
       352:     10560.000000           1           59.1807   
       353:     10590.000000           1           59.1712   
       354:     10620.000000           1           59.1851   
       355:     10650.000000           1           59.1864   
       356:     10680.000000           1           59.1673   
       357:     10710.000000           1           59.1362   
       358:     10740.000000           1           59.1195   
       359:     10770.000000           1           59.1050   
       360:     10800.000000           1           59.0909   
       361:     10830.000000           1           59.0949   
       362:     10860.000000           1           59.1029   
       363:     10890.000000           1           59.0906   
       364:     10920.000000           1           59.0855   
       365:     10950.000000           1           59.0772   
       366:     10980.000000           1           59.0681   
       367:     11010.000000           1          112.0889   
       368:     11040.000000           1           59.0556   
       369:     11070.000000           1           59.0498   
       370:     11100.000000           1          112.0779   
       371:     11130.000000           1           59.0458   
       372:     11160.000000           1           59.0441   
       373:     11190.000000           1           59.0455   
       374:     11220.000000           1           59.0464   
       375:     11250.000000           1          112.1031   
       376:     11280.000000           1           59.0796   
       377:     11310.000000           1           59.0743   
       378:     11340.000000           1          112.1334   
       379:     11370.000000           1          112.1405   
       380:     11400.000000           1           59.1131   
       381:     11430.000000           1           59.1220   
       382:     11460.000000           1           59.1288   
       383:     11490.000000           1           59.1150   
       384:     11520.000000           1           59.1138   
       385:     11550.000000           1           59.1299   
       386:     11580.000000           1           59.1146   
       387:     11610.000000           1          112.1547   
       388:     11640.000000           1           59.0997   
       389:     11670.000000           1          112.1488   
       390:     11700.000000           1           59.1014   
       391:     11730.000000           1           59.1096   
       392:     11760.000000           1           59.0983   
       393:     11790.000000           1           59.0967   
       394:     11820.000000           1           59.1100   
       395:     11850.000000           1          112.1782   
       396:     11880.000000           1          112.1790   
       397:     11910.000000           1          112.1689   
       398:     11940.000000           1          112.1675   
       399:     11970.000000           1          112.1613   
       400:     12000.000000           1          112.1672   
       401:     12030.000000           1          112.1696   
       402:     12060.000000           1          112.1684   
       403:     12090.000000           1          112.1700   
       404:     12120.000000           1          112.1621   
       405:     12150.000000           1          112.1655   
       406:     12180.000000           1          -24.0587   
       407:     12210.000000           1          -24.0630   
       408:     12240.000000           1          -24.0540   
       409:     12270.000000           1          -24.0415   
       410:     12300.000000           1          -24.0150   
       411:     12330.000000           1          -24.0094   
       412:     12360.000000           1          -24.0102   
       413:     12390.000000           1          -24.0157   
       414:     12420.000000           1          -24.0085   
       415:     12450.000000           1          -23.9957   
       416:     12480.000000           1          -23.9671   
       417:     12510.000000           1          -23.9552   
       418:     12540.000000           1          -23.9475   
       419:     12570.000000           1          -23.9507   
       420:     12600.000000           1          -23.9529   
       421:     12630.000000           1          -23.9443   
       422:     12660.000000           1          -23.9421   
       423:     12690.000000           1          -23.9316   
       424:     12720.000000           1          -23.9229   
       425:     12750.000000           1          -23.9283   
       426:     12780.000000           1          -23.9151   
       427:     12810.000000           1          -23.9080   
       428:     12840.000000           1          -23.8974   
       429:     12870.000000           1          -23.8896   
       430:     12900.000000           1          -23.8734   
       431:     12930.000000           1          -23.8600   
       432:     12960.000000           1          -23.8565   
       433:     12990.000000           1          112.4289   
       434:     13020.000000           1          112.4268   
       435:     13050.000000           1          112.4261   
       436:     13080.000000           1           59.3554   
       437:     13110.000000           1          112.4437   
       438:     13140.000000           1          112.4385   
       439:     13170.000000           1          112.4449   
       440:     13200.000000           1          112.4723   
       441:     13230.000000           1           59.3908   
       442:     13260.000000           1          112.4833   
       443:     13290.000000           1           59.3975   
       444:     13320.000000           1          112.4787   
       445:     13350.000000           1          112.4830   
       446:     13380.000000           1          112.4904   
       447:     13410.000000           1          112.4784   
       448:     13440.000000           1          112.4792   
       449:     13470.000000           1          112.4839   
       450:     13500.000000           1          112.4888   
       451:     13530.000000           1          112.5026   
       452:     13560.000000           1          112.4985   
       453:     13590.000000           1          112.4859   
       454:     13620.000000           1          112.4884   
       455:     13650.000000           1          112.4851   
       456:     13680.000000           1          112.4769   
       457:     13710.000000           1          112.4625   
       458:     13740.000000           1          112.4416   
       459:     13770.000000           1          112.4364   
       460:     13800.000000           1          112.4453   
       461:     13830.000000           1          112.4468   
       462:     13860.000000           1          112.4537   
       463:     13890.000000           1          112.4619   
       464:     13920.000000           1          112.4677   
       465:     13950.000000           1          112.4659   
       466:     13980.000000           1          112.4541   
       467:     14010.000000           1          112.4645   
       468:     14040.000000           1          112.4807   
       469:     14070.000000           1          112.4731   
       470:     14100.000000           1          112.4900   
       471:     14130.000000           1          112.5300   
       472:     14160.000000           1          112.5245   
       473:     14190.000000           1          112.5230   
       474:     14220.000000           1          112.5221   
       475:     14250.000000           1          112.5171   
       476:     14280.000000           1          112.5290   
       477:     14310.000000           1          112.5275   
       478:     14340.000000           1          112.5247   
       479:     14370.000000           1          112.5291   
       480:     14400.000000           1           59.4245   
       481:     14430.000000           1          112.5144   
       482:     14460.000000           1           59.4196   
       483:     14490.000000           1          112.4945   
       484:     14520.000000           1           59.3891   
       485:     14550.000000           1          112.4766   
       486:     14580.000000           1          112.4734   
       487:     14610.000000           1          112.4762   
       488:     14640.000000           1          112.4803   
       489:     14670.000000           1          -23.7902   
       490:     14700.000000           1          -23.7826   
       491:     14730.000000           1          112.4912   
       492:     14760.000000           1          112.4817   
       493:     14790.000000           1          112.4736   
       494:     14820.000000           1          112.4729   
       495:     14850.000000           1          112.4608   
       496:     14880.000000           1          112.4603   
       497:     14910.000000           1          112.4715   
       498:     14940.000000           1          112.4667   
       499:     14970.000000           1          112.4688   
       500:     15000.000000           1          112.4651   
       501:     15030.000000           1          112.4598   
       502:     15060.000000           1          112.4767   
       503:     15090.000000           1          112.4727   
       504:     15120.000000           1          -23.8022   
       505:     15150.000000           1          112.5055   
       506:     15180.000000           1          112.5077   
       507:     15210.000000           1          112.5217   
       508:     15240.000000           1          112.5181   
       509:     15270.000000           1          112.5238   
       510:     15300.000000           1          112.5076   
       511:     15330.000000           1          112.5170   
       512:     15360.000000           1           59.3859   
       513:     15390.000000           1           59.3702   
       514:     15420.000000           1           59.3799   
       515:     15450.000000           1           59.3807   
       516:     15480.000000           1           59.3855   
       517:     15510.000000           1           59.3852   
       518:     15540.000000           1           59.3976   
       519:     15570.000000           1           59.3997   
       520:     15600.000000           1           59.4024   
       521:     15630.000000           1           59.4057   
       522:     15660.000000           1           59.4173   
       523:     15690.000000           1           59.4178   
       524:     15720.000000           1           59.4366   
       525:     15750.000000           1           59.4455   
       526:     15780.000000           1           59.4675   
       527:     15810.000000           1           59.4656   
       528:     15840.000000           1           59.4887   
       529:     15870.000000           1           59.4933   
       530:     15900.000000           1           59.5053   
       531:     15930.000000           1           59.5049   
       532:     15960.000000           1           59.4970   
       533:     15990.000000           1           59.4966   
       534:     16020.000000           1           59.4894   
       535:     16050.000000           1           59.4882   
       536:     16080.000000           1           59.4939   
       537:     16110.000000           1           59.4758   
       538:     16140.000000           1           59.4774   
       539:     16170.000000           1           59.4661   
       540:     16200.000000           1           59.4766   
       541:     16230.000000           1           59.4757   
       542:     16260.000000           1           59.4708   
       543:     16290.000000           1           59.4639   
       544:     16320.000000           1           59.4513   
       545:     16350.000000           1           59.4556   
       546:     16380.000000           1           59.4619   
       547:     16410.000000           1           59.4647   
       548:     16440.000000           1           59.4874   
       549:     16470.000000           1           59.4885   
       550:     16500.000000           1           59.5092   
       551:     16530.000000           1           59.5176   
       552:     16560.000000           1           59.5182   
       553:     16590.000000           1           59.5153   
       554:     16620.000000           1           59.5298   
       555:     16650.000000           1           59.5287   
       556:     16680.000000           1           59.5405   
       557:     16710.000000           1           59.5475   
       558:     16740.000000           1           59.5533   
       559:     16770.000000           1           59.5534   
       560:     16800.000000           1           59.5543   
       561:     16830.000000           1           59.5580   
       562:     16860.000000           1           59.5721   
       563:     16890.000000           1           59.5646   
       564:     16920.000000           1           59.5727   
       565:     16950.000000           1           59.5675   
       566:     16980.000000           1           59.5657   
       567:     17010.000000           1           59.5695   
       568:     17040.000000           1           59.5697   
       569:     17070.000000           1           59.5772   
       570:     17100.000000           1           59.5763   
       571:     17130.000000           1           59.5768   
       572:     17160.000000           1           59.5820   
       573:     17190.000000           1           59.5791   
       574:     17220.000000           1           59.5831   
       575:     17250.000000           1           59.5802   
       576:     17280.000000           1           59.5773   
       577:     17310.000000           1           59.5811   
       578:     17340.000000           1           59.5826   
       579:     17370.000000           1           59.5813   
       580:     17400.000000           1           59.5793   
       581:     17430.000000           1           59.5707   
       582:     17460.000000           1           59.5647   
       583:     17490.000000           1           59.5633   
       584:     17520.000000           1           59.5710   
       585:     17550.000000           1           59.5773   
       586:     17580.000000           1           59.5863   
       587:     17610.000000           1           59.6026   
       588:     17640.000000           1           59.6004   
       589:     17670.000000           1           59.5836   
       590:     17700.000000           1           59.5781   
       591:     17730.000000           1           59.5675   
       592:     17760.000000           1           59.5683   
       593:     17790.000000           1           59.5653   
       594:     17820.000000           1           59.5574   
       595:     17850.000000           1           59.5532   
       596:     17880.000000           1           59.5619   
       597:     17910.000000           1           59.5692   
       598:     17940.000000           1           59.5689   
       599:     17970.000000           1           59.5881   
       600:     18000.000000           1           59.6031   
       601:     18030.000000           1           59.6110   
       602:     18060.000000           1           59.6212   
       603:     18090.000000           1           59.6264   
       604:     18120.000000           1           59.6251   
       605:     18150.000000           1           59.6325   
       606:     18180.000000           1           59.6322   
       607:     18210.000000           1           59.6326   
       608:     18240.000000           1           59.6269   
       609:     18270.000000           1           59.6266   
       610:     18300.000000           1           59.6305   
       611:     18330.000000           1           59.6229   
       612:     18360.000000           1           59.6201   
       613:     18390.000000           1           59.6180   
       614:     18420.000000           1           59.6153   
       615:     18450.000000           1           59.6159   
       616:     18480.000000           1           59.6281   
       617:     18510.000000           1           59.6329   
       618:     18540.000000           1           59.6243   
       619:     18570.000000           1           59.6299   
       620:     18600.000000           1           59.6384   
       621:     18630.000000           1           59.6490   
       622:     18660.000000           1           59.6445   
       623:     18690.000000           1           59.6529   
       624:     18720.000000           1           59.6585   
       625:     18750.000000           1           59.6724   
       626:     18780.000000           1           59.6838   
       627:     18810.000000           1           59.6896   
       628:     18840.000000           1           59.6983   
       629:     18870.000000           1         -440.0184   
       630:     18900.000000           1         -440.0251   
       631:     18930.000000           1         -440.0155   
       632:     18960.000000           1         -440.0633   
       633:     18990.000000           1         -440.0433   
       634:     19020.000000           1         -439.9966   
       635:     19050.000000           1         -439.9565   
       636:     19080.000000           1         -439.9166   
       637:     19110.000000           1         -439.8914   
       638:     19140.000000           1         -439.8587   
       639:     19170.000000           1         -439.8461   
       640:     19200.000000           1         -439.8360   
       641:     19230.000000           1         -439.8368   
       642:     19260.000000           1         -439.8429   
       643:     19290.000000           1         -439.8498   
       644:     19320.000000           1         -439.8574   
       645:     19350.000000           1         -439.8486   
       646:     19380.000000           1         -439.8635   
       647:     19410.000000           1         -439.8603   
       648:     19440.000000           1         -439.8648   
       649:     19470.000000           1          113.0785   
       650:     19500.000000           1         -439.9554   
       651:     19530.000000           1         -440.0135   
       652:     19560.000000           1         -440.0776   
       653:     19590.000000           1         -440.0577   
       654:     19620.000000           1         -440.0008   
       655:     19650.000000           1         -439.9292   
       656:     19680.000000           1          113.1174   
       657:     19710.000000           1         -439.5778   
       658:     19740.000000           1         -439.7910   
       659:     19770.000000           1         -439.7921   
       660:     19800.000000           1         -439.7586   
       661:     19830.000000           1         -439.7600   
       662:     19860.000000           1         -439.6975   
       663:     19890.000000           1         -439.6603   
       664:     19920.000000           1         -439.6388   
       665:     19950.000000           1         -439.6302   
       666:     19980.000000           1           59.8696   
       667:     20010.000000           1           59.8780   
       668:     20040.000000           1           59.8805   
       669:     20070.000000           1           59.8826   
       670:     20100.000000           1           59.8838   
       671:     20130.000000           1           59.8928   
       672:     20160.000000           1           59.8990   
       673:     20190.000000           1           59.9021   
       674:     20220.000000           1           59.9058   
       675:     20250.000000           1           59.9086   
       676:     20280.000000           1           59.9163   
       677:     20310.000000           1           59.9170   
       678:     20340.000000           1           59.9245   
       679:     20370.000000           1           59.9435   
       680:     20400.000000           1           59.9417   
       681:     20430.000000           1           59.9381   
       682:     20460.000000           1           59.9430   
       683:     20490.000000           1           59.9470   
       684:     20520.000000           1           59.9551   
       685:     20550.000000           1         -439.6358   
       686:     20580.000000           1         -439.6349   
       687:     20610.000000           1         -439.6339   
       688:     20640.000000           1         -439.6431   
       689:     20670.000000           1         -439.6427   
       690:     20700.000000           1         -439.6363   
       691:     20730.000000           1         -439.6402   
       692:     20760.000000           1         -439.6324   
       693:     20790.000000           1         -439.6395   
       694:     20820.000000           1         -439.6488   
       695:     20850.000000           1         -439.6614   
       696:     20880.000000           1          113.3507   
       697:     20910.000000           1         -439.6716   
       698:     20940.000000           1         -439.6652   
       699:     20970.000000           1         -439.6611   
       700:     21000.000000           1         -439.6585   
       701:     21030.000000           1         -439.6503   
       702:     21060.000000           1         -439.6394   
       703:     21090.000000           1          113.4214   
       704:     21120.000000           1         -439.6193   
       705:     21150.000000           1         -439.6074   
       706:     21180.000000           1         -439.6063   
       707:     21210.000000           1         -439.5925   
       708:     21240.000000           1         -439.5905   
       709:     21270.000000           1         -439.5794   
       710:     21300.000000           1         -439.5766   
       711:     21330.000000           1         -439.5819   
       712:     21360.000000           1         -439.5707   
       713:     21390.000000           1         -439.5680   
       714:     21420.000000           1         -439.5460   
       715:     21450.000000           1         -439.5346   
      2016:     60480.000000           1         -191.6971   
      2017:     60510.000000           1         -191.7016   
      2018:     60540.000000           1         -191.7021   
      2019:     60570.000000           1         -191.7033   
      2020:     60600.000000           1         -191.7029   
      2021:     60630.000000           1         -191.7034   
      2022:     60660.000000           1         -329.5371   
      2023:     60690.000000           1         -329.5360   
      2024:     60720.000000           1         -191.7033   
      2025:     60750.000000           1         -329.5324   
      2026:     60780.000000           1         -191.7039   
      2027:     60810.000000           1         -329.5374   
      2028:     60840.000000           1         -329.5395   
      2029:     60870.000000           1         -191.7089   
      2030:     60900.000000           1         -191.7087   
      2031:     60930.000000           1         -191.7080   
      2032:     60960.000000           1         -191.7046   
      2033:     60990.000000           1         -191.7013   
      2034:     61020.000000           1         -191.6995   
      2035:     61050.000000           1         -329.5282   
      2036:     61080.000000           1         -329.5301   
      2037:     61110.000000           1         -329.5297   
      2038:     61140.000000           1         -191.7026   
      2039:     61170.000000           1         -329.5343   
      2040:     61200.000000           1         -329.5394   
      2041:     61230.000000           1         -329.5420   
      2042:     61260.000000           1         -329.5419   
      2043:     61290.000000           1           64.5655   
      2044:     61320.000000           1           64.7333   
      2045:     61350.000000           1           64.6894   
      2046:     61380.000000           1         -329.5486   
      2047:     61410.000000           1           64.7066   
      2048:     61440.000000           1           64.7500   
      2049:     61470.000000           1         -329.5374   
      2050:     61500.000000           1           64.7757   
      2051:     61530.000000           1           64.8043   
      2052:     61560.000000           1         -329.5407   
      2053:     61590.000000           1           64.8331   
      2054:     61620.000000           1         -329.5443   
      2055:     61650.000000           1           65.0575   
      2056:     61680.000000           1           65.2149   
      2057:     61710.000000           1           65.2913   
      2058:     61740.000000           1           65.2941   
      2059:     61770.000000           1           65.3043   
      2060:     61800.000000           1           65.3686   
      2061:     61830.000000           1           65.3561   
      2062:     61860.000000           1           65.3615   
      2063:     61890.000000           1           65.3620   
      2064:     61920.000000           1           65.3673   
      2065:     61950.000000           1           65.3656   
      2066:     61980.000000           1           65.3926   
      2067:     62010.000000           1           65.3923   
      2068:     62040.000000           1           65.4140   
      2069:     62070.000000           1           65.4176   
      2070:     62100.000000           1           65.4284   
      2071:     62130.000000           1         -329.5154   
      2072:     62160.000000           1           65.4244   
      2073:     62190.000000           1           65.4200   
      2074:     62220.000000           1           65.4074   
      2075:     62250.000000           1           65.3961   
      2076:     62280.000000           1         -329.5123   
      2077:     62310.000000           1           65.3850   
      2078:     62340.000000           1           65.3765   
      2079:     62370.000000           1         -329.5118   
      2080:     62400.000000           1           65.3569   
      2081:     62430.000000           1           65.3449   
      2082:     62460.000000           1           65.3358   
      2083:     62490.000000           1           65.3245   
      2084:     62520.000000           1           65.3179   
      2085:     62550.000000           1           65.3127   
      2086:     62580.000000           1           65.3047   
      2087:     62610.000000           1           65.2991   
      2088:     62640.000000           1           65.2956   
      2089:     62670.000000           1           65.2906   
      2090:     62700.000000           1           65.2878   
      2091:     62730.000000           1           65.2720   
      2092:     62760.000000           1           65.2545   
      2093:     62790.000000           1         -329.5187   
      2094:     62820.000000           1         -329.5186   
      2095:     62850.000000           1         -329.5200   
      2096:     62880.000000           1         -329.5217   
      2097:     62910.000000           1         -329.5204   
      2098:     62940.000000           1         -329.5215   
      2099:     62970.000000           1         -329.5179   
      2100:     63000.000000           1         -329.5162   
      2101:     63030.000000           1         -329.5136   
      2102:     63060.000000           1         -191.6826   
      2103:     63090.000000           1         -329.5108   
      2104:     63120.000000           1         -329.5056   
      2105:     63150.000000           1         -329.5060   
      2106:     63180.000000           1         -329.5042   
      2107:     63210.000000           1         -329.5028   
      2108:     63240.000000           1         -329.5011   
      2109:     63270.000000           1         -329.4996   
      2110:     63300.000000           1         -329.4987   
      2111:     63330.000000           1         -329.4957   
      2112:     63360.000000           1         -329.4920   
      2113:     63390.000000           1         -329.4918   
      2114:     63420.000000           1         -329.4902   
      2115:     63450.000000           1         -329.4890   
      2116:     63480.000000           1         -329.4868   
      2117:     63510.000000           1         -329.4832   
      2118:     63540.000000           1         -329.4803   
      2119:     63570.000000           1           65.1244   
      2120:     63600.000000           1           65.1282   
      2121:     63630.000000           1           65.1371   
      2122:     63660.000000           1           65.1528   
      2123:     63690.000000           1           65.1657   
      2124:     63720.000000           1           65.1713   
      2125:     63750.000000           1           65.1774   
      2126:     63780.000000           1           65.1838   
      2127:     63810.000000           1           65.1858   
      2128:     63840.000000           1           65.1860   
      2129:     63870.000000           1           65.1872   
      2130:     63900.000000           1           65.1897   
      2131:     63930.000000           1           65.1887   
      2132:     63960.000000           1           65.1929   
      2133:     63990.000000           1           65.1917   
      2134:     64020.000000           1           65.1902   
      2135:     64050.000000           1           65.1924   
      2136:     64080.000000           1           65.1910   
      2137:     64110.000000           1           65.1920   
      2138:     64140.000000           1           65.1903   
      2139:     64170.000000           1           65.1883   
      2140:     64200.000000           1           65.1844   
      2141:     64230.000000           1           65.1768   
      2142:     64260.000000           1           65.1738   
      2143:     64290.000000           1           65.1723   
      2144:     64320.000000           1           65.1692   
      2145:     64350.000000           1           65.1645   
      2146:     64380.000000           1           65.1604   
      2147:     64410.000000           1           65.1574   
      2148:     64440.000000           1           65.1546   
      2149:     64470.000000           1           65.1531   
      2150:     64500.000000           1           65.1565   
      2151:     64530.000000           1           65.1592   
      2152:     64560.000000           1           65.1632   
      2153:     64590.000000           1           65.1655   
      2154:     64620.000000           1           65.1694   
      2155:     64650.000000           1           65.1677   
      2156:     64680.000000           1           65.1704   
      2157:     64710.000000           1           65.1709   
      2158:     64740.000000           1           65.1737   
      2159:     64770.000000           1           65.1808   
      2160:     64800.000000           1           65.1838   
      2161:     64830.000000           1           65.1870   
      2162:     64860.000000           1           65.1957   
      2163:     64890.000000           1           65.1975   
      2164:     64920.000000           1           65.1965   
      2165:     64950.000000           1           65.1983   
      2166:     64980.000000           1           65.1966   
      2167:     65010.000000           1           65.1975   
      2168:     65040.000000           1           65.1929   
      2169:     65070.000000           1         -254.6862   
      2170:     65100.000000           1         -254.6673   
      2171:     65130.000000           1           65.1986   
      2172:     65160.000000           1         -254.6227   
      2173:     65190.000000           1         -254.5999   
      2174:     65220.000000           1         -254.5794   
      2175:     65250.000000           1         -254.5731   
      2176:     65280.000000           1         -254.5735   
      2177:     65310.000000           1         -254.5676   
      2178:     65340.000000           1         -254.5632   
      2179:     65370.000000           1         -254.5634   
      2180:     65400.000000           1         -254.5571   
      2181:     65430.000000           1         -254.5534   
      2182:     65460.000000           1         -254.5424   
      2183:     65490.000000           1         -254.5286   
      2184:     65520.000000           1         -254.5164   
      2185:     65550.000000           1         -329.4382   
      2186:     65580.000000           1         -329.4373   
      2187:     65610.000000           1         -296.4932   
      2188:     65640.000000           1         -296.5883   
      2189:     65670.000000           1         -329.4286   
      2190:     65700.000000           1         -296.4277   
      2191:     65730.000000           1         -296.3763   
      2192:     65760.000000           1         -296.3783   
      2193:     65790.000000           1         -296.3811   
      2194:     65820.000000           1         -296.4015   
      2195:     65850.000000           1         -296.4089   
      2196:     65880.000000           1         -296.4270   
      2197:     65910.000000           1         -296.4190   
      2198:     65940.000000           1         -296.4154   
      2199:     65970.000000           1         -296.4074   
      2200:     66000.000000           1         -296.3848   
      2201:     66030.000000           1         -296.3613   
      2202:     66060.000000           1         -296.3533   
      2203:     66090.000000           1         -296.3522   
      2204:     66120.000000           1         -296.3616   
      2205:     66150.000000           1         -329.4116   
      2206:     66180.000000           1         -296.4420   
      2207:     66210.000000           1         -296.3994   
      2208:     66240.000000           1         -296.4599   
      2209:     66270.000000           1         -296.5006   
      2210:     66300.000000           1         -296.5008   
      2211:     66330.000000           1         -296.4698   
      2212:     66360.000000           1         -296.4671   
      2213:     66390.000000           1         -296.4859   
      2214:     66420.000000           1         -296.4917   
      2215:     66450.000000           1         -296.4865   
      2216:     66480.000000           1         -296.4866   
      2217:     66510.000000           1         -296.4809   
      2218:     66540.000000           1         -296.4745   
      2219:     66570.000000           1         -329.4073   
      2220:     66600.000000           1          170.6847   
      2221:     66630.000000           1         -329.4037   
      2222:     66660.000000           1         -329.4013   
      2223:     66690.000000           1         -329.3987   
      2224:     66720.000000           1         -329.3989   
      2225:     66750.000000           1         -329.3991   
      2226:     66780.000000           1         -329.4029   
      2227:     66810.000000           1         -329.4010   
      2228:     66840.000000           1         -329.4042   
      2229:     66870.000000           1         -329.4036   
      2230:     66900.000000           1         -329.4029   
      2231:     66930.000000           1         -329.4030   
      2232:     66960.000000           1         -329.4043   
      2233:     66990.000000           1         -329.4013   
      2234:     67020.000000           1         -329.4026   
      2235:     67050.000000           1          170.6252   
      2236:     67080.000000           1          170.6216   
      2237:     67110.000000           1          170.6178   
      2238:     67140.000000           1          170.6153   
      2239:     67170.000000           1          170.6124   
      2240:     67200.000000           1          170.6130   
      2241:     67230.000000           1          170.6149   
      2242:     67260.000000           1          170.6115   
      2243:     67290.000000           1          170.6111   
      2244:     67320.000000           1          170.6113   
      2245:     67350.000000           1         -329.4080   
      2246:     67380.000000           1         -329.4068   
      2247:     67410.000000           1         -329.4064   
      2248:     67440.000000           1         -329.4090   
      2249:     67470.000000           1         -329.4096   
      2250:     67500.000000           1         -329.4084   
      2251:     67530.000000           1         -329.4092   
      2252:     67560.000000           1         -329.4064   
      2253:     67590.000000           1         -329.4082   
      2254:     67620.000000           1         -329.4086   
      2255:     67650.000000           1         -329.4049   
      2256:     67680.000000           1         -329.4048   
      2257:     67710.000000           1         -329.4030   
      2258:     67740.000000           1         -329.4014   
      2259:     67770.000000           1         -329.4015   
      2260:     67800.000000           1         -329.4002   
      2261:     67830.000000           1           65.2758   
      2262:     67860.000000           1           65.2774   
      2263:     67890.000000           1           65.2823   
      2264:     67920.000000           1           65.2777   
      2265:     67950.000000           1           65.2764   
      2266:     67980.000000           1           65.2771   
      2267:     68010.000000           1           65.2739   
      2268:     68040.000000           1           65.2768   
      2269:     68070.000000           1           65.2770   
      2270:     68100.000000           1           65.2752   
      2271:     68130.000000           1           65.2761   
      2272:     68160.000000           1           65.2776   
      2273:     68190.000000           1           65.2750   
      2274:     68220.000000           1           65.2779   
      2275:     68250.000000           1           65.2771   
      2276:     68280.000000           1           65.2775   
      2277:     68310.000000           1           65.2744   
      2278:     68340.000000           1           65.2757   
      2279:     68370.000000           1           65.2769   
      2280:     68400.000000           1           65.2747   
      2281:     68430.000000           1           65.2765   
      2282:     68460.000000           1           65.2767   
      2283:     68490.000000           1           65.2757   
      2284:     68520.000000           1           65.2732   
      2285:     68550.000000           1           65.2726   
      2286:     68580.000000           1           65.2721   
      2287:     68610.000000           1         -329.4036   
      2288:     68640.000000           1         -329.4000   
      2289:     68670.000000           1         -329.4016   
      2290:     68700.000000           1         -329.4052   
      2291:     68730.000000           1         -329.4101   
      2292:     68760.000000           1         -329.4115   
      2293:     68790.000000           1         -329.4120   
      2294:     68820.000000           1         -329.4122   
      2295:     68850.000000           1         -329.4110   
      2296:     68880.000000           1         -329.4108   
      2297:     68910.000000           1         -329.4096   
      2298:     68940.000000           1         -329.4106   
      2299:     68970.000000           1         -329.4103   
      2300:     69000.000000           1         -329.4089   
      2301:     69030.000000           1         -329.4053   
      2302:     69060.000000           1         -329.4020   
      2303:     69090.000000           1         -329.3982   
      2304:     69120.000000           1         -329.3980   
      2305:     69150.000000           1         -329.4014   
      2306:     69180.000000           1         -329.4060   
      2307:     69210.000000           1         -329.4084   
      2308:     69240.000000           1         -329.4086   
      2309:     69270.000000           1         -329.4090   
      2310:     69300.000000           1         -329.4091   
      2311:     69330.000000           1         -329.4082   
      2312:     69360.000000           1         -329.4082   
      2313:     69390.000000           1         -329.4085   
      2314:     69420.000000           1         -329.4103   
      2315:     69450.000000           1         -329.4136   
      2316:     69480.000000           1         -329.4153   
      2317:     69510.000000           1         -329.4143   
      2318:     69540.000000           1         -329.4144   
      2319:     69570.000000           1         -329.4164   
      2320:     69600.000000           1         -329.4171   
      2321:     69630.000000           1           65.2501   
      2322:     69660.000000           1           65.2527   
      2323:     69690.000000           1           65.2499   
      2324:     69720.000000           1           65.2515   
      2325:     69750.000000           1           65.2509   
      2326:     69780.000000           1           65.2510   
      2327:     69810.000000           1           65.2494   
      2328:     69840.000000           1           65.2495   
      2329:     69870.000000           1           65.2453   
      2330:     69900.000000           1           65.2430   
      2331:     69930.000000           1           65.2432   
      2332:     69960.000000           1           65.2398   
      2333:     69990.000000           1           65.2426   
      2334:     70020.000000           1           65.2438   
      2335:     70050.000000           1           65.2448   
      2336:     70080.000000           1           65.2462   
      2337:     70110.000000           1           65.2485   
      2338:     70140.000000           1          170.4947   
      2339:     70170.000000           1           65.2468   
      2340:     70200.000000           1           65.2569   
      2341:     70230.000000           1           65.2508   
      2342:     70260.000000           1           65.2530   
      2343:     70290.000000           1           65.2491   
      2344:     70320.000000           1           65.2505   
      2345:     70350.000000           1           65.2499   
      2346:     70380.000000           1           65.2496   
      2347:     70410.000000           1           65.2460   
      2348:     70440.000000           1           65.2441   
      2349:     70470.000000           1           65.2400   
      2350:     70500.000000           1           65.2393   
      2351:     70530.000000           1           65.2366   
      2352:     70560.000000           1         -330.5214   
      2353:     70590.000000           1         -330.5155   
      2354:     70620.000000           1         -330.5118   
      2355:     70650.000000           1         -330.5031   
      2356:     70680.000000           1         -330.4896   
      2357:     70710.000000           1         -330.4753   
      2358:     70740.000000           1         -330.4710   
      2359:     70770.000000           1         -330.4654   
      2360:     70800.000000           1         -330.4703   
      2361:     70830.000000           1         -330.4705   
      2362:     70860.000000           1         -330.4751   
      2363:     70890.000000           1         -330.4775   
      2364:     70920.000000           1         -330.4831   
      2365:     70950.000000           1         -330.4820   
      2366:     70980.000000           1         -330.4808   
      2367:     71010.000000           1         -330.4780   
      2368:     71040.000000           1         -330.4772   
      2369:     71070.000000           1         -330.4784   
      2370:     71100.000000           1         -330.4776   
      2371:     71130.000000           1         -330.4749   
      2372:     71160.000000           1         -330.4718   
      2373:     71190.000000           1         -330.4691   
      2374:     71220.000000           1         -330.4665   
      2375:     71250.000000           1         -330.4635   
      2376:     71280.000000           1         -330.4631   
      2377:     71310.000000           1         -330.4670   
      2378:     71340.000000           1         -330.4674   
      2379:     71370.000000           1         -330.4699   
      2380:     71400.000000           1         -330.4750   
      2381:     71430.000000           1         -330.4806   
      2382:     71460.000000           1         -330.4820   
      2383:     71490.000000           1         -330.4847   
      2384:     71520.000000           1         -330.4860   
      2385:     71550.000000           1         -330.4867   
      2386:     71580.000000           1         -330.4898   
      2387:     71610.000000           1         -330.4875   
      2388:     71640.000000           1         -330.4904   
      2389:     71670.000000           1         -330.4890   
      2390:     71700.000000           1         -330.4883   
      2391:     71730.000000           1         -330.4894   
      2392:     71760.000000           1         -330.4895   
      2393:     71790.000000           1         -330.4903   
      2394:     71820.000000           1         -330.4890   
      2395:     71850.000000           1         -330.4875   
      2396:     71880.000000           1         -330.4838   
      2397:     71910.000000           1         -330.4827   
      2398:     71940.000000           1         -330.4829   
      2399:     71970.000000           1         -330.4807   
      2400:     72000.000000           1         -330.4808   
      2401:     72030.000000           1          170.4955   
      2402:     72060.000000           1          170.4948   
      2403:     72090.000000           1          170.4930   
      2404:     72120.000000           1          170.4915   
      2405:     72150.000000           1          170.4892   
      2406:     72180.000000           1          170.4890   
      2407:     72210.000000           1          170.4874   
      2408:     72240.000000           1          170.4849   
      2409:     72270.000000           1          170.4839   
      2410:     72300.000000           1          170.4823   
      2411:     72330.000000           1          170.4843   
      2412:     72360.000000           1         -191.6013   
      2413:     72390.000000           1          170.4833   
      2414:     72420.000000           1         -191.6010   
      2415:     72450.000000           1         -191.5990   
      2416:     72480.000000           1         -191.5982   
      2417:     72510.000000           1         -191.5999   
      2418:     72540.000000           1         -191.6006   
      2419:     72570.000000           1         -191.6057   
      2420:     72600.000000           1         -191.6078   
      2421:     72630.000000           1         -191.6088   
      2422:     72660.000000           1          170.4646   
      2423:     72690.000000           1          170.4649   
      2424:     72720.000000           1          170.4631   
      2425:     72750.000000           1          170.4625   
      2426:     72780.000000           1          170.4607   
      2427:     72810.000000           1          170.4620   
      2428:     72840.000000           1          170.4597   
      2429:     72870.000000           1          170.4575   
      2430:     72900.000000           1          170.4577   
      2431:     72930.000000           1          170.4562   
      2432:     72960.000000           1          170.4555   
      2433:     72990.000000           1          170.4576   
      2434:     73020.000000           1          170.4554   
      2435:     73050.000000           1          170.4532   
      2436:     73080.000000           1          170.4543   
      2437:     73110.000000           1          170.4550   
      2438:     73140.000000           1          170.4562   
      2439:     73170.000000           1          170.4538   
      2440:     73200.000000           1          170.4511   
      2441:     73230.000000           1          170.4499   
      2442:     73260.000000           1          170.4472   
      2443:     73290.000000           1          170.4462   
      2444:     73320.000000           1          170.4416   
      2445:     73350.000000           1          170.4376   
      2446:     73380.000000           1          170.4332   
      2447:     73410.000000           1          170.4305   
      2448:     73440.000000           1          170.4286   
      2449:     73470.000000           1          170.4283   
      2450:     73500.000000           1          170.4309   
      2451:     73530.000000           1           65.2008   
      2452:     73560.000000           1           65.1992   
      2453:     73590.000000           1           65.1945   
      2454:     73620.000000           1           65.1917   
      2455:     73650.000000           1           65.1918   
      2456:     73680.000000           1           65.1904   
      2457:     73710.000000           1           65.1903   
      2458:     73740.000000           1           65.1897   
      2459:     73770.000000           1           65.1880   
      2460:     73800.000000           1           65.1895   
      2461:     73830.000000           1           65.1891   
      2462:     73860.000000           1           65.1878   
      2463:     73890.000000           1           65.1869   
      2464:     73920.000000           1           65.1848   
      2465:     73950.000000           1           65.1809   
      2466:     73980.000000           1           65.1779   
      2467:     74010.000000           1           65.1773   
      2468:     74040.000000           1           65.1786   
      2469:     74070.000000           1           65.1798   
      2470:     74100.000000           1           65.1789   
      2471:     74130.000000           1           65.1766   
      2472:     74160.000000           1           65.1744   
      2473:     74190.000000           1           65.1719   
      2474:     74220.000000           1           65.1705   
      2475:     74250.000000           1           65.1709   
      2476:     74280.000000           1           65.1680   
      2477:     74310.000000           1           65.1681   
      2478:     74340.000000           1           65.1650   
      2479:     74370.000000           1           65.1641   
      2480:     74400.000000           1           65.1580   
      2481:     74430.000000           1           65.1543   
      2482:     74460.000000           1           65.1525   
      2483:     74490.000000           1           65.1516   
      2484:     74520.000000           1           65.1497   
      2485:     74550.000000           1           65.1495   
      2486:     74580.000000           1           65.1449   
      2487:     74610.000000           1           65.1430   
      2488:     74640.000000           1           65.1376   
      2489:     74670.000000           1           65.1353   
      2490:     74700.000000           1           65.1326   
      2491:     74730.000000           1           65.1314   
      2492:     74760.000000           1           65.1284   
      2493:     74790.000000           1           65.1265   
      2494:     74820.000000           1           65.1248   
      2495:     74850.000000           1           65.1239   
      2496:     74880.000000           1           65.1225   
      2497:     74910.000000           1           65.1196   
      2498:     74940.000000           1           65.1165   
      2499:     74970.000000           1           65.1156   
      2500:     75000.000000           1           65.1150   
      2501:     75030.000000           1           65.1122   
      2502:     75060.000000           1           65.1094   
      2503:     75090.000000           1           65.1056   
      2504:     75120.000000           1           65.1009   
      2505:     75150.000000           1           65.0984   
      2506:     75180.000000           1           65.0943   
      2507:     75210.000000           1           65.0923   
      2508:     75240.000000           1           65.0935   
      2509:     75270.000000           1           65.0899   
      2510:     75300.000000           1           65.0826   
      2511:     75330.000000           1           65.0794   
      2512:     75360.000000           1           65.0783   
      2513:     75390.000000           1          170.3083   
      2514:     75420.000000           1           65.0739   
      2515:     75450.000000           1           65.0712   
      2516:     75480.000000           1           65.0683   
      2517:     75510.000000           1           65.0673   
      2518:     75540.000000           1           65.0681   
      2519:     75570.000000           1           65.0648   
      2520:     75600.000000           1           65.0622   
      2521:     75630.000000           1           65.0618   
      2522:     75660.000000           1           65.0608   
      2523:     75690.000000           1           65.0583   
      2524:     75720.000000           1           65.0560   
      2525:     75750.000000           1           65.0527   
      2526:     75780.000000           1           65.0501   
      2527:     75810.000000           1           65.0489   
      2528:     75840.000000           1           65.0471   
      2529:     75870.000000           1           65.0433   
      2530:     75900.000000           1           65.0429   
      2531:     75930.000000           1           65.0388   
      2532:     75960.000000           1           65.0388   
      2533:     75990.000000           1           65.0382   
      2534:     76020.000000           1           65.0332   
      2535:     76050.000000           1           65.0320   
      2536:     76080.000000           1           65.0291   
      2537:     76110.000000           1           65.0277   
      2538:     76140.000000           1           65.0247   
      2539:     76170.000000           1           65.0257   
      2540:     76200.000000           1           65.0232   
      2541:     76230.000000           1           65.0159   
      2542:     76260.000000           1           65.0138   
      2543:     76290.000000           1           65.0106   
      2544:     76320.000000           1           65.0099   
      2545:     76350.000000           1           65.0075   
      2546:     76380.000000           1           65.0053   
      2547:     76410.000000           1           65.0042   
      2548:     76440.000000           1           65.0039   
      2549:     76470.000000           1           65.0000   
      2550:     76500.000000           1           64.9962   
      2551:     76530.000000           1           64.9957   
      2552:     76560.000000           1           64.9960   
      2553:     76590.000000           1           64.9946   
      2554:     76620.000000           1           64.9921   
      2555:     76650.000000           1           64.9900   
      2556:     76680.000000           1           64.9879   
      2557:     76710.000000           1           64.9882   
      2558:     76740.000000           1           64.9867   
      2559:     76770.000000           1           64.9863   
      2560:     76800.000000           1           64.9836   
      2561:     76830.000000           1           64.9803   
      2562:     76860.000000           1           64.9767   
      2563:     76890.000000           1           64.9768   
      2564:     76920.000000           1           64.9730   
      2565:     76950.000000           1           64.9702   
      2566:     76980.000000           1           64.9668   
      2567:     77010.000000           1           64.9645   
      2568:     77040.000000           1           64.9605   
      2569:     77070.000000           1           64.9567   
      2570:     77100.000000           1           64.9537   
      2571:     77130.000000           1           64.9488   
      2572:     77160.000000           1           64.9458   
      2573:     77190.000000           1           64.9402   
      2574:     77220.000000           1           64.9377   
      2575:     77250.000000           1           64.9354   
      2576:     77280.000000           1           64.9326   
      2577:     77310.000000           1           64.9291   
      2578:     77340.000000           1           64.9234   
      2579:     77370.000000           1           64.9176   
      2580:     77400.000000           1           64.9133   
      2581:     77430.000000           1           64.9104   
      2582:     77460.000000           1           64.9063   
      2583:     77490.000000           1           64.9038   
      2584:     77520.000000           1           64.9008   
      2585:     77550.000000           1           64.8994   
      2586:     77580.000000           1           64.8974   
      2587:     77610.000000           1           64.8961   
      2588:     77640.000000           1           64.8952   
      2589:     77670.000000           1           64.8918   
      2590:     77700.000000           1           64.8917   
      2591:     77730.000000           1           64.8911   
      2592:     77760.000000           1           64.8879   
      2593:     77790.000000           1           64.8843   
      2594:     77820.000000           1           64.8827   
      2595:     77850.000000           1           64.8814   
      2596:     77880.000000           1           64.8821   
      2597:     77910.000000           1           64.8796   
      2598:     77940.000000           1           64.8770   
      2599:     77970.000000           1           64.8738   
      2600:     78000.000000           1           64.8714   
      2601:     78030.000000           1           64.8679   
      2602:     78060.000000           1           64.8657   
      2603:     78090.000000           1           64.8622   
      2604:     78120.000000           1           64.8597   
      2605:     78150.000000           1           64.8540   
      2606:     78180.000000           1           64.8487   
      2607:     78210.000000           1           64.8430   
      2608:     78240.000000           1           64.8400   
      2609:     78270.000000           1           64.8379   
      2610:     78300.000000           1           64.8340   
      2611:     78330.000000           1           64.8302   
      2612:     78360.000000           1           64.8273   
      2613:     78390.000000           1           64.8268   
      2614:     78420.000000           1           64.8270   
      2615:     78450.000000           1           64.8274   
      2616:     78480.000000           1           64.8258   
      2617:     78510.000000           1           64.8247   
      2618:     78540.000000           1           64.8236   
      2619:     78570.000000           1           64.8222   
      2620:     78600.000000           1           64.8175   
      2621:     78630.000000           1           64.8133   
      2622:     78660.000000           1           64.8084   
      2623:     78690.000000           1           64.8045   
      2624:     78720.000000           1           64.7985   
      2625:     78750.000000           1           64.7925   
      2626:     78780.000000           1           64.7872   
      2627:     78810.000000           1           64.7820   
      2628:     78840.000000           1           64.7787   
      2629:     78870.000000           1           64.7741   
      2630:     78900.000000           1           64.7697   
      2631:     78930.000000           1           64.7668   
      2632:     78960.000000           1           64.7649   
      2633:     78990.000000           1           64.7640   
      2634:     79020.000000           1           64.7636   
      2635:     79050.000000           1           64.7617   
      2636:     79080.000000           1           64.7606   
      2637:     79110.000000           1           64.7586   
      2638:     79140.000000           1           64.7576   
      2639:     79170.000000           1           64.7545   
      2640:     79200.000000           1           64.7492   
      2641:     79230.000000           1           64.7465   
      2642:     79260.000000           1           64.7416   
      2643:     79290.000000           1           64.7360   
      2644:     79320.000000           1           64.7327   
      2645:     79350.000000           1           64.7287   
      2646:     79380.000000           1           64.7252   
      2647:     79410.000000           1           64.7224   
      2648:     79440.000000           1           64.7192   
      2649:     79470.000000           1           64.7151   
      2650:     79500.000000           1           64.7129   
      2651:     79530.000000           1           64.7097   
      2652:     79560.000000           1           64.7065   
      2653:     79590.000000           1           64.7033   
      2654:     79620.000000           1           64.6995   
      2655:     79650.000000           1           64.6949   
      2656:     79680.000000           1           64.6909   
      2657:     79710.000000           1           64.6847   
      2658:     79740.000000           1           64.6838   
      2659:     79770.000000           1          169.9088   
      2660:     79800.000000           1          169.9073   
      2661:     79830.000000           1          169.9027   
      2662:     79860.000000           1          169.9000   
      2663:     79890.000000           1          169.8940   
      2664:     79920.000000           1          169.8906   
      2665:     79950.000000           1          169.8877   
      2666:     79980.000000           1          169.8846   
      2667:     80010.000000           1          169.8802   
      2668:     80040.000000           1          169.8778   
      2669:     80070.000000           1          169.8731   
      2670:     80100.000000           1          169.8712   
      2671:     80130.000000           1          169.8687   
      2672:     80160.000000           1          169.8673   
      2673:     80190.000000           1          169.8633   
      2674:     80220.000000           1          169.8616   
      2675:     80250.000000           1          169.8565   
      2676:     80280.000000           1          169.8540   
      2677:     80310.000000           1          169.8499   
      2678:     80340.000000           1          169.8484   
      2679:     80370.000000           1          169.8453   
      2680:     80400.000000           1          169.8421   
      2681:     80430.000000           1          169.8393   
      2682:     80460.000000           1          169.8350   
      2683:     80490.000000           1          169.8337   
      2684:     80520.000000           1          169.8311   
      2685:     80550.000000           1          169.8286   
      2686:     80580.000000           1          169.8256   
      2687:     80610.000000           1          169.8211   
      2688:     80640.000000           1          169.8185   
      2689:     80670.000000           1          169.8164   
      2690:     80700.000000           1          169.8134   
      2691:     80730.000000           1          169.8112   
      2692:     80760.000000           1          169.8062   
      2693:     80790.000000           1          169.8019   
      2694:     80820.000000           1          169.8000   
      2695:     80850.000000           1          169.7952   
      2696:     80880.000000           1          169.7929   
      2697:     80910.000000           1          169.7908   
