         0:    432000.000000           1    275281392.6528   
         1:    432030.000000           1    275281388.4316   
         2:    432060.000000           1    275281387.1847   
         3:    432090.000000           1    275281383.6854   
         4:    432120.000000           1    275281383.5887   
         5:    432150.000000           1    275281383.7464   
         6:    432180.000000           1    275281385.9459   
         7:    432210.000000           1    275281387.5408   
         8:    432240.000000           1    275281389.5442   
         9:    432270.000000           1    275281390.2817   
        10:    432300.000000           1    275281389.6592   
        11:    432330.000000           1    275281388.9745   
        12:    432360.000000           1    275281389.4876   
        13:    432390.000000           1    275281389.5977   
        14:    432420.000000           1    275281390.0553   
        15:    432450.000000           1    275281390.1577   
        16:    432480.000000           1    275281390.2725   
        17:    432510.000000           1    243700676.4230   
        18:    432540.000000           1    275281390.7267   
        19:    432570.000000           1    275281390.8791   
        20:    432600.000000           1    275281391.1050   
        21:    432630.000000           1    275281391.4664   
        22:    432660.000000           1    275281392.0815   
        23:    432690.000000           1    275281392.3147   
        24:    432720.000000           1    275281392.6356   
        25:    432750.000000           1    275281392.8824   
        26:    432780.000000           1    275281393.2731   
        27:    432810.000000           1    275281393.4963   
        28:    432840.000000           1    275281393.3715   
        29:    432870.000000           1    275281394.2012   
        30:    432900.000000           1    275281394.2461   
        31:    432930.000000           1    275281394.2487   
        32:    432960.000000           1    275281394.2757   
        33:    432990.000000           1    275281394.3962   
        34:    433020.000000           1    275281394.5885   
        35:    433050.000000           1    275281394.6913   
        36:    433080.000000           1    275281394.5145   
        37:    433110.000000           1    243700662.8404   
        38:    433140.000000           1    243700663.0511   
        39:    433170.000000           1    243700663.1651   
        40:    433200.000000           1    243700663.0218   
        41:    433230.000000           1    243700662.9523   
        42:    433260.000000           1    243700662.8056   
        43:    433290.000000           1    243700662.9041   
        44:    433320.000000           1    243700663.1908   
        45:    433350.000000           1    243700663.3901   
        46:    433380.000000           1    243700663.3760   
        47:    433410.000000           1    243700663.3138   
        48:    433440.000000           1    243700663.2161   
        49:    433470.000000           1    243700663.1982   
        50:    433500.000000           1    243700663.2318   
        51:    433530.000000           1    243700663.2408   
        52:    433560.000000           1    243700663.2770   
        53:    433590.000000           1    243700663.2562   
        54:    433620.000000           1    243700663.1935   
        55:    433650.000000           1    243700663.0571   
        56:    433680.000000           1    243700662.7672   
        57:    433710.000000           1    275281393.7318   
        58:    433740.000000           1    275281393.6102   
        59:    433770.000000           1    275281393.5398   
        60:    433800.000000           1    275281393.4425   
        61:    433830.000000           1    243700662.6307   
        62:    433860.000000           1    275281393.2547   
        63:    433890.000000           1    275281393.1494   
        64:    433920.000000           1    275281393.0758   
        65:    433950.000000           1    275281393.0176   
        66:    433980.000000           1    275281392.9487   
        67:    434010.000000           1    275281392.9285   
        68:    434040.000000           1    275281392.8784   
        69:    434070.000000           1    275281392.8544   
        70:    434100.000000           1    275281392.7975   
        71:    434130.000000           1    275281392.7525   
        72:    434160.000000           1    275281392.6513   
        73:    434190.000000           1    275281392.5352   
        74:    434220.000000           1    275281392.5112   
        75:    434250.000000           1    275281392.4456   
        76:    434280.000000           1    275281392.3944   
        77:    434310.000000           1    275281392.3384   
        78:    434340.000000           1    275281392.1943   
        79:    434370.000000           1    275281392.1931   
        80:    434400.000000           1    275281392.1544   
        81:    434430.000000           1    275281392.1052   
        82:    434460.000000           1    275281392.1035   
        83:    434490.000000           1    275281392.0539   
        84:    434520.000000           1    275281391.9791   
        85:    434550.000000           1    275281391.9671   
        86:    434580.000000           1    275281391.9068   
        87:    434610.000000           1    275281391.8573   
        88:    434640.000000           1    275281391.8196   
        89:    434670.000000           1    275281391.7840   
        90:    434700.000000           1    275281391.7944   
        91:    434730.000000           1    275281391.7157   
        92:    434760.000000           1    275281391.6960   
        93:    434790.000000           1    275281391.6751   
        94:    434820.000000           1    275281391.6517   
        95:    434850.000000           1    275281391.6218   
        96:    434880.000000           1    275281391.5693   
        97:    434910.000000           1    275281391.5900   
        98:    434940.000000           1    275281391.5744   
        99:    434970.000000           1    275281391.5222   
       100:    435000.000000           1    275281391.5216   
       101:    435030.000000           1    275281391.4987   
       102:    435060.000000           1    275281391.5157   
       103:    435090.000000           1    275281391.5215   
       104:    435120.000000           1    275281391.5358   
       105:    435150.000000           1    275281391.5497   
       106:    435180.000000           1    275281391.5557   
       107:    435210.000000           1    275281391.5764   
       108:    435240.000000           1    275281391.5668   
       109:    435270.000000           1    275281391.5495   
       110:    435300.000000           1    275281391.5395   
       111:    435330.000000           1    275281391.5303   
       112:    435360.000000           1    275281391.5260   
       113:    435390.000000           1    275281391.5739   
       114:    435420.000000           1    275281391.5353   
       115:    435450.000000           1    275281391.5100   
       116:    435480.000000           1    275281391.5154   
       117:    435510.000000           1    275281391.5100   
       118:    435540.000000           1    275281391.4812   
       119:    435570.000000           1    275281391.4493   
       120:    435600.000000           1    275281391.3905   
       121:    435630.000000           1    275281391.3788   
       122:    435660.000000           1    275281391.3361   
       123:    435690.000000           1    275281391.3180   
       124:    435720.000000           1    275281391.2497   
       904:    459120.000000           1    231088554.8063   
       905:    459150.000000           1    231106647.4928   
       906:    459180.000000           1    231124684.4264   
       908:    459240.000000           1    196930799.0118   
       909:    459270.000000           1    196962215.4911   
       910:    459300.000000           1    196993589.9807   
       911:    459330.000000           1    197024904.5112   
       912:    459360.000000           1    197084091.3254   
       913:    459390.000000           1    197112801.5490   
       914:    459420.000000           1    197142063.9026   
       915:    459450.000000           1    197171655.1926   
       916:    459480.000000           1    197201434.7541   
       917:    459510.000000           1    197231308.1477   
       918:    459540.000000           1    197261208.7555   
       919:    459570.000000           1    197291087.4842   
       920:    459600.000000           1    197320906.8168   
       921:    459630.000000           1    197350637.4504   
       922:    459660.000000           1    197380255.8312   
       923:    459690.000000           1    197409742.7405   
       924:    459720.000000           1    197439082.3476   
       925:    459750.000000           1    197468261.4424   
       926:    459780.000000           1    197497268.9717   
       927:    459810.000000           1    197526095.6335   
       928:    459840.000000           1    197554733.5976   
       929:    459870.000000           1    197583176.3617   
       930:    459900.000000           1    197611418.3838   
       931:    459930.000000           1    197639455.2032   
       932:    459960.000000           1    197667283.1580   
       933:    459990.000000           1    197694899.3341   
       934:    460020.000000           1    197722301.4109   
       935:    460050.000000           1    197749487.7223   
       936:    460080.000000           1    197776457.1071   
       937:    460110.000000           1    197803208.8595   
       938:    460140.000000           1    197829742.6494   
       939:    460170.000000           1    197856058.5644   
       940:    460200.000000           1    197882156.9986   
       941:    460230.000000           1    197908038.6488   
       942:    460260.000000           1    197933704.4724   
       943:    460290.000000           1    197959155.6194   
       944:    460320.000000           1    197984393.4661   
       945:    460350.000000           1    198009419.5561   
       946:    460380.000000           1    198034235.5778   
       947:    460410.000000           1    198058843.3581   
       948:    460440.000000           1    198102564.8854   
       949:    460470.000000           1    198124105.2395   
       950:    460500.000000           1    198145580.0825   
       951:    460530.000000           1    198166989.9425   
       952:    460560.000000           1    198188335.0590   
       953:    460590.000000           1    198209615.4234   
       954:    460620.000000           1    198230830.7885   
       955:    460650.000000           1    198251980.7081   
       956:    460680.000000           1    198273064.5115   
       957:    460710.000000           1    198294081.4131   
       958:    460740.000000           1    198315030.4318   
       959:    460770.000000           1    198335910.5238   
       960:    460800.000000           1    198356720.5358   
       961:    460830.000000           1    198377459.2122   
       962:    460860.000000           1    198398125.2731   
       963:    460890.000000           1    198418717.3526   
       964:    460920.000000           1    198439234.0771   
       965:    460950.000000           1    198459674.0167   
       966:    460980.000000           1    198480035.7437   
       967:    461010.000000           1    210058326.3726   
       968:    461040.000000           1    198631329.2709   
       969:    461070.000000           1    198649841.6856   
       970:    461100.000000           1    198668316.5866   
       971:    461130.000000           1    198686750.1539   
       972:    461160.000000           1    198705138.9371   
       973:    461190.000000           1    198723479.6848   
       974:    461220.000000           1    198741769.3144   
       975:    461250.000000           1    198774715.3719   
       976:    461280.000000           1    198791081.4386   
       977:    461310.000000           1    198807492.4210   
       978:    461340.000000           1    198823935.2015   
       979:    461370.000000           1    198840400.4240   
       980:    461400.000000           1    198856880.9457   
       981:    461430.000000           1    198873371.1904   
       982:    461460.000000           1    198889866.6878   
       983:    461490.000000           1    198906363.6627   
       984:    461520.000000           1    198938790.6490   
       985:    461550.000000           1    198971535.0633   
       986:    461580.000000           1    198987831.2245   
       987:    461610.000000           1    199055038.8059   
       988:    461640.000000           1    199185649.4704   
       989:    461670.000000           1    210752151.5166   
       990:    461700.000000           1    199484096.6160   
       991:    461730.000000           1    199549406.4882   
       992:    461760.000000           1    199614554.1309   
       993:    461790.000000           1    199679536.6626   
       994:    461820.000000           1    199744352.2058   
       995:    461850.000000           1    199808999.3713   
       996:    461880.000000           1    199873476.8306   
       997:    461910.000000           1    199937783.4942   
       998:    461940.000000           1    200001918.3030   
       999:    461970.000000           1    200065880.2472   
      1000:    462000.000000           1    200129668.4244   
      1001:    462030.000000           1    200193281.9303   
      1002:    462060.000000           1    200256719.8977   
      1003:    462090.000000           1    200319981.5417   
      1004:    462120.000000           1    200383066.0949   
      1005:    462150.000000           1    200445972.8277   
      1006:    462180.000000           1    200508701.0898   
      1007:    462210.000000           1    200571250.2090   
      1008:    462240.000000           1    200633619.5442   
      1009:    462270.000000           1    200695808.5295   
      1010:    462300.000000           1    200757816.6246   
      1011:    462330.000000           1    200819643.2958   
      1012:    462360.000000           1    200881288.0533   
      1013:    462390.000000           1    200942750.4112   
      1014:    462420.000000           1    201004029.8991   
      1015:    462450.000000           1    201065126.0987   
      1016:    462480.000000           1    201126038.6124   
      1017:    462510.000000           1    212602647.3654   
      1018:    462540.000000           1    212663554.2277   
      1019:    462570.000000           1    212784431.8996   
      1020:    462600.000000           1    201485817.1417   
      1021:    462630.000000           1    213025664.2901   
      1022:    462660.000000           1    201722173.6891   
      1023:    462690.000000           1    201781034.4791   
      1024:    462720.000000           1    201839745.4165   
      1025:    462750.000000           1    201898307.1564   
      1026:    462780.000000           1    201956720.2701   
      1027:    462810.000000           1    202014985.3473   
      1028:    462840.000000           1    202130591.7280   
      1029:    462870.000000           1    202188174.7104   
      1030:    462900.000000           1    202245618.8401   
      1031:    462930.000000           1    202302923.6978   
      1032:    462960.000000           1    202360088.8420   
      1033:    462990.000000           1    202417113.8108   
      1034:    463020.000000           1    202473998.1531   
      1035:    463050.000000           1    202530741.3982   
      1036:    463080.000000           1    202587343.0943   
      1037:    463110.000000           1    202643802.7868   
      1038:    463140.000000           1    202700120.0250   
      1039:    463170.000000           1    202756294.3602   
      1040:    463200.000000           1    202812325.3761   
      1041:    463230.000000           1    202922481.3490   
      1042:    463260.000000           1    203035631.8055   
      1043:    463290.000000           1    203091998.7259   
      1044:    463320.000000           1    203148229.7978   
      1045:    463350.000000           1    203204324.0366   
      1046:    463380.000000           1    203260280.4617   
      1047:    463410.000000           1    203316098.1016   
      1048:    463440.000000           1    203371775.9779   
      1049:    463470.000000           1    203427313.1446   
      1050:    463500.000000           1    203482708.6855   
      1051:    463530.000000           1    203537961.6920   
      1052:    463560.000000           1    203593071.3129   
      1053:    463590.000000           1    203648036.7211   
      1054:    463620.000000           1    203702857.1349   
      1055:    463650.000000           1    203757531.8205   
      1056:    463680.000000           1    203812060.0788   
      1057:    463710.000000           1    203866441.2670   
      1058:    463740.000000           1    203920674.7949   
      1059:    463770.000000           1    203974760.1121   
      1060:    463800.000000           1    204028696.7287   
      1061:    463830.000000           1    204082484.2108   
      1062:    463860.000000           1    190862964.4889   
      1063:    463890.000000           1    190920094.8597   
      1064:    463920.000000           1    204242948.2579   
      1065:    463950.000000           1    204296135.8617   
      1066:    463980.000000           1    204349172.9225   
      1067:    464010.000000           1    191145733.0647   
      1068:    464040.000000           1    204454794.9435   
      1069:    464070.000000           1    204507379.7807   
      1070:    464100.000000           1    204559813.8273   
      1071:    464130.000000           1    204612097.1429   
      1072:    464160.000000           1    191421582.3829   
      1073:    464190.000000           1    191475965.2127   
      1074:    464220.000000           1    191530094.9545   
      1075:    464250.000000           1    191583975.5484   
      1076:    464280.000000           1    191637610.8889   
      1077:    464310.000000           1    191691004.8213   
      1078:    464340.000000           1    191744161.1744   
      1079:    464370.000000           1    191797083.7094   
      1080:    464400.000000           1    205075891.0046   
      1081:    464430.000000           1    205179364.9532   
      1082:    464460.000000           1    205230911.4655   
      1083:    464490.000000           1    192063045.1117   
      1084:    464520.000000           1    205333637.6756   
      1085:    464550.000000           1    205384818.6753   
      1086:    464580.000000           1    205435879.1518   
      1087:    464610.000000           1    205486819.7819   
      1088:    464640.000000           1    205537641.2295   
      1089:    464670.000000           1    192426624.2471   
      1090:    464700.000000           1    192477121.9786   
      1091:    464730.000000           1    192527513.2261   
      1092:    464760.000000           1    192577799.0675   
      1093:    464790.000000           1    192627980.4462   
      1094:    464820.000000           1    205887348.8960   
      1095:    464850.000000           1    205936914.3005   
      1096:    464880.000000           1    205986383.2184   
      1097:    464910.000000           1    192827677.8386   
      1098:    464940.000000           1    192877348.6528   
      1099:    464970.000000           1    192926919.2052   
      1100:    465000.000000           1    206183300.5812   
      1101:    465030.000000           1    206281489.0218   
      1102:    465060.000000           1    206330439.2246   
      1103:    465090.000000           1    206379298.0208   
      1104:    465120.000000           1    206475796.4970   
      1105:    465150.000000           1    206572229.6332   
      1106:    465180.000000           1    206667941.4803   
      1107:    465210.000000           1    206763612.8070   
      1108:    465240.000000           1    206858564.5475   
      1109:    465270.000000           1    193744122.3154   
      1110:    465300.000000           1    207127354.9490   
      1111:    465330.000000           1    207220870.4867   
      1112:    465360.000000           1    207267512.8336   
      1113:    465390.000000           1    207361117.6916   
      1114:    465420.000000           1    207453695.1804   
      1115:    465450.000000           1    207546472.9385   
      1116:    465480.000000           1    207638317.7748   
      1117:    465510.000000           1    207684131.1226   
      1118:    465540.000000           1    207776107.9500   
      1119:    465570.000000           1    207821981.2174   
      1120:    465600.000000           1    207912892.1534   
      1121:    465630.000000           1    208004037.6264   
      1122:    465660.000000           1    208049490.1121   
      1123:    465690.000000           1    208094875.0731   
      1124:    465720.000000           1    208140189.7086   
      1125:    465750.000000           1    208185431.7884   
      1126:    465780.000000           1    208230599.4943   
      1127:    465810.000000           1    208275691.3362   
      1128:    465840.000000           1    208320706.1448   
      1129:    465870.000000           1    208365642.9704   
      1130:    465900.000000           1    208410501.0381   
      1131:    465930.000000           1    208455279.7751   
      1132:    465960.000000           1    208499978.7195   
      1133:    465990.000000           1    208544597.5355   
      1134:    466020.000000           1    208632960.1042   
      1135:    466050.000000           1    208721586.3827   
      1136:    466080.000000           1    208765774.4649   
      1137:    466110.000000           1    208809885.3971   
      1138:    466140.000000           1    208853919.0915   
      1139:    466170.000000           1    208897875.5070   
      1140:    466200.000000           1    208941754.6808   
      1141:    466230.000000           1    208985556.6725   
      1142:    466260.000000           1    209029281.5952   
      1143:    466290.000000           1    209072929.6000   
      1144:    466320.000000           1    209116500.8591   
      1145:    466350.000000           1    209159995.5687   
      1146:    466380.000000           1    209203413.9621   
      1147:    466410.000000           1    209289407.0965   
      1148:    466440.000000           1    209332288.8526   
      1149:    466470.000000           1    209375098.6314   
      1150:    466500.000000           1    209417836.8141   
      1151:    466530.000000           1    209460503.7518   
      1152:    466560.000000           1    209503099.8305   
      1153:    466590.000000           1    196270931.4144   
      1154:    466620.000000           1    209588080.8290   
      1155:    466650.000000           1    209630466.4495   
      1156:    466680.000000           1    196399602.3276   
      1157:    466710.000000           1    196442372.1435   
      1158:    466740.000000           1    196485081.6348   
      1159:    466770.000000           1    209799317.5673   
      1160:    466800.000000           1    196570319.3568   
      1161:    466830.000000           1    209883332.6065   
      1162:    466860.000000           1    209925238.4891   
      1163:    466890.000000           1    209967076.9468   
      1164:    466920.000000           1    210008848.2093   
      1165:    466950.000000           1    210050552.4964   
      1166:    466980.000000           1    210092190.0072   
      1167:    467010.000000           1    210133760.9273   
      1168:    467040.000000           1    210175265.4410   
      1169:    467070.000000           1    210216703.6922   
      1170:    467100.000000           1    210258075.8241   
      1171:    467130.000000           1    210299381.9641   
      1172:    467160.000000           1    210340622.2205   
      1173:    467190.000000           1    210381796.6846   
      1174:    467220.000000           1    210422905.4381   
      1175:    467250.000000           1    210503137.8704   
      1176:    467280.000000           1    210584393.6784   
      1177:    467310.000000           1    197363899.7054   
      1178:    467340.000000           1    210665412.6788   
      1179:    467370.000000           1    210705840.8193   
      1180:    467400.000000           1    210746213.6269   
      1181:    467430.000000           1    210786530.3239   
      1182:    467460.000000           1    210826790.1964   
      1183:    467490.000000           1    210866992.5710   
      1184:    467520.000000           1    210907136.8146   
      1185:    467550.000000           1    210947222.3538   
      1186:    467580.000000           1    197728935.2461   
      1187:    467610.000000           1    211027215.1652   
      1188:    467640.000000           1    211067121.4856   
      1189:    467670.000000           1    211106967.1872   
      1190:    467700.000000           1    197889797.0309   
      1191:    467730.000000           1    211186475.2561   
      1192:    467760.000000           1    211226136.9757   
      1193:    467790.000000           1    211265736.7849   
      1194:    467820.000000           1    211305274.4443   
      1195:    467850.000000           1    211344749.7596   
      1196:    467880.000000           1    211384162.5406   
      1197:    467910.000000           1    198169151.6871   
      1198:    467940.000000           1    198208830.2862   
      1199:    467970.000000           1    198248450.6914   
      1200:    468000.000000           1    198288012.6359   
      1201:    468030.000000           1    211580284.3104   
      1202:    468060.000000           1    211619319.6970   
      1203:    468090.000000           1    198406345.1864   
      1204:    468120.000000           1    211736659.1734   
      1205:    468150.000000           1    211775731.8217   
      1206:    468180.000000           1    211814754.8339   
      1207:    468210.000000           1    211853728.6741   
      1208:    468240.000000           1    211892653.7664   
      1209:    468270.000000           1    211931530.5021   
      1210:    468300.000000           1    211970359.2296   
      1211:    468330.000000           1    212009140.2838   
      1212:    468360.000000           1    212047873.9640   
      1213:    468390.000000           1    198838869.9753   
      1214:    468420.000000           1    212125200.3231   
      1215:    468450.000000           1    212163793.5086   
      1216:    468480.000000           1    212202340.3433   
      1217:    468510.000000           1    212240841.0400   
      1218:    468540.000000           1    212279295.7967   
      1219:    468570.000000           1    212317704.7920   
      1220:    468600.000000           1    212356068.2010   
      1221:    468630.000000           1    212394386.1796   
      1222:    468660.000000           1    212432658.8723   
      1223:    468690.000000           1    212470886.4181   
      1224:    468720.000000           1    212509068.9319   
      1225:    468750.000000           1    212547206.5221   
      1226:    468780.000000           1    212621867.0315   
      1227:    468810.000000           1    212659131.7514   
      1228:    468840.000000           1    212696367.9419   
      1229:    468870.000000           1    212733576.4441   
      1230:    468900.000000           1    212770758.0359   
      1232:    468960.000000           1    199644108.7357   
      1233:    468990.000000           1    199681550.0608   
      1234:    469020.000000           1    199718954.4908   
      1237:    469110.000000           1    199830945.9245   
      1238:    469140.000000           1    199868202.3467   
      1239:    469170.000000           1    199905421.6995   
      1251:    469530.000000           1    200349151.4202   
      1253:    469590.000000           1    200422580.6806   
      2359:    502770.000000           1    159510273.3504   
      2360:    502800.000000           1    159552809.8936   
      2361:    502830.000000           1    159637616.5564   
      2362:    502860.000000           1    142075858.5623   
      2363:    502890.000000           1    142157138.5466   
      2364:    502920.000000           1    142238770.3485   
      2365:    502950.000000           1    142320645.5891   
      2366:    502980.000000           1    142402690.3294   
      2367:    503010.000000           1    142484838.6861   
      2368:    503040.000000           1    142567029.2887   
      2369:    503070.000000           1    142649204.7337   
      2370:    503100.000000           1    142731310.1122   
      2371:    503130.000000           1    142813294.2007   
      2372:    503160.000000           1    142895108.5327   
      2373:    503190.000000           1    142976707.4780   
      2374:    503220.000000           1    143058048.5284   
      2375:    503250.000000           1    160271096.3877   
      2376:    503280.000000           1    160312893.6235   
      2377:    503310.000000           1    143300140.9490   
      2378:    503340.000000           1    143380080.5861   
      2379:    503370.000000           1    143459590.9167   
      2380:    503400.000000           1    143538645.1936   
      2381:    503430.000000           1    143617219.4636   
      2382:    503460.000000           1    143695291.5889   
      2383:    503490.000000           1    143772842.1963   
      2384:    503520.000000           1    143849853.4593   
      2385:    503550.000000           1    143926309.9517   
      2386:    503580.000000           1    144002197.8987   
      2387:    503610.000000           1    144077505.4416   
      2388:    503640.000000           1    160810008.8585   
      2389:    503670.000000           1    160851075.0521   
      2390:    503700.000000           1    144373099.0251   
      2391:    503730.000000           1    144444446.1348   
      2392:    503760.000000           1    144515454.1490   
      2393:    503790.000000           1    144586094.0707   
      2394:    503820.000000           1    144656340.6761   
      2395:    503850.000000           1    144726172.3557   
      2396:    503880.000000           1    144795570.7980   
      2397:    503910.000000           1    161226754.2162   
      2398:    503940.000000           1    161268376.1157   
      2399:    503970.000000           1    161309977.4252   
      2400:    504000.000000           1    161351559.2251   
      2401:    504030.000000           1    161393122.6104   
      2402:    504060.000000           1    161434668.6930   
      2403:    504090.000000           1    161476198.6045   
      2404:    504120.000000           1    161517713.4767   
      2405:    504150.000000           1    161559214.4779   
      2406:    504180.000000           1    161600702.7801   
      2407:    504210.000000           1    161642179.5580   
      2408:    504240.000000           1    161724437.2456   
      2409:    504270.000000           1    161765598.0943   
      2410:    504300.000000           1    161849210.9290   
      2411:    504330.000000           1    145873036.1895   
      2412:    504360.000000           1    145920645.1760   
      2413:    504390.000000           1    145968298.9551   
      2414:    504420.000000           1    146016004.0921   
      2415:    504450.000000           1    146063766.5839   
      2416:    504480.000000           1    146111592.0357   
      2417:    504510.000000           1    146159485.3830   
      2418:    504540.000000           1    146207451.1514   
      2419:    504570.000000           1    162305011.7519   
      2420:    504600.000000           1    146395629.0741   
      2421:    504630.000000           1    146442401.9356   
      2422:    504660.000000           1    146489313.7927   
      2423:    504690.000000           1    146536366.2471   
      2424:    504720.000000           1    146583560.5501   
      2425:    504750.000000           1    146630897.3712   
      2426:    504780.000000           1    146678377.0265   
      2427:    504810.000000           1    146725999.3078   
      2428:    504840.000000           1    146773763.7143   
      2429:    504870.000000           1    146821669.2356   
      2430:    504900.000000           1    146869714.5448   
      2431:    504930.000000           1    146917897.9536   
      2432:    504960.000000           1    146966217.4119   
      2433:    504990.000000           1    147014670.5608   
      2434:    505020.000000           1    147063254.7194   
      2435:    505050.000000           1    147111966.8689   
      2436:    505080.000000           1    147160803.7885   
      2437:    505110.000000           1    147209761.9937   
      2438:    505140.000000           1    147308276.9145   
      2439:    505170.000000           1    147357510.9202   
      2440:    505200.000000           1    147406906.1265   
      2441:    505230.000000           1    147456459.7742   
      2442:    505260.000000           1    147506168.2847   
      2443:    505290.000000           1    147556027.3802   
      2444:    505320.000000           1    147606032.1740   
      2445:    505350.000000           1    147656177.1420   
      2446:    505380.000000           1    147706456.3141   
      2447:    505410.000000           1    147756863.2317   
      2448:    505440.000000           1    147807391.1245   
      2449:    505470.000000           1    147858032.9412   
      2450:    505500.000000           1    147908781.3816   
      2451:    505530.000000           1    147959629.0540   
      2452:    505560.000000           1    148010568.3802   
      2453:    505590.000000           1    148061591.7782   
      2454:    505620.000000           1    148112691.6623   
      2455:    505650.000000           1    148163860.4644   
      2456:    505680.000000           1    148215090.7043   
      2457:    505710.000000           1    148317600.4932   
      2458:    505740.000000           1    148368645.3548   
      2459:    505770.000000           1    148419766.8466   
      2460:    505800.000000           1    148470957.4531   
      2461:    505830.000000           1    148522209.5151   
      2462:    505860.000000           1    148573515.4067   
      2463:    505890.000000           1    148624867.5659   
      2464:    505920.000000           1    148676258.5185   
      2465:    505950.000000           1    148727680.9558   
      2466:    505980.000000           1    148779127.7688   
      2467:    506010.000000           1    148830592.1041   
      2468:    506040.000000           1    148882067.3205   
      2469:    506070.000000           1    148933547.0820   
      2470:    506100.000000           1    148985025.3706   
      2471:    506130.000000           1    164644919.6959   
      2472:    506160.000000           1    164688484.7255   
      2473:    506190.000000           1    149191132.5182   
      2474:    506220.000000           1    149242477.8931   
      2475:    506250.000000           1    149293832.0836   
      2476:    506280.000000           1    149345190.6299   
      2477:    506310.000000           1    149396549.1151   
      2478:    506340.000000           1    149447903.2495   
      2479:    506370.000000           1    149499248.8522   
      2480:    506400.000000           1    149550581.9144   
      2481:    506430.000000           1    149601898.6308   
      2482:    506460.000000           1    149653195.4074   
      2483:    506490.000000           1    149704468.8672   
      2484:    506520.000000           1    149755715.8605   
      2485:    506550.000000           1    149806933.5113   
      2486:    506580.000000           1    149858119.1670   
      2487:    506610.000000           1    149909270.4089   
      2488:    506640.000000           1    149960385.1153   
      2489:    506670.000000           1    150011461.3101   
      2490:    506700.000000           1    150062497.3084   
      2491:    506730.000000           1    150113491.6447   
      2492:    506760.000000           1    150164443.0471   
      2493:    506790.000000           1    150215350.4424   
      2494:    506820.000000           1    150266212.9393   
      2495:    506850.000000           1    150317029.8691   
      2496:    506880.000000           1    150367800.6900   
      2497:    506910.000000           1    150418525.0228   
      2498:    506940.000000           1    150469202.6238   
      2499:    506970.000000           1    150519833.4003   
      2500:    507000.000000           1    150570417.3785   
      2501:    507030.000000           1    150620954.6512   
      2502:    507060.000000           1    150671445.4572   
      2503:    507090.000000           1    166155700.1642   
      2504:    507120.000000           1    150869033.3038   
      2505:    507150.000000           1    150918795.9588   
      2506:    507180.000000           1    150968547.0485   
      2507:    507210.000000           1    151018285.2284   
      2508:    507240.000000           1    151068009.2859   
      2509:    507270.000000           1    151117718.1392   
      2510:    507300.000000           1    151167410.8140   
      2511:    507330.000000           1    151217086.4592   
      2512:    507360.000000           1    151266744.3381   
      2513:    507390.000000           1    151316383.7912   
      2514:    507420.000000           1    151366004.2292   
      2515:    507450.000000           1    151415605.1733   
      2516:    507480.000000           1    151465186.1968   
      2517:    507510.000000           1    151514746.9388   
      2518:    507540.000000           1    151564287.1235   
      2519:    507570.000000           1    151613806.4651   
      2520:    507600.000000           1    151663304.7760   
      2521:    507630.000000           1    151712781.8978   
      2522:    507660.000000           1    151762237.6644   
      2523:    507690.000000           1    151811671.9917   
      2524:    507720.000000           1    151861084.8118   
      2525:    507750.000000           1    151910476.0313   
      2526:    507780.000000           1    151959845.6251   
      2527:    507810.000000           1    152009193.5510   
      2528:    507840.000000           1    152058519.7866   
      2529:    507870.000000           1    167436873.1932   
      2530:    507900.000000           1    152252268.6157   
      2531:    507930.000000           1    152301289.2331   
      2532:    507960.000000           1    152350297.5241   
      2533:    507990.000000           1    152399292.9637   
      2534:    508020.000000           1    152496195.6253   
      2535:    508050.000000           1    152593768.2555   
      2536:    508080.000000           1    152642499.9844   
      2537:    508110.000000           1    152691223.9042   
      2538:    508140.000000           1    152739939.2282   
      2539:    508170.000000           1    152788645.1835   
      2540:    508200.000000           1    152837341.0547   
      2541:    508230.000000           1    152886026.1275   
      2542:    508260.000000           1    152934699.7005   
      2543:    508290.000000           1    152983361.1147   
      2544:    508320.000000           1    153032009.7156   
      2545:    508350.000000           1    153080644.8781   
      2546:    508380.000000           1    168412541.4765   
      2547:    508410.000000           1    168459160.2772   
      2548:    508440.000000           1    168505800.5834   
      2549:    508470.000000           1    168552461.3857   
      2550:    508500.000000           1    168599141.6684   
      2551:    508530.000000           1    168645840.4082   
      2552:    508560.000000           1    168692556.5757   
      2553:    508590.000000           1    168739289.1407   
      2554:    508620.000000           1    168834512.2134   
      2555:    508650.000000           1    168882149.9189   
      2556:    508680.000000           1    168929824.3075   
      2557:    508710.000000           1    168977534.5879   
      2558:    508740.000000           1    169025279.9746   
      2559:    508770.000000           1    169073059.6691   
      2560:    508800.000000           1    169120872.8757   
      2561:    508830.000000           1    169168718.8000   
      2562:    508860.000000           1    169216596.6416   
      2563:    508890.000000           1    169264505.5985   
      2564:    508920.000000           1    169312444.8643   
      2565:    508950.000000           1    169360413.6266   
      2566:    508980.000000           1    169408411.0865   
      2567:    509010.000000           1    169456436.4271   
      2568:    509040.000000           1    169504488.8332   
      2569:    509070.000000           1    169552567.4930   
      2570:    509100.000000           1    154403855.9486   
      2571:    509130.000000           1    169648800.2893   
      2572:    509160.000000           1    154502860.8416   
      2573:    509190.000000           1    154552385.6545   
      2574:    509220.000000           1    154601924.9104   
      2575:    509250.000000           1    154651478.2501   
      2576:    509280.000000           1    154701045.2842   
      2577:    509310.000000           1    154750625.6359   
      2578:    509340.000000           1    154800218.8922   
      2579:    509370.000000           1    154849824.6323   
      2580:    509400.000000           1    154899442.4121   
      2581:    509430.000000           1    154949071.7919   
      2582:    509460.000000           1    155047481.0521   
      2583:    509490.000000           1    155146653.4891   
      2584:    509520.000000           1    155196227.9214   
      2585:    509550.000000           1    155294546.0353   
      2586:    509580.000000           1    155343697.2191   
      2587:    509610.000000           1    155442968.2005   
      2588:    509640.000000           1    155541389.9155   
      2589:    509670.000000           1    155640537.6402   
      2590:    509700.000000           1    155690100.2846   
      2591:    509730.000000           1    155739671.9084   
      2592:    509760.000000           1    155789251.7542   
      2593:    509790.000000           1    155838839.0901   
      2594:    509820.000000           1    155888433.1672   
      2595:    509850.000000           1    155938033.2400   
      2596:    509880.000000           1    155987638.5565   
      2597:    509910.000000           1    171192806.2556   
      2598:    509940.000000           1    156136888.8891   
      2599:    509970.000000           1    156186707.0324   
      2600:    510000.000000           1    156236538.4017   
      2601:    510030.000000           1    156286382.3399   
      2602:    510060.000000           1    156336238.1934   
      2603:    510090.000000           1    156386105.3145   
      2604:    510120.000000           1    156435983.0521   
      2605:    510150.000000           1    156485870.7944   
      2606:    510180.000000           1    156584972.7042   
      2607:    510210.000000           1    156634519.6118   
      2608:    510240.000000           1    156684078.8650   
      2609:    510270.000000           1    156733649.8367   
      2610:    510300.000000           1    156783231.9353   
      2611:    510330.000000           1    156832824.5563   
      2612:    510360.000000           1    156882427.1460   
      2613:    510390.000000           1    156932039.1590   
      2614:    510420.000000           1    156981660.0089   
      2615:    510450.000000           1    157031289.1747   
      2616:    510480.000000           1    157080926.0875   
      2617:    510510.000000           1    157130570.2162   
      2618:    510540.000000           1    157180221.0364   
      2619:    510570.000000           1    157280056.0545   
      2620:    510600.000000           1    157329959.1017   
      2621:    510630.000000           1    157379861.9701   
      2622:    510660.000000           1    157429764.1693   
      2623:    510690.000000           1    157479665.1619   
      2624:    510720.000000           1    157529564.4919   
      2625:    510750.000000           1    157579461.6596   
      2626:    510780.000000           1    157629356.1977   
      2627:    510810.000000           1    157728634.0321   
      2628:    510840.000000           1    157778260.2853   
      2629:    510870.000000           1    157877947.1450   
      2630:    510900.000000           1    157927771.2680   
      2631:    510930.000000           1    157977589.8009   
      2632:    510960.000000           1    158076752.4613   
      2633:    510990.000000           1    158176279.6283   
      2634:    511020.000000           1    158276455.2715   
      2635:    511050.000000           1    158326553.2415   
      2636:    511080.000000           1    158376667.0166   
      2637:    511110.000000           1    158426794.8905   
      2638:    511140.000000           1    158476935.1150   
      2639:    511170.000000           1    158527085.8772   
      2640:    511200.000000           1    158577245.3111   
      2641:    511230.000000           1    158627411.5125   
      2642:    511260.000000           1    158677582.5191   
      2643:    511290.000000           1    158777582.4171   
      2644:    511320.000000           1    158877877.6816   
      2645:    511350.000000           1    158928012.6668   
      2646:    511380.000000           1    158978143.7072   
      2647:    511410.000000           1    159028268.8711   
      2648:    511440.000000           1    159078386.2261   
      2649:    511470.000000           1    159128493.8041   
      2650:    511500.000000           1    159178589.6233   
      2651:    511530.000000           1    159278471.2698   
      2652:    511560.000000           1    159328388.7662   
      2653:    511590.000000           1    159378293.2204   
      2654:    511620.000000           1    159428182.8244   
      2655:    511650.000000           1    159478055.7778   
      2656:    511680.000000           1    159527910.3127   
      2657:    511710.000000           1    159577744.6769   
      2658:    511740.000000           1    159627557.1459   
      2659:    511770.000000           1    159677346.0231   
      2660:    511800.000000           1    159727109.6451   
      2661:    511830.000000           1    159776846.3739   
      2662:    511860.000000           1    159826554.6084   
      2663:    511890.000000           1    159876232.7692   
      2664:    511920.000000           1    159925879.3268   
      2665:    511950.000000           1    159975492.7758   
      2666:    511980.000000           1    160025071.6474   
      2667:    512010.000000           1    160074614.5180   
      2668:    512040.000000           1    160124120.0034   
      2669:    512070.000000           1    160173586.7363   
      2670:    512100.000000           1    160223013.4099   
      2671:    512130.000000           1    160272398.7359   
      2672:    512160.000000           1    160370454.6931   
      2673:    512190.000000           1    160468991.0896   
      2674:    512220.000000           1    160518187.0024   
      2675:    512250.000000           1    160567336.4840   
      2676:    512280.000000           1    160616438.4244   
      2677:    512310.000000           1    160665491.7542   
      2678:    512340.000000           1    160714495.4455   
      2679:    512370.000000           1    160812155.1217   
      2680:    512400.000000           1    160860954.3468   
      2681:    512430.000000           1    160909731.3717   
      2682:    512460.000000           1    160958484.7264   
      2683:    512490.000000           1    161007212.8879   
      2684:    512520.000000           1    161055914.2644   
      2685:    512550.000000           1    161104587.2584   
      2686:    512580.000000           1    161153230.2485   
      2687:    512610.000000           1    161201841.6002   
      2688:    512640.000000           1    161250419.6717   
      2689:    512670.000000           1    161298962.8180   
      2690:    512700.000000           1    161347469.4154   
      2691:    512730.000000           1    161395937.8153   
      2692:    512760.000000           1    161444366.4070   
      2693:    512790.000000           1    161492753.5736   
      2694:    512820.000000           1    161541097.7106   
      2695:    512850.000000           1    161589397.2392   
      2696:    512880.000000           1    161637650.5813   
      2697:    512910.000000           1    161685856.1996   
      2698:    512940.000000           1    161734012.5568   
      2699:    512970.000000           1    161782118.1482   
      2700:    513000.000000           1    161830171.4889   
      2701:    513030.000000           1    161878171.1197   
      2702:    513060.000000           1    161926115.6087   
      2703:    513090.000000           1    161974003.5497   
      2704:    513120.000000           1    162021833.5649   
      2705:    513150.000000           1    162069604.2956   
      2706:    513180.000000           1    162117314.4237   
      2707:    513210.000000           1    162164962.6505   
      2708:    513240.000000           1    162212547.7126   
      2709:    513270.000000           1    162260068.3799   
      2710:    513300.000000           1    162307523.4557   
      2711:    513330.000000           1    162354911.7561   
      2712:    513360.000000           1    162402232.1404   
      2713:    513390.000000           1    162449483.4934   
      2714:    513420.000000           1    162496664.7258   
      2715:    513450.000000           1    162543774.7912   
      2716:    513480.000000           1    162590812.6576   
      2717:    513510.000000           1    162637777.3321   
      2718:    513540.000000           1    162684667.8453   
      2719:    513570.000000           1    162777771.4280   
      2720:    513600.000000           1    162871185.5843   
      2721:    513630.000000           1    162917804.1601   
      2722:    513660.000000           1    162964344.3616   
      2723:    513690.000000           1    163010805.3415   
      2724:    513720.000000           1    163057186.2754   
      2725:    513750.000000           1    163103486.3795   
      2726:    513780.000000           1    163149704.8731   
      2727:    513810.000000           1    163195841.0178   
      2728:    513840.000000           1    163241894.0928   
      2729:    513870.000000           1    163287863.3914   
      2730:    513900.000000           1    163333748.2348   
      2731:    513930.000000           1    163379547.9760   
      2732:    513960.000000           1    163470524.4856   
      2733:    513990.000000           1    163561724.1444   
      2734:    514020.000000           1    163607226.8755   
      2735:    514050.000000           1    163652641.4693   
      2736:    514080.000000           1    163697967.3402   
      2737:    514110.000000           1    163743203.9518   
      2738:    514140.000000           1    163788350.7707   
      2739:    514170.000000           1    163833407.2879   
      2740:    514200.000000           1    163922937.8008   
      2741:    514230.000000           1    163967606.0333   
      2742:    514260.000000           1    164012185.5614   
      2743:    514290.000000           1    164056675.9746   
      2744:    514320.000000           1    164101076.8938   
      2745:    514350.000000           1    164145387.9584   
      2746:    514380.000000           1    164234157.3157   
      2747:    514410.000000           1    164278453.0094   
      2748:    514440.000000           1    164367269.8024   
      2749:    514470.000000           1    164411580.4499   
      2750:    514500.000000           1    172806120.8038   
      2751:    514530.000000           1    172847972.4235   
      2752:    514560.000000           1    172889744.8594   
      2753:    514590.000000           1    172931437.2129   
      2754:    514620.000000           1    164675369.8819   
      2755:    514650.000000           1    164718972.8026   
      2756:    514680.000000           1    164762486.9585   
      2757:    514710.000000           1    164805911.3725   
      2758:    514740.000000           1    164849245.0956   
      2759:    514770.000000           1    164935959.9970   
      2760:    514800.000000           1    165022185.3566   
      2761:    514830.000000           1    165108415.1006   
      2762:    514860.000000           1    165194164.1332   
      2763:    514890.000000           1    165279899.1911   
      2764:    514920.000000           1    173628647.8978   
      2765:    514950.000000           1    173669152.3445   
      2766:    514980.000000           1    173709566.5749   
      2767:    515010.000000           1    165493248.6707   
      2768:    515040.000000           1    165578245.9986   
      2769:    515070.000000           1    165620643.2080   
      2770:    515100.000000           1    165662950.8134   
      2771:    515130.000000           1    165747505.3793   
      2772:    515160.000000           1    165789682.9075   
      2773:    515190.000000           1    165831772.1404   
      2774:    515220.000000           1    165873772.3519   
      2775:    515250.000000           1    165915682.9038   
      2776:    515280.000000           1    165957503.2279   
      2777:    515310.000000           1    165999232.8227   
      2778:    515340.000000           1    166040871.2365   
      2779:    515370.000000           1    166082418.0713   
      2780:    515400.000000           1    166123872.9755   
      2781:    515430.000000           1    166206844.9463   
      2782:    515460.000000           1    166248236.4459   
      2783:    515490.000000           1    166289542.0008   
      2784:    515520.000000           1    166330761.3658   
      2785:    515550.000000           1    166371894.3683   
      2786:    515580.000000           1    166412940.9160   
      2787:    515610.000000           1    166453900.9783   
      2788:    515640.000000           1    166494774.5799   
      2789:    515670.000000           1    166535561.8003   
      2790:    515700.000000           1    166576262.7544   
      2791:    515730.000000           1    166616877.6060   
      2792:    515760.000000           1    166657406.5366   
      2793:    515790.000000           1    166697849.7675   
      2794:    515820.000000           1    166738207.5306   
      2795:    515850.000000           1    166778480.0841   
      2796:    515880.000000           1    166818667.6915   
      2797:    515910.000000           1    166858770.6307   
      2798:    515940.000000           1    166898789.1908   
      2799:    515970.000000           1    166978447.8137   
      2800:    516000.000000           1    167018198.0698   
      2801:    516030.000000           1    167097902.3471   
      2802:    516060.000000           1    167177065.1374   
      2803:    516090.000000           1    167216563.8141   
      2804:    516120.000000           1    167255987.0856   
      2805:    516150.000000           1    167295334.8741   
      2806:    516180.000000           1    167334607.1143   
      2807:    516210.000000           1    167373803.7578   
      2808:    516240.000000           1    167412924.7608   
      2809:    516270.000000           1    167451970.0921   
      2810:    516300.000000           1    167490939.7215   
      2811:    516330.000000           1    167529833.6298   
      2812:    516360.000000           1    167568651.7898   
      2813:    516390.000000           1    167607394.1814   
      2814:    516420.000000           1    167646060.7893   
      2815:    516450.000000           1    167684651.5895   
      2816:    516480.000000           1    167761814.6919   
      2817:    516510.000000           1    167800301.7727   
      2818:    516540.000000           1    167876992.6644   
      2819:    516570.000000           1    167953671.7662   
      2820:    516600.000000           1    167991930.5864   
      2821:    516630.000000           1    168030115.3230   
      2822:    516660.000000           1    168068225.9303   
      2823:    516690.000000           1    168106262.3869   
      2824:    516720.000000           1    168144224.6980   
      2825:    516750.000000           1    168182112.8775   
      2826:    516780.000000           1    168219926.9533   
      2827:    516810.000000           1    168257666.9711   
      2828:    516840.000000           1    168295332.9793   
      2829:    516870.000000           1    168332925.0353   
      2830:    516900.000000           1    168370443.1979   
      2831:    516930.000000           1    168407887.5368   
      2832:    516960.000000           1    168445258.1136   
      2833:    516990.000000           1    168482554.9909   
      2834:    517020.000000           1    168519778.2319   
      2835:    517050.000000           1    168556927.8958   
      2836:    517080.000000           1    168594004.0339   
      2837:    517110.000000           1    168631006.6942   
      2838:    517140.000000           1    168667935.9216   
      2839:    517170.000000           1    168704791.7487   
      2840:    517200.000000           1    168741574.2072   
      2841:    517230.000000           1    168778283.3121   
      2842:    517260.000000           1    168851695.1599   
      2843:    517290.000000           1    168888334.5870   
      2844:    517320.000000           1    168924902.5020   
      2845:    517350.000000           1    168961398.9217   
      2846:    517380.000000           1    168997823.8779   
      2847:    517410.000000           1    169034177.4059   
      2848:    517440.000000           1    169070459.5494   
      2849:    517470.000000           1    169106670.3523   
      2850:    517500.000000           1    169142809.8612   
      2851:    517530.000000           1    169178878.1183   
      2852:    517560.000000           1    169214875.1677   
      2853:    517590.000000           1    169250801.0495   
      2854:    517620.000000           1    169286655.7913   
      2855:    517650.000000           1    137305264.1987   
      2856:    517680.000000           1    169428889.7230   
      2857:    517710.000000           1    169464625.5354   
      2858:    517740.000000           1    169500290.2127   
      2859:    517770.000000           1    169535883.8662   
      2860:    517800.000000           1    169571406.5995   
      2861:    517830.000000           1    137655216.0543   
      2862:    517860.000000           1    169677855.1687   
      2863:    517890.000000           1    169713288.2460   
      2864:    517920.000000           1    169748656.8122   
      2865:    517950.000000           1    169783961.0596   
      2866:    517980.000000           1    169819201.1881   
      2867:    518010.000000           1    169854377.3943   
      2868:    518040.000000           1    169889489.8726   
      2869:    518070.000000           1    169924538.8146   
      2870:    518100.000000           1    169959524.3987   
      2871:    518130.000000           1    169994446.7969   
      2872:    518160.000000           1    170029306.1711   
      2873:    518190.000000           1    170064102.6625   
      2874:    518220.000000           1    170098836.4047   
      2875:    518250.000000           1    170133507.5199   
      2876:    518280.000000           1    170168116.1104   
      2877:    518310.000000           1    170236375.9986   
      2878:    518340.000000           1    170305391.7034   
      2879:    518370.000000           1    170339831.3561   
