      1654:     49620.000000           1          -86.9639   
      1655:     49650.000000           1          -86.9673   
      1656:     49680.000000           1          -86.9710   
      1657:     49710.000000           1          -86.9720   
      1658:     49740.000000           1          -86.9750   
      1659:     49770.000000           1          -86.9774   
      1660:     49800.000000           1          -86.9775   
      1661:     49830.000000           1          -86.9798   
      1662:     49860.000000           1          -86.9787   
      1663:     49890.000000           1          -86.9780   
      1664:     49920.000000           1          -86.9796   
      1665:     49950.000000           1          -86.9853   
      1666:     49980.000000           1          -86.9890   
      1667:     50010.000000           1          -86.9924   
      1668:     50040.000000           1          -86.9931   
      1669:     50070.000000           1          -86.9914   
      1670:     50100.000000           1          -86.9877   
      1671:     50130.000000           1          -86.9811   
      1672:     50160.000000           1          -86.9761   
      1673:     50190.000000           1          -86.9724   
      1674:     50220.000000           1          -86.9742   
      1675:     50250.000000           1          -86.9722   
      1676:     50280.000000           1          -86.9740   
      1677:     50310.000000           1          -86.9695   
      1678:     50340.000000           1          -86.9729   
      1679:     50370.000000           1          -86.9744   
      1680:     50400.000000           1         -191.1559   
      1681:     50430.000000           1          -86.9700   
      1682:     50460.000000           1         -191.0908   
      1683:     50490.000000           1         -191.2900   
      1684:     50520.000000           1         -191.4292   
      1685:     50550.000000           1         -191.5059   
      1686:     50580.000000           1         -191.5183   
      1687:     50610.000000           1         -191.5232   
      1688:     50640.000000           1         -191.5553   
      1689:     50670.000000           1         -191.5651   
      1690:     50700.000000           1         -191.5777   
      1691:     50730.000000           1         -191.5749   
      1692:     50760.000000           1         -191.5721   
      1693:     50790.000000           1         -191.5804   
      1694:     50820.000000           1         -191.5879   
      1695:     50850.000000           1         -191.6090   
      1696:     50880.000000           1         -191.6016   
      1697:     50910.000000           1          -86.9655   
      1698:     50940.000000           1         -191.6088   
      1699:     50970.000000           1         -191.6054   
      1700:     51000.000000           1         -191.6038   
      1701:     51030.000000           1         -191.5843   
      1702:     51060.000000           1         -191.5761   
      1703:     51090.000000           1         -191.5735   
      1704:     51120.000000           1         -191.5666   
      1705:     51150.000000           1         -191.5637   
      1706:     51180.000000           1         -191.5452   
      1707:     51210.000000           1         -191.5257   
      1708:     51240.000000           1         -191.5195   
      1709:     51270.000000           1         -191.5072   
      1710:     51300.000000           1         -191.4996   
      1711:     51330.000000           1         -191.4961   
      1712:     51360.000000           1         -191.4965   
      1713:     51390.000000           1         -191.4841   
      1714:     51420.000000           1         -191.4757   
      1715:     51450.000000           1         -191.4639   
      1716:     51480.000000           1         -191.4561   
      1717:     51510.000000           1         -191.4577   
      1718:     51540.000000           1         -191.4512   
      1719:     51570.000000           1         -191.4461   
      1720:     51600.000000           1         -191.4430   
      1721:     51630.000000           1         -191.4423   
      1722:     51660.000000           1         -191.4396   
      1723:     51690.000000           1          181.3957   
      1724:     51720.000000           1         -191.4446   
      1725:     51750.000000           1         -191.4679   
      1726:     51780.000000           1         -191.4482   
      1727:     51810.000000           1         -191.4637   
      1728:     51840.000000           1         -191.4657   
      1729:     51870.000000           1         -191.4516   
      1730:     51900.000000           1         -191.4454   
      1731:     51930.000000           1         -191.4449   
      1732:     51960.000000           1         -191.4446   
      1733:     51990.000000           1         -191.4534   
      1734:     52020.000000           1         -191.4666   
      1735:     52050.000000           1         -191.4870   
      1736:     52080.000000           1         -191.4927   
      1737:     52110.000000           1         -191.4932   
      1738:     52140.000000           1         -191.4909   
      1739:     52170.000000           1         -191.4957   
      1740:     52200.000000           1         -191.5040   
      1741:     52230.000000           1         -191.5061   
      1742:     52260.000000           1         -191.5078   
      1743:     52290.000000           1         -191.5110   
      1744:     52320.000000           1         -191.5142   
      1745:     52350.000000           1         -191.5198   
      1746:     52380.000000           1         -191.5220   
      1747:     52410.000000           1         -191.5131   
      1748:     52440.000000           1         -191.5140   
      1749:     52470.000000           1         -191.5154   
      1750:     52500.000000           1         -191.5093   
      1751:     52530.000000           1         -191.5062   
      1752:     52560.000000           1         -191.5034   
      1753:     52590.000000           1         -191.4990   
      1754:     52620.000000           1         -191.5009   
      1755:     52650.000000           1         -191.5002   
      1756:     52680.000000           1         -191.4979   
      1757:     52710.000000           1         -191.4974   
      1758:     52740.000000           1         -191.4996   
      1759:     52770.000000           1         -191.4989   
      1760:     52800.000000           1         -191.4978   
      1761:     52830.000000           1         -191.4980   
      1762:     52860.000000           1         -191.4908   
      1763:     52890.000000           1         -191.4927   
      1764:     52920.000000           1         -191.4942   
      1765:     52950.000000           1         -191.4911   
      1766:     52980.000000           1         -191.4881   
      1767:     53010.000000           1         -191.4889   
      1768:     53040.000000           1         -191.4960   
      1769:     53070.000000           1         -191.5029   
      1770:     53100.000000           1         -191.5039   
      1771:     53130.000000           1         -191.5006   
      1772:     53160.000000           1         -191.5005   
      1773:     53190.000000           1         -191.4991   
      1774:     53220.000000           1          181.8286   
      1775:     53250.000000           1         -191.4990   
      1776:     53280.000000           1         -191.4954   
      1777:     53310.000000           1         -191.4953   
      1778:     53340.000000           1          -87.0281   
      1779:     53370.000000           1          181.8542   
      1780:     53400.000000           1          181.8546   
      1781:     53430.000000           1          181.8583   
      1782:     53460.000000           1          181.8645   
      1783:     53490.000000           1          181.8671   
      1784:     53520.000000           1          181.8674   
      1785:     53550.000000           1          181.8639   
      1786:     53580.000000           1          181.8592   
      1787:     53610.000000           1          181.8580   
      1788:     53640.000000           1          181.8601   
      1789:     53670.000000           1          181.8633   
      1790:     53700.000000           1          181.8659   
      1791:     53730.000000           1          181.8673   
      1792:     53760.000000           1          181.8685   
      1793:     53790.000000           1          181.8768   
      1794:     53820.000000           1          181.8823   
      1795:     53850.000000           1          181.8792   
      1796:     53880.000000           1          181.8818   
      1797:     53910.000000           1          181.8834   
      1798:     53940.000000           1          181.8842   
      1799:     53970.000000           1          181.8840   
      1800:     54000.000000           1          -87.0455   
      1801:     54030.000000           1         -191.4920   
      1802:     54060.000000           1          181.8771   
      1803:     54090.000000           1          181.8766   
      1804:     54120.000000           1          181.8786   
      1805:     54150.000000           1          181.8818   
      1806:     54180.000000           1          -87.0512   
      1807:     54210.000000           1          181.8856   
      1808:     54240.000000           1          181.8836   
      1809:     54270.000000           1          181.8827   
      1810:     54300.000000           1          -87.0505   
      1811:     54330.000000           1          -87.0511   
      1812:     54360.000000           1          -87.0507   
      1813:     54390.000000           1          -87.0511   
      1814:     54420.000000           1          -87.0595   
      1815:     54450.000000           1          -87.0670   
      1816:     54480.000000           1          -87.0707   
      1817:     54510.000000           1          -87.0753   
      1818:     54540.000000           1          -87.0786   
      1819:     54570.000000           1          -87.0793   
      1820:     54600.000000           1          -87.0797   
      1821:     54630.000000           1          -87.0783   
      1822:     54660.000000           1          -87.0757   
      1823:     54690.000000           1            5.7845   
      1824:     54720.000000           1            5.7873   
      1825:     54750.000000           1            5.7867   
      1826:     54780.000000           1            5.7847   
      1827:     54810.000000           1            5.7833   
      1828:     54840.000000           1            5.7849   
      1829:     54870.000000           1            5.7761   
      1830:     54900.000000           1          -87.0897   
      1831:     54930.000000           1          -87.0891   
      1832:     54960.000000           1          181.8895   
      1833:     54990.000000           1          181.8881   
      1834:     55020.000000           1          181.8921   
      1835:     55050.000000           1          181.8911   
      1836:     55080.000000           1          181.8920   
      1837:     55110.000000           1          181.8915   
      1838:     55140.000000           1          181.8884   
      1839:     55170.000000           1          181.8878   
      1840:     55200.000000           1          181.8817   
      1841:     55230.000000           1          181.8773   
      1842:     55260.000000           1          181.8721   
      1843:     55290.000000           1          181.8724   
      1844:     55320.000000           1          181.8704   
      1845:     55350.000000           1          181.8681   
      1846:     55380.000000           1          181.8639   
      1847:     55410.000000           1          181.8591   
      1848:     55440.000000           1          181.8433   
      1849:     55470.000000           1          181.8399   
      1850:     55500.000000           1          181.8479   
      1851:     55530.000000           1          181.8450   
      1852:     55560.000000           1          181.8398   
      1853:     55590.000000           1          181.8313   
      1854:     55620.000000           1          181.8227   
      1855:     55650.000000           1          181.8192   
      1856:     55680.000000           1          181.8124   
      1857:     55710.000000           1          181.8080   
      1858:     55740.000000           1          181.8098   
      1859:     55770.000000           1          -87.1184   
      1860:     55800.000000           1          181.8142   
      1861:     55830.000000           1          181.8167   
      1862:     55860.000000           1          181.8184   
      1863:     55890.000000           1          181.8231   
      1864:     55920.000000           1          181.8281   
      1865:     55950.000000           1          181.8288   
      1866:     55980.000000           1          181.8305   
      1867:     56010.000000           1         -191.5406   
      1868:     56040.000000           1         -191.5439   
      1869:     56070.000000           1         -191.5463   
      1870:     56100.000000           1         -191.5477   
      1871:     56130.000000           1         -191.5495   
      1872:     56160.000000           1         -191.5494   
      1873:     56190.000000           1         -191.5458   
      1874:     56220.000000           1         -191.5444   
      1875:     56250.000000           1         -191.5504   
      1876:     56280.000000           1         -191.5519   
      1877:     56310.000000           1         -191.5487   
      1878:     56340.000000           1         -191.5442   
      1879:     56370.000000           1         -191.5419   
      1880:     56400.000000           1         -191.5410   
      1881:     56430.000000           1         -191.5375   
      1882:     56460.000000           1         -191.5394   
      1883:     56490.000000           1         -191.5412   
      1884:     56520.000000           1         -191.5413   
      1885:     56550.000000           1         -191.5454   
      1886:     56580.000000           1         -191.5475   
      1887:     56610.000000           1         -191.5469   
      1888:     56640.000000           1         -191.5479   
      1889:     56670.000000           1         -191.5531   
      1890:     56700.000000           1         -191.5542   
      1891:     56730.000000           1          181.8425   
      1892:     56760.000000           1         -191.5589   
      1893:     56790.000000           1         -191.5620   
      1894:     56820.000000           1         -191.5629   
      1895:     56850.000000           1         -191.5654   
      1896:     56880.000000           1         -191.5657   
      1897:     56910.000000           1         -191.5655   
      1898:     56940.000000           1         -191.5675   
      1899:     56970.000000           1          181.8310   
      1900:     57000.000000           1          181.8293   
      1901:     57030.000000           1          181.8300   
      1902:     57060.000000           1          181.8296   
      1903:     57090.000000           1          -87.1891   
      1904:     57120.000000           1          -87.1912   
      1905:     57150.000000           1          -87.1957   
      1906:     57180.000000           1          -87.1929   
      1907:     57210.000000           1          -87.1961   
      1908:     57240.000000           1          -87.1980   
      1909:     57270.000000           1          -87.2006   
      1910:     57300.000000           1          -87.2023   
      1911:     57330.000000           1          -87.2062   
      1912:     57360.000000           1          -87.2057   
      1913:     57390.000000           1          -87.2068   
      1914:     57420.000000           1          -87.2067   
      1915:     57450.000000           1          -87.2051   
      1916:     57480.000000           1          -87.2081   
      1917:     57510.000000           1          -87.2036   
      1918:     57540.000000           1          -87.2048   
      1919:     57570.000000           1          -87.2035   
      1920:     57600.000000           1          -87.2054   
      1921:     57630.000000           1          -87.2066   
      1922:     57660.000000           1          -87.2057   
      1923:     57690.000000           1          181.8121   
      1924:     57720.000000           1          -87.2143   
      1925:     57750.000000           1          -87.2159   
      1926:     57780.000000           1          181.8102   
      1927:     57810.000000           1          -87.2139   
      1928:     57840.000000           1          181.8092   
      1929:     57870.000000           1         -191.5774   
      1930:     57900.000000           1         -191.5808   
      1931:     57930.000000           1         -191.5807   
      1932:     57960.000000           1         -191.5818   
      1933:     57990.000000           1         -191.5849   
      1934:     58020.000000           1         -191.5881   
      1935:     58050.000000           1         -191.5874   
      1936:     58080.000000           1         -191.5850   
      1937:     58110.000000           1         -191.5866   
      1938:     58140.000000           1         -191.5881   
      1939:     58170.000000           1         -191.5905   
      1940:     58200.000000           1         -191.5911   
      1941:     58230.000000           1         -191.5927   
      1942:     58260.000000           1         -191.5931   
      1943:     58290.000000           1         -191.5960   
      1944:     58320.000000           1         -191.6001   
      1945:     58350.000000           1         -191.6008   
      1946:     58380.000000           1         -191.6005   
      1947:     58410.000000           1         -191.5997   
      1948:     58440.000000           1         -191.6005   
      1949:     58470.000000           1         -191.6045   
      1950:     58500.000000           1         -191.6031   
      1951:     58530.000000           1         -191.6043   
      1952:     58560.000000           1         -191.6102   
      1953:     58590.000000           1         -191.6098   
      1954:     58620.000000           1         -191.6116   
      1955:     58650.000000           1         -191.6135   
      1956:     58680.000000           1         -191.6197   
      1957:     58710.000000           1         -191.6261   
      1958:     58740.000000           1         -191.6312   
      1959:     58770.000000           1         -191.6341   
      1960:     58800.000000           1         -191.6355   
      1961:     58830.000000           1         -191.6369   
      1962:     58860.000000           1         -191.6409   
      1963:     58890.000000           1         -191.6459   
      1964:     58920.000000           1         -191.6501   
      1965:     58950.000000           1         -191.6526   
      1966:     58980.000000           1         -191.6564   
      1967:     59010.000000           1         -191.6584   
      1968:     59040.000000           1         -191.6642   
      1969:     59070.000000           1         -191.6684   
      1970:     59100.000000           1         -191.6685   
      1971:     59130.000000           1         -191.6730   
      1972:     59160.000000           1         -191.6801   
      1973:     59190.000000           1         -191.6828   
      1974:     59220.000000           1         -191.6824   
      1975:     59250.000000           1         -191.6831   
      1976:     59280.000000           1         -191.6837   
      1977:     59310.000000           1         -191.6833   
      1978:     59340.000000           1         -191.6817   
      1979:     59370.000000           1         -191.6822   
      1980:     59400.000000           1         -191.6827   
      1981:     59430.000000           1         -191.6817   
      1982:     59460.000000           1         -191.6823   
      1983:     59490.000000           1         -191.6812   
      1984:     59520.000000           1         -191.6857   
      1985:     59550.000000           1         -191.6870   
      1986:     59580.000000           1         -191.6926   
      1987:     59610.000000           1         -191.6945   
      1988:     59640.000000           1         -191.6930   
      1989:     59670.000000           1         -191.6937   
      1990:     59700.000000           1         -191.6941   
      1991:     59730.000000           1         -191.6945   
      1992:     59760.000000           1         -191.6987   
      1993:     59790.000000           1         -191.6999   
      1994:     59820.000000           1          181.6972   
      1995:     59850.000000           1         -191.7007   
      1996:     59880.000000           1         -191.7040   
      1997:     59910.000000           1         -191.7089   
      1998:     59940.000000           1          181.6911   
      1999:     59970.000000           1          181.6904   
      2000:     60000.000000           1          181.6906   
      2001:     60030.000000           1          181.6897   
      2002:     60060.000000           1          181.6916   
      2003:     60090.000000           1          181.6952   
      2004:     60120.000000           1          181.6944   
      2005:     60150.000000           1          181.6988   
      2006:     60180.000000           1          181.7000   
      2007:     60210.000000           1          181.6998   
      2008:     60240.000000           1          181.7013   
      2009:     60270.000000           1          181.7012   
      2010:     60300.000000           1          181.7007   
      2011:     60330.000000           1          181.7018   
      2012:     60360.000000           1          181.7070   
      2013:     60390.000000           1          181.7067   
      2014:     60420.000000           1          181.7065   
      2015:     60450.000000           1          181.7038   
      2016:     60480.000000           1          -87.3509   
      2017:     60510.000000           1          -87.3552   
      2018:     60540.000000           1          -87.3559   
      2019:     60570.000000           1          -87.3572   
      2020:     60600.000000           1          -87.3570   
      2021:     60630.000000           1          -87.3578   
      2022:     60660.000000           1          181.6936   
      2023:     60690.000000           1          181.6957   
      2024:     60720.000000           1          -87.3574   
      2025:     60750.000000           1          181.6997   
      2026:     60780.000000           1          -87.3578   
      2027:     60810.000000           1          181.6954   
      2028:     60840.000000           1          181.6933   
      2029:     60870.000000           1          -87.3619   
      2030:     60900.000000           1          -87.3616   
      2031:     60930.000000           1          -87.3609   
      2032:     60960.000000           1          -87.3577   
      2033:     60990.000000           1          -87.3545   
      2034:     61020.000000           1          -87.3528   
      2035:     61050.000000           1          181.7095   
      2036:     61080.000000           1          181.7080   
      2037:     61110.000000           1          181.7091   
      2038:     61140.000000           1          -87.3565   
      2039:     61170.000000           1          181.7045   
      2040:     61200.000000           1          181.6998   
      2041:     61230.000000           1          181.6974   
      2042:     61260.000000           1          181.6984   
      2043:     61290.000000           1         -191.7123   
      2044:     61320.000000           1         -191.7149   
      2045:     61350.000000           1         -191.7170   
      2046:     61380.000000           1          181.6961   
      2047:     61410.000000           1         -191.7135   
      2048:     61440.000000           1         -191.7098   
      2049:     61470.000000           1          181.7100   
      2050:     61500.000000           1         -191.7069   
      2051:     61530.000000           1         -191.7050   
      2052:     61560.000000           1          181.7094   
      2053:     61590.000000           1         -191.7086   
      2054:     61620.000000           1          181.7077   
      2055:     61650.000000           1         -191.7135   
      2056:     61680.000000           1         -191.7129   
      2057:     61710.000000           1         -191.7095   
      2058:     61740.000000           1         -191.7075   
      2059:     61770.000000           1         -191.7072   
      2060:     61800.000000           1         -191.7041   
      2061:     61830.000000           1         -191.7029   
      2062:     61860.000000           1          181.7187   
      2063:     61890.000000           1          181.7212   
      2064:     61920.000000           1          181.7232   
      2065:     61950.000000           1          181.7247   
      2066:     61980.000000           1          181.7272   
      2067:     62010.000000           1         -191.6942   
      2068:     62040.000000           1         -191.6909   
      2069:     62070.000000           1          181.7361   
      2070:     62100.000000           1          -87.3389   
      2071:     62130.000000           1            5.5666   
      2072:     62160.000000           1          -87.3348   
      2073:     62190.000000           1          -87.3325   
      2074:     62220.000000           1          -87.3304   
      2075:     62250.000000           1          181.7447   
      2076:     62280.000000           1          -87.3357   
      2077:     62310.000000           1          -87.3370   
      2078:     62340.000000           1          181.7416   
      2079:     62370.000000           1            5.5676   
      2080:     62400.000000           1          -87.3364   
      2081:     62430.000000           1          -87.3398   
      2082:     62460.000000           1          -87.3397   
      2083:     62490.000000           1          -87.3391   
      2084:     62520.000000           1          -87.3390   
      2085:     62550.000000           1          -87.3433   
      2086:     62580.000000           1          -87.3453   
      2087:     62610.000000           1          -87.3460   
      2088:     62640.000000           1          -87.3456   
      2089:     62670.000000           1          -87.3464   
      2090:     62700.000000           1          -87.3431   
      2091:     62730.000000           1          181.7304   
      2092:     62760.000000           1          -87.3430   
      2093:     62790.000000           1            5.5571   
      2094:     62820.000000           1          -87.3424   
      2095:     62850.000000           1            5.5550   
      2096:     62880.000000           1            5.5530   
      2097:     62910.000000           1            5.5541   
      2098:     62940.000000           1            5.5526   
      2099:     62970.000000           1            5.5560   
      2100:     63000.000000           1            5.5575   
      2101:     63030.000000           1            5.5602   
      2102:     63060.000000           1         -370.5624   
      2103:     63090.000000           1            5.5630   
      2104:     63120.000000           1            5.5683   
      2105:     63150.000000           1            5.5679   
      2106:     63180.000000           1            5.5697   
      2107:     63210.000000           1            5.5710   
      2108:     63240.000000           1            5.5724   
      2109:     63270.000000           1            5.5737   
      2110:     63300.000000           1            5.5745   
      2111:     63330.000000           1            5.5772   
      2112:     63360.000000           1            5.5807   
      2113:     63390.000000           1            5.5806   
      2114:     63420.000000           1          -87.3171   
      2115:     63450.000000           1          -87.3159   
      2116:     63480.000000           1          -87.3139   
      2117:     63510.000000           1          -87.3105   
      2118:     63540.000000           1          -87.3077   
      2119:     63570.000000           1          181.7689   
      2120:     63600.000000           1          181.7702   
      2121:     63630.000000           1          -87.3023   
      2122:     63660.000000           1          -87.2981   
      2123:     63690.000000           1          -87.2940   
      2124:     63720.000000           1          -87.2965   
      2125:     63750.000000           1          -87.2956   
      2126:     63780.000000           1          -87.2950   
      2127:     63810.000000           1          -87.2958   
      2128:     63840.000000           1          -87.2966   
      2129:     63870.000000           1          -87.2986   
      2130:     63900.000000           1          -87.2991   
      2131:     63930.000000           1          -87.3019   
      2132:     63960.000000           1          -87.3020   
      2133:     63990.000000           1          -87.3030   
      2134:     64020.000000           1          -87.3048   
      2135:     64050.000000           1          -87.3031   
      2136:     64080.000000           1          -87.3033   
      2137:     64110.000000           1          -87.3026   
      2138:     64140.000000           1          -87.3019   
      2139:     64170.000000           1          -87.3023   
      2140:     64200.000000           1          -87.2998   
      2141:     64230.000000           1          -87.2984   
      2142:     64260.000000           1          -87.2953   
      2143:     64290.000000           1            5.6096   
      2144:     64320.000000           1          -87.2931   
      2145:     64350.000000           1          -87.2943   
      2146:     64380.000000           1         -191.6406   
      2147:     64410.000000           1          -87.2973   
      2148:     64440.000000           1         -191.6432   
      2149:     64470.000000           1         -191.6428   
      2150:     64500.000000           1         -191.6411   
      2151:     64530.000000           1         -191.6431   
      2152:     64560.000000           1         -191.6426   
      2153:     64590.000000           1         -191.6422   
      2154:     64620.000000           1         -191.6429   
      2155:     64650.000000           1         -191.6475   
      2156:     64680.000000           1         -191.6484   
      2157:     64710.000000           1         -191.6506   
      2158:     64740.000000           1         -191.6474   
      2159:     64770.000000           1         -191.6423   
      2160:     64800.000000           1         -191.6405   
      2161:     64830.000000           1         -191.6378   
      2162:     64860.000000           1         -191.6311   
      2163:     64890.000000           1         -191.6282   
      2164:     64920.000000           1         -191.6280   
      2165:     64950.000000           1         -191.6251   
      2166:     64980.000000           1         -191.6274   
      2167:     65010.000000           1         -191.6276   
      2168:     65040.000000           1         -191.6320   
      2169:     65070.000000           1          -87.2867   
      2170:     65100.000000           1          -87.2835   
      2171:     65130.000000           1         -191.6268   
      2172:     65160.000000           1          -87.2792   
      2173:     65190.000000           1          -87.2804   
      2174:     65220.000000           1          -87.2793   
      2175:     65250.000000           1          -87.2811   
      2176:     65280.000000           1          -87.2842   
      2177:     65310.000000           1          -87.2849   
      2178:     65340.000000           1          -87.2860   
      2179:     65370.000000           1          -87.2879   
      2180:     65400.000000           1          -87.2855   
      2181:     65430.000000           1          -87.2835   
      2182:     65460.000000           1          -87.2786   
      2183:     65490.000000           1          -87.2771   
      2184:     65520.000000           1          -87.2724   
      2185:     65550.000000           1            5.6448   
      2186:     65580.000000           1            5.6457   
      2187:     65610.000000           1          -87.2683   
      2188:     65640.000000           1          -87.2651   
      2189:     65670.000000           1            5.6549   
      2190:     65700.000000           1            5.6593   
      2191:     65730.000000           1          -87.2549   
      2192:     65760.000000           1          -87.2534   
      2193:     65790.000000           1          -87.2556   
      2194:     65820.000000           1          -87.2577   
      2195:     65850.000000           1          -87.2596   
      2196:     65880.000000           1          -87.2584   
      2197:     65910.000000           1          -87.2553   
      2198:     65940.000000           1          -87.2532   
      2199:     65970.000000           1          -87.2513   
      2200:     66000.000000           1            5.6713   
      2201:     66030.000000           1         1224.7610   
      2202:     66060.000000           1         1224.8663   
      2203:     66090.000000           1         1224.8045   
      2204:     66120.000000           1         1224.7029   
      2205:     66150.000000           1            5.6748   
      2206:     66180.000000           1         1224.6345   
      2207:     66210.000000           1         1224.6066   
      2208:     66240.000000           1         1224.5648   
      2209:     66270.000000           1         1224.5250   
      2210:     66300.000000           1         1224.5007   
      2211:     66330.000000           1            5.6790   
      2212:     66360.000000           1            5.6815   
      2213:     66390.000000           1            5.6821   
      2214:     66420.000000           1            5.6811   
      2215:     66450.000000           1            5.6817   
      2216:     66480.000000           1            5.6818   
      2217:     66510.000000           1            5.6816   
      2218:     66540.000000           1            5.6823   
      2219:     66570.000000           1         -370.4927   
      2220:     66600.000000           1           91.5780   
      2221:     66630.000000           1         -370.4896   
      2222:     66660.000000           1         -370.4876   
      2223:     66690.000000           1         -370.4854   
      2224:     66720.000000           1         -370.4859   
      2225:     66750.000000           1         -370.4866   
      2226:     66780.000000           1         -370.4911   
      2227:     66810.000000           1         -370.4899   
      2228:     66840.000000           1         -370.4938   
      2229:     66870.000000           1         -370.4939   
      2230:     66900.000000           1         -370.4938   
      2231:     66930.000000           1         -370.4944   
      2232:     66960.000000           1         -370.4962   
      2233:     66990.000000           1         -370.4938   
      2234:     67020.000000           1         -370.4958   
      2235:     67050.000000           1           91.5780   
      2236:     67080.000000           1           91.5760   
      2237:     67110.000000           1           91.5734   
      2238:     67140.000000           1           91.5725   
      2239:     67170.000000           1           91.5715   
      2240:     67200.000000           1           91.5710   
      2241:     67230.000000           1           91.5735   
      2242:     67260.000000           1           91.5720   
      2243:     67290.000000           1           91.5725   
      2244:     67320.000000           1           91.5742   
      2245:     67350.000000           1         -370.5060   
      2246:     67380.000000           1         -370.5047   
      2247:     67410.000000           1         -370.5044   
      2248:     67440.000000           1         -370.5071   
      2249:     67470.000000           1         -370.5077   
      2250:     67500.000000           1         -370.5063   
      2251:     67530.000000           1         -370.5070   
      2252:     67560.000000           1         -370.5042   
      2253:     67590.000000           1         -370.5060   
      2254:     67620.000000           1         -370.5066   
      2255:     67650.000000           1         -370.5028   
      2256:     67680.000000           1         -370.5032   
      2257:     67710.000000           1         -370.5017   
      2258:     67740.000000           1         -370.5005   
      2259:     67770.000000           1         -370.5010   
      2260:     67800.000000           1         -370.5000   
      2261:     67830.000000           1            5.6874   
      2262:     67860.000000           1            5.6895   
      2263:     67890.000000           1            5.6942   
      2264:     67920.000000           1            5.6899   
      2265:     67950.000000           1            5.6890   
      2266:     67980.000000           1            5.6898   
      2267:     68010.000000           1            5.6867   
      2268:     68040.000000           1            5.6896   
      2269:     68070.000000           1            5.6896   
      2270:     68100.000000           1            5.6878   
      2271:     68130.000000           1            5.6887   
      2272:     68160.000000           1            5.6898   
      2273:     68190.000000           1            5.6876   
      2274:     68220.000000           1            5.6907   
      2275:     68250.000000           1            5.6897   
      2276:     68280.000000           1            5.6896   
      2277:     68310.000000           1            5.6868   
      2278:     68340.000000           1            5.6876   
      2279:     68370.000000           1            5.6881   
      2280:     68400.000000           1            5.6856   
      2281:     68430.000000           1            5.6871   
      2282:     68460.000000           1            5.6869   
      2283:     68490.000000           1            5.6858   
      2284:     68520.000000           1            5.6837   
      2285:     68550.000000           1            5.6833   
      2286:     68580.000000           1            5.6831   
      2287:     68610.000000           1         -370.5090   
      2288:     68640.000000           1         -370.5055   
      2289:     68670.000000           1         -370.5073   
      2290:     68700.000000           1         -370.5113   
      2291:     68730.000000           1         -370.5166   
      2292:     68760.000000           1         -370.5184   
      2293:     68790.000000           1         -370.5193   
      2294:     68820.000000           1         -370.5198   
      2295:     68850.000000           1         -370.5189   
      2296:     68880.000000           1         -370.5190   
      2297:     68910.000000           1         -370.5180   
      2298:     68940.000000           1         -370.5194   
      2299:     68970.000000           1         -370.5193   
      2300:     69000.000000           1         -370.5182   
      2301:     69030.000000           1         -370.5145   
      2302:     69060.000000           1         -370.5112   
      2303:     69090.000000           1         -370.5074   
      2304:     69120.000000           1         -370.5071   
      2305:     69150.000000           1         -370.5106   
      2306:     69180.000000           1         -370.5154   
      2307:     69210.000000           1         -370.5181   
      2308:     69240.000000           1         -370.5182   
      2309:     69270.000000           1         -370.5185   
      2310:     69300.000000           1         -370.5185   
      2311:     69330.000000           1         -370.5175   
      2312:     69360.000000           1         -370.5175   
      2313:     69390.000000           1         -370.5179   
      2314:     69420.000000           1         -370.5198   
      2315:     69450.000000           1            5.6728   
      2316:     69480.000000           1            5.6710   
      2317:     69510.000000           1            5.6720   
      2318:     69540.000000           1            5.6718   
      2319:     69570.000000           1            5.6696   
      2320:     69600.000000           1            5.6687   
      2321:     69630.000000           1            5.6691   
      2322:     69660.000000           1         -191.5880   
      2323:     69690.000000           1         -191.5904   
      2324:     69720.000000           1         -191.5888   
      2325:     69750.000000           1         -191.5890   
      2326:     69780.000000           1         -191.5891   
      2327:     69810.000000           1         -191.5905   
      2328:     69840.000000           1         -191.5907   
      2329:     69870.000000           1         -191.5948   
      2330:     69900.000000           1         -191.5971   
      2331:     69930.000000           1         -191.5972   
      2332:     69960.000000           1         -191.6005   
      2333:     69990.000000           1         -191.5981   
      2334:     70020.000000           1         -191.5969   
      2335:     70050.000000           1         -191.5960   
      2336:     70080.000000           1         -191.5947   
      2337:     70110.000000           1         -191.5928   
      2338:     70140.000000           1         -370.5356   
      2339:     70170.000000           1         -191.5945   
      2340:     70200.000000           1         -191.5984   
      2341:     70230.000000           1         -191.5972   
      2342:     70260.000000           1         -191.5948   
      2343:     70290.000000           1         -191.5970   
      2344:     70320.000000           1         -191.5947   
      2345:     70350.000000           1         -191.5945   
      2346:     70380.000000           1         -191.5964   
      2347:     70410.000000           1         -191.5993   
      2348:     70440.000000           1         -191.6013   
      2349:     70470.000000           1         -191.6049   
      2350:     70500.000000           1         -191.6055   
      2351:     70530.000000           1         -191.6083   
      2352:     70560.000000           1           13.6269   
      2353:     70590.000000           1           13.6280   
      2354:     70620.000000           1           13.6211   
      2355:     70650.000000           1           13.6040   
      2356:     70680.000000           1           13.5914   
      2357:     70710.000000           1           13.5728   
      2358:     70740.000000           1           13.5606   
      2359:     70770.000000           1           13.5421   
      2360:     70800.000000           1           13.5137   
      2361:     70830.000000           1           13.4834   
      2362:     70860.000000           1           13.4454   
      2363:     70890.000000           1           13.4229   
      2364:     70920.000000           1           13.4114   
      2365:     70950.000000           1           13.3973   
      2366:     70980.000000           1           13.3897   
      2367:     71010.000000           1           13.3837   
      2368:     71040.000000           1           13.3708   
      2369:     71070.000000           1           13.3625   
      2370:     71100.000000           1           13.3562   
      2371:     71130.000000           1           13.3563   
      2372:     71160.000000           1           13.3551   
      2373:     71190.000000           1           13.3521   
      2374:     71220.000000           1           13.3562   
      2375:     71250.000000           1           13.3518   
      2376:     71280.000000           1           13.3514   
      2377:     71310.000000           1           13.3396   
      2378:     71340.000000           1           13.3314   
      2379:     71370.000000           1           13.3182   
      2380:     71400.000000           1           13.3040   
      2381:     71430.000000           1           13.2924   
      2382:     71460.000000           1           13.2854   
      2383:     71490.000000           1           13.2733   
      2384:     71520.000000           1           13.2669   
      2385:     71550.000000           1           13.2603   
      2386:     71580.000000           1           13.2597   
      2387:     71610.000000           1           13.2583   
      2388:     71640.000000           1           13.2543   
      2389:     71670.000000           1           13.2520   
      2390:     71700.000000           1           13.2483   
      2391:     71730.000000           1           13.2443   
      2392:     71760.000000           1           13.2403   
      2393:     71790.000000           1           13.2382   
      2394:     71820.000000           1           13.2388   
      2395:     71850.000000           1           13.2398   
      2396:     71880.000000           1           13.2448   
      2397:     71910.000000           1           13.2409   
      2398:     71940.000000           1           13.2376   
      2399:     71970.000000           1           13.2393   
      2400:     72000.000000           1           13.2442   
      2401:     72030.000000           1            5.6617   
      2402:     72060.000000           1            5.6604   
      2403:     72090.000000           1            5.6590   
      2404:     72120.000000           1            5.6579   
      2405:     72150.000000           1            5.6558   
      2406:     72180.000000           1            5.6560   
      2407:     72210.000000           1            5.6549   
      2408:     72240.000000           1            5.6531   
      2409:     72270.000000           1            5.6530   
      2410:     72300.000000           1            5.6519   
      2411:     72330.000000           1            5.6546   
      2412:     72360.000000           1         -370.5416   
      2413:     72390.000000           1            5.6551   
      2414:     72420.000000           1         -370.5412   
      2415:     72450.000000           1         -370.5393   
      2416:     72480.000000           1         -370.5383   
      2417:     72510.000000           1         -370.5400   
      2418:     72540.000000           1         -370.5408   
      2419:     72570.000000           1         -370.5460   
      2420:     72600.000000           1         -370.5480   
      2421:     72630.000000           1         -370.5491   
      2422:     72660.000000           1            5.6418   
      2423:     72690.000000           1            5.6423   
      2424:     72720.000000           1            5.6405   
      2425:     72750.000000           1            5.6396   
      2426:     72780.000000           1            5.6379   
      2427:     72810.000000           1            5.6392   
      2428:     72840.000000           1            5.6369   
      2429:     72870.000000           1            5.6347   
      2430:     72900.000000           1            5.6344   
      2431:     72930.000000           1            5.6329   
      2432:     72960.000000           1           13.1328   
      2433:     72990.000000           1           13.1358   
      2434:     73020.000000           1           13.1330   
      2435:     73050.000000           1           13.1123   
      2436:     73080.000000           1           13.1167   
      2437:     73110.000000           1           13.1178   
      2438:     73140.000000           1           13.1196   
      2439:     73170.000000           1           13.1172   
      2440:     73200.000000           1           13.1141   
      2441:     73230.000000           1           13.1139   
      2442:     73260.000000           1           13.1097   
      2443:     73290.000000           1           13.1060   
      2444:     73320.000000           1           13.0994   
      2445:     73350.000000           1           13.0922   
      2446:     73380.000000           1           13.0859   
      2447:     73410.000000           1           13.0817   
      2448:     73440.000000           1           13.0783   
      2449:     73470.000000           1           13.0788   
      2450:     73500.000000           1           13.0838   
      2451:     73530.000000           1         -191.6420   
      2452:     73560.000000           1         -191.6433   
      2453:     73590.000000           1         -191.6476   
      2454:     73620.000000           1         -191.6500   
      2455:     73650.000000           1         -191.6498   
      2456:     73680.000000           1         -191.6509   
      2457:     73710.000000           1         -191.6509   
      2458:     73740.000000           1         -191.6513   
      2459:     73770.000000           1         -191.6529   
      2460:     73800.000000           1         -191.6515   
      2461:     73830.000000           1         -191.6517   
      2462:     73860.000000           1           13.0851   
      2463:     73890.000000           1         -192.6490   
      2464:     73920.000000           1         -192.7379   
      2465:     73950.000000           1         -192.6052   
      2466:     73980.000000           1         -192.6123   
      2467:     74010.000000           1         -192.5975   
      2468:     74040.000000           1         -192.5746   
      2469:     74070.000000           1         -192.5691   
      2470:     74100.000000           1         -192.5650   
      2471:     74130.000000           1         -192.5866   
      2472:     74160.000000           1         -192.5969   
      2473:     74190.000000           1         -192.6066   
      2474:     74220.000000           1         -192.6123   
      2475:     74250.000000           1         -192.6147   
      2476:     74280.000000           1         -192.6171   
      2477:     74310.000000           1         -192.6263   
      2478:     74340.000000           1         -192.6352   
      2479:     74370.000000           1         -192.6488   
      2480:     74400.000000           1         -192.6688   
      2481:     74430.000000           1         -192.6863   
      2482:     74460.000000           1         -192.6929   
      2483:     74490.000000           1         -192.6941   
      2484:     74520.000000           1         -192.6973   
      2485:     74550.000000           1         -192.6979   
      2486:     74580.000000           1         -192.7060   
      2487:     74610.000000           1         -192.7025   
      2488:     74640.000000           1         -192.7073   
      2489:     74670.000000           1         -192.7060   
      2490:     74700.000000           1         -192.7035   
      2491:     74730.000000           1         -192.7053   
      2492:     74760.000000           1         -192.7048   
      2493:     74790.000000           1         -192.7091   
      2494:     74820.000000           1         -192.7092   
      2495:     74850.000000           1         -192.7110   
      2496:     74880.000000           1         -192.7162   
      2497:     74910.000000           1         -192.7229   
      2498:     74940.000000           1         -192.7292   
      2499:     74970.000000           1         -192.7308   
      2500:     75000.000000           1         -192.7369   
      2501:     75030.000000           1         -192.7449   
      2502:     75060.000000           1         -192.7485   
      2503:     75090.000000           1         -192.7554   
      2504:     75120.000000           1         -192.7615   
      2505:     75150.000000           1         -192.7653   
      2506:     75180.000000           1         -192.7706   
      2507:     75210.000000           1         -192.7746   
      2508:     75240.000000           1         -192.7729   
      2509:     75270.000000           1         -192.7767   
      2510:     75300.000000           1         -192.7837   
      2511:     75330.000000           1         -192.7856   
      2512:     75360.000000           1           12.9485   
      2513:     75390.000000           1         -370.6923   
      2514:     75420.000000           1           12.9488   
      2515:     75450.000000           1           12.9471   
      2516:     75480.000000           1           12.9470   
      2517:     75510.000000           1           12.9482   
      2518:     75540.000000           1           12.9514   
      2519:     75570.000000           1           12.9499   
      2520:     75600.000000           1           12.9496   
      2521:     75630.000000           1           12.9504   
      2522:     75660.000000           1           12.9504   
      2523:     75690.000000           1           12.9487   
      2524:     75720.000000           1           12.9470   
      2525:     75750.000000           1           12.9438   
      2526:     75780.000000           1           12.9415   
      2527:     75810.000000           1           12.9409   
      2528:     75840.000000           1           12.9389   
      2529:     75870.000000           1           12.9342   
      2530:     75900.000000           1           12.9333   
      2531:     75930.000000           1           12.9283   
      2532:     75960.000000           1           12.9286   
      2533:     75990.000000           1           12.9282   
      2534:     76020.000000           1           12.9220   
      2535:     76050.000000           1           12.9207   
      2536:     76080.000000           1           12.9171   
      2537:     76110.000000           1           12.9157   
      2538:     76140.000000           1           12.9127   
      2539:     76170.000000           1           12.9144   
      2540:     76200.000000           1           12.9122   
      2541:     76230.000000           1           12.9049   
      2542:     76260.000000           1           12.9028   
      2543:     76290.000000           1           12.9005   
      2544:     76320.000000           1           12.9008   
      2545:     76350.000000           1           12.8994   
      2546:     76380.000000           1           12.8986   
      2547:     76410.000000           1           12.8990   
      2548:     76440.000000           1           12.8999   
      2549:     76470.000000           1           12.8978   
      2550:     76500.000000           1           12.8960   
