      1806:     54180.000000           1           34.0204   
      1810:     54300.000000           1           34.0223   
      1811:     54330.000000           1           34.0220   
      1812:     54360.000000           1           34.0225   
      1813:     54390.000000           1           34.0223   
      1814:     54420.000000           1           34.0141   
      1815:     54450.000000           1           34.0069   
      1816:     54480.000000           1           34.0035   
      1817:     54510.000000           1           33.9992   
      1818:     54540.000000           1           33.9962   
      1819:     54570.000000           1           33.9961   
      1820:     54600.000000           1           33.9962   
      1821:     54630.000000           1           33.9979   
      1822:     54660.000000           1           34.0009   
      1823:     54690.000000           1           34.0033   
      1824:     54720.000000           1           34.0037   
      1825:     54750.000000           1           34.0045   
      1826:     54780.000000           1           34.0008   
      1827:     54810.000000           1           33.9978   
      1828:     54840.000000           1           33.9965   
      1829:     54870.000000           1           33.9900   
      1830:     54900.000000           1           70.9903   
      1831:     54930.000000           1           71.0678   
      1832:     54960.000000           1           71.0638   
      1833:     54990.000000           1           71.0944   
      1834:     55020.000000           1           71.1423   
      1835:     55050.000000           1           71.1395   
      1836:     55080.000000           1           71.1834   
      1837:     55110.000000           1           71.1715   
      1838:     55140.000000           1           71.1717   
      1839:     55170.000000           1           71.1796   
      1840:     55200.000000           1           71.1632   
      1841:     55230.000000           1           71.1665   
      1842:     55260.000000           1           71.1585   
      1843:     55290.000000           1           71.1712   
      1844:     55320.000000           1           71.1671   
      1845:     55350.000000           1           71.1555   
      1846:     55380.000000           1           71.1406   
      1847:     55410.000000           1           71.1333   
      1848:     55440.000000           1           70.8591   
      1849:     55470.000000           1           70.8196   
      1850:     55500.000000           1           70.9876   
      1851:     55530.000000           1           70.9856   
      1852:     55560.000000           1           70.9775   
      1853:     55590.000000           1           70.9383   
      1854:     55620.000000           1           70.9020   
      1855:     55650.000000           1           70.8955   
      1856:     55680.000000           1           70.8851   
      1857:     55710.000000           1           70.8816   
      1858:     55740.000000           1           70.8860   
      1859:     55770.000000           1           33.9460   
      1860:     55800.000000           1           70.9201   
      1861:     55830.000000           1           70.9366   
      1862:     55860.000000           1           70.9547   
      1863:     55890.000000           1           70.9789   
      1864:     55920.000000           1           71.0049   
      1865:     55950.000000           1           71.0165   
      1866:     55980.000000           1           71.0254   
      1867:     56010.000000           1           71.0339   
      1868:     56040.000000           1           71.0424   
      1869:     56070.000000           1           71.0549   
      1870:     56100.000000           1           71.0617   
      1871:     56130.000000           1           71.0624   
      1872:     56160.000000           1           71.0632   
      1873:     56190.000000           1           71.0745   
      1874:     56220.000000           1           71.0799   
      1875:     56250.000000           1           71.0689   
      1876:     56280.000000           1           71.0665   
      1877:     56310.000000           1           71.0682   
      1878:     56340.000000           1           71.0700   
      1879:     56370.000000           1           71.0707   
      1880:     56400.000000           1           71.0637   
      1881:     56430.000000           1           71.0679   
      1882:     56460.000000           1           71.0658   
      1883:     56490.000000           1           71.0612   
      1884:     56520.000000           1           71.0554   
      1885:     56550.000000           1           71.0473   
      1886:     56580.000000           1           71.0377   
      1887:     56610.000000           1           71.0347   
      1888:     56640.000000           1           71.0304   
      1889:     56670.000000           1           71.0221   
      1890:     56700.000000           1           71.0224   
      1891:     56730.000000           1           71.0219   
      1892:     56760.000000           1           71.0162   
      1893:     56790.000000           1           71.0115   
      1894:     56820.000000           1           71.0064   
      1895:     56850.000000           1           71.0018   
      1896:     56880.000000           1           70.9973   
      1897:     56910.000000           1           70.9972   
      1898:     56940.000000           1           70.9940   
      1899:     56970.000000           1           33.8851   
      1900:     57000.000000           1           33.8824   
      1901:     57030.000000           1           33.8820   
      1902:     57060.000000           1           33.8807   
      1903:     57090.000000           1           33.8803   
      1904:     57120.000000           1           33.8782   
      1905:     57150.000000           1           33.8738   
      1906:     57180.000000           1           33.8766   
      1907:     57210.000000           1           33.8734   
      1908:     57240.000000           1           33.8715   
      1909:     57270.000000           1           33.8686   
      1910:     57300.000000           1           33.8668   
      1911:     57330.000000           1           33.8628   
      1912:     57360.000000           1           33.8630   
      1913:     57390.000000           1           33.8617   
      1914:     57420.000000           1           33.8616   
      1915:     57450.000000           1           33.8629   
      1916:     57480.000000           1           33.8598   
      1917:     57510.000000           1           33.8641   
      1918:     57540.000000           1           33.8628   
      1919:     57570.000000           1           33.8639   
      1920:     57600.000000           1           33.8618   
      1921:     57630.000000           1           33.8603   
      1922:     57660.000000           1           33.8610   
      1923:     57690.000000           1           70.9028   
      1924:     57720.000000           1           33.8524   
      1925:     57750.000000           1           33.8507   
      1926:     57780.000000           1           70.8967   
      1927:     57810.000000           1           33.8527   
      1928:     57840.000000           1           70.8978   
      1929:     57870.000000           1           70.9014   
      1930:     57900.000000           1           70.8990   
      1931:     57930.000000           1           70.9007   
      1932:     57960.000000           1           70.9000   
      1933:     57990.000000           1           70.8970   
      1934:     58020.000000           1           70.8919   
      1935:     58050.000000           1           70.8898   
      1936:     58080.000000           1           70.8896   
      1937:     58110.000000           1           70.8875   
      1938:     58140.000000           1           70.8879   
      1939:     58170.000000           1           70.8852   
      1940:     58200.000000           1           70.8824   
      1941:     58230.000000           1           70.8795   
      1942:     58260.000000           1           70.8790   
      1943:     58290.000000           1           70.8746   
      1944:     58320.000000           1           70.8684   
      1945:     58350.000000           1           70.8655   
      1946:     58380.000000           1           70.8626   
      1947:     58410.000000           1           70.8602   
      1948:     58440.000000           1           70.8556   
      1949:     58470.000000           1           70.8484   
      1950:     58500.000000           1           70.8460   
      1951:     58530.000000           1           70.8422   
      1952:     58560.000000           1           70.8356   
      1953:     58590.000000           1           70.8371   
      1954:     58620.000000           1           70.8351   
      1955:     58650.000000           1           70.8320   
      1956:     58680.000000           1           70.8238   
      1957:     58710.000000           1           70.8142   
      1958:     58740.000000           1           70.8070   
      1959:     58770.000000           1           70.8030   
      1960:     58800.000000           1           70.8015   
      1961:     58830.000000           1           70.7997   
      1962:     58860.000000           1           70.7955   
      1963:     58890.000000           1           70.7894   
      1964:     58920.000000           1           70.7858   
      1965:     58950.000000           1           70.7816   
      1966:     58980.000000           1           70.7768   
      1967:     59010.000000           1           70.7736   
      1968:     59040.000000           1           70.7664   
      1969:     59070.000000           1           70.7603   
      1970:     59100.000000           1           70.7597   
      1971:     59130.000000           1           70.7542   
      1972:     59160.000000           1           70.7448   
      1973:     59190.000000           1           70.7398   
      1974:     59220.000000           1           70.7397   
      1975:     59250.000000           1           70.7376   
      1976:     59280.000000           1           70.7362   
      1977:     59310.000000           1           70.7359   
      1978:     59340.000000           1           70.7367   
      1979:     59370.000000           1           70.7352   
      1980:     59400.000000           1           70.7331   
      1981:     59430.000000           1           70.7337   
      1982:     59460.000000           1           70.7320   
      1983:     59490.000000           1           70.7316   
      1984:     59520.000000           1           70.7267   
      1985:     59550.000000           1           70.7249   
      1986:     59580.000000           1           70.7181   
      1987:     59610.000000           1           70.7159   
      1988:     59640.000000           1           70.7173   
      1989:     59670.000000           1           70.7154   
      1990:     59700.000000           1           70.7133   
      1991:     59730.000000           1           70.7111   
      1992:     59760.000000           1           70.7073   
      1993:     59790.000000           1           70.7067   
      1994:     59820.000000           1           70.7046   
      1995:     59850.000000           1           70.7056   
      1996:     59880.000000           1           70.7027   
      1997:     59910.000000           1           70.6968   
      1998:     59940.000000           1           70.6987   
      1999:     59970.000000           1           70.6977   
      2000:     60000.000000           1           70.6984   
      2001:     60030.000000           1           70.6971   
      2002:     60060.000000           1           70.6991   
      2003:     60090.000000           1           70.7021   
      2004:     60120.000000           1           70.7006   
      2005:     60150.000000           1           70.7053   
      2006:     60180.000000           1           70.7069   
      2007:     60210.000000           1           70.7063   
      2008:     60240.000000           1           70.7079   
      2009:     60270.000000           1           70.7074   
      2010:     60300.000000           1           70.7061   
      2011:     60330.000000           1           70.7066   
      2012:     60360.000000           1           70.7120   
      2013:     60390.000000           1           70.7114   
      2014:     60420.000000           1           70.7110   
      2015:     60450.000000           1           70.7081   
      2016:     60480.000000           1           70.7047   
      2017:     60510.000000           1           70.7005   
      2018:     60540.000000           1           70.7002   
      2019:     60570.000000           1           70.6991   
      2020:     60600.000000           1           70.6993   
      2021:     60630.000000           1           70.6986   
      2022:     60660.000000           1           70.6957   
      2023:     60690.000000           1           70.6973   
      2024:     60720.000000           1           70.7005   
      2025:     60750.000000           1           70.7028   
      2026:     60780.000000           1           70.7012   
      2027:     60810.000000           1           70.6989   
      2028:     60840.000000           1           70.6967   
      2029:     60870.000000           1           70.6975   
      2030:     60900.000000           1           70.6989   
      2031:     60930.000000           1           70.7008   
      2032:     60960.000000           1           70.7052   
      2033:     60990.000000           1           70.7094   
      2034:     61020.000000           1           70.7112   
      2035:     61050.000000           1           70.7139   
      2036:     61080.000000           1           70.7112   
      2037:     61110.000000           1           70.7114   
      2038:     61140.000000           1           70.7060   
      2039:     61170.000000           1           70.7053   
      2040:     61200.000000           1           70.6999   
      2041:     61230.000000           1           70.6972   
      2042:     61260.000000           1           70.6979   
      2043:     61290.000000           1           70.6958   
      2044:     61320.000000           1           70.6938   
      2045:     61350.000000           1           70.6923   
      2046:     61380.000000           1           70.6928   
      2047:     61410.000000           1           70.6960   
      2048:     61440.000000           1           70.7001   
      2049:     61470.000000           1           70.7052   
      2050:     61500.000000           1           70.7035   
      2051:     61530.000000           1           70.7063   
      2052:     61560.000000           1           70.7034   
      2053:     61590.000000           1           70.7038   
      2054:     61620.000000           1           70.7005   
      2055:     61650.000000           1           70.6996   
      2056:     61680.000000           1           70.7009   
      2057:     61710.000000           1           70.7044   
      2058:     61740.000000           1           70.7067   
      2059:     61770.000000           1           70.7067   
      2060:     61800.000000           1           70.7100   
      2061:     61830.000000           1           70.7115   
      2062:     61860.000000           1           70.7113   
      2063:     61890.000000           1           70.7135   
      2064:     61920.000000           1           70.7151   
      2065:     61950.000000           1           70.7166   
      2066:     61980.000000           1           70.7188   
      2067:     62010.000000           1           70.7198   
      2068:     62040.000000           1           70.7237   
      2069:     62070.000000           1           70.7272   
      2070:     62100.000000           1           70.7294   
      2071:     62130.000000           1           70.7308   
      2072:     62160.000000           1           70.7340   
      2073:     62190.000000           1           70.7363   
      2074:     62220.000000           1           70.7388   
      2075:     62250.000000           1           70.7366   
      2076:     62280.000000           1           70.7333   
      2077:     62310.000000           1           70.7319   
      2078:     62340.000000           1           70.7344   
      2079:     62370.000000           1           70.7340   
      2080:     62400.000000           1           70.7333   
      2081:     62430.000000           1           70.7298   
      2082:     62460.000000           1           70.7301   
      2083:     62490.000000           1           70.7306   
      2084:     62520.000000           1           70.7307   
      2085:     62550.000000           1           70.7260   
      2086:     62580.000000           1           70.7236   
      2087:     62610.000000           1           70.7227   
      2088:     62640.000000           1           70.7229   
      2089:     62670.000000           1           70.7220   
      2090:     62700.000000           1           70.7261   
      2091:     62730.000000           1           70.7242   
      2092:     62760.000000           1           70.7268   
      2093:     62790.000000           1           70.7277   
      2094:     62820.000000           1           70.7281   
      2095:     62850.000000           1           70.7266   
      2096:     62880.000000           1           70.7251   
      2097:     62910.000000           1           70.7268   
      2098:     62940.000000           1           70.7256   
      2099:     62970.000000           1           70.7297   
      2100:     63000.000000           1           70.7317   
      2101:     63030.000000           1           70.7348   
      2102:     63060.000000           1           70.7368   
      2103:     63090.000000           1           70.7384   
      2104:     63120.000000           1           70.7435   
      2105:     63150.000000           1           70.7433   
      2106:     63180.000000           1           70.7450   
      2107:     63210.000000           1           70.7462   
      2108:     63240.000000           1           70.7476   
      2109:     63270.000000           1           70.7491   
      2110:     63300.000000           1           70.7499   
      2111:     63330.000000           1           70.7530   
      2112:     63360.000000           1           70.7567   
      2113:     63390.000000           1           70.7569   
      2114:     63420.000000           1           70.7587   
      2115:     63450.000000           1           70.7603   
      2116:     63480.000000           1           70.7628   
      2117:     63510.000000           1           70.7669   
      2118:     63540.000000           1           70.7704   
      2119:     63570.000000           1           70.7733   
      2120:     63600.000000           1           70.7749   
      2121:     63630.000000           1           70.7773   
      2122:     63660.000000           1           70.7818   
      2123:     63690.000000           1           70.7865   
      2124:     63720.000000           1           70.7841   
      2125:     63750.000000           1           70.7853   
      2126:     63780.000000           1           70.7861   
      2127:     63810.000000           1           70.7855   
      2128:     63840.000000           1           70.7849   
      2129:     63870.000000           1           70.7831   
      2130:     63900.000000           1           70.7828   
      2131:     63930.000000           1           70.7801   
      2132:     63960.000000           1           70.7799   
      2133:     63990.000000           1           70.7789   
      2134:     64020.000000           1           70.7765   
      2135:     64050.000000           1           70.7784   
      2136:     64080.000000           1           70.7779   
      2137:     64110.000000           1           70.7786   
      2138:     64140.000000           1           70.7792   
      2139:     64170.000000           1           70.7785   
      2140:     64200.000000           1           70.7811   
      2141:     64230.000000           1           70.7825   
      2142:     64260.000000           1           70.7854   
      2143:     64290.000000           1           70.7868   
      2144:     64320.000000           1           70.7876   
      2145:     64350.000000           1           70.7865   
      2146:     64380.000000           1           70.7839   
      2147:     64410.000000           1           70.7828   
      2148:     64440.000000           1           70.7813   
      2149:     64470.000000           1           70.7820   
      2150:     64500.000000           1           70.7840   
      2151:     64530.000000           1           70.7819   
      2152:     64560.000000           1           70.7823   
      2153:     64590.000000           1           70.7826   
      2154:     64620.000000           1           70.7818   
      2155:     64650.000000           1           70.7767   
      2156:     64680.000000           1           70.7754   
      2157:     64710.000000           1           70.7731   
      2158:     64740.000000           1           70.7763   
      2159:     64770.000000           1           70.7815   
      2160:     64800.000000           1           70.7832   
      2161:     64830.000000           1           70.7857   
      2162:     64860.000000           1           70.7922   
      2163:     64890.000000           1           70.7948   
      2164:     64920.000000           1           70.7945   
      2165:     64950.000000           1           70.7970   
      2166:     64980.000000           1           70.7943   
      2167:     65010.000000           1           70.7942   
      2168:     65040.000000           1           70.7897   
      2169:     65070.000000           1           70.7912   
      2170:     65100.000000           1           70.7944   
      2171:     65130.000000           1           70.7950   
      2172:     65160.000000           1           70.7988   
      2173:     65190.000000           1           70.7971   
      2174:     65220.000000           1           70.7979   
      2175:     65250.000000           1           70.7957   
      2176:     65280.000000           1           70.7917   
      2177:     65310.000000           1           70.7908   
      2178:     65340.000000           1           70.7894   
      2179:     65370.000000           1           70.7871   
      2180:     65400.000000           1           70.7895   
      2181:     65430.000000           1           70.7915   
      2182:     65460.000000           1           70.7967   
      2183:     65490.000000           1           70.7982   
      2184:     65520.000000           1           70.8031   
      2185:     65550.000000           1           70.8051   
      2186:     65580.000000           1           70.8060   
      2187:     65610.000000           1           70.8077   
      2188:     65640.000000           1           70.8112   
      2189:     65670.000000           1           70.8152   
      2190:     65700.000000           1           70.8195   
      2191:     65730.000000           1           70.8218   
      2192:     65760.000000           1           70.8231   
      2193:     65790.000000           1           70.8206   
      2194:     65820.000000           1           70.8180   
      2195:     65850.000000           1           70.8157   
      2196:     65880.000000           1           70.8167   
      2197:     65910.000000           1           70.8198   
      2198:     65940.000000           1           70.8217   
      2199:     65970.000000           1           70.8235   
      2200:     66000.000000           1           70.8273   
      2201:     66030.000000           1           70.8305   
      2202:     66060.000000           1           70.8322   
      2203:     66090.000000           1           70.8292   
      2204:     66120.000000           1           70.8288   
      2205:     66150.000000           1           70.8280   
      2206:     66180.000000           1           70.8265   
      2207:     66210.000000           1           70.8260   
      2208:     66240.000000           1           70.8269   
      2209:     66270.000000           1           70.8264   
      2210:     66300.000000           1           70.8273   
      2211:     66330.000000           1           70.8298   
      2212:     66360.000000           1           70.8319   
      2213:     66390.000000           1           70.8323   
      2214:     66420.000000           1           70.8313   
      2215:     66450.000000           1           70.8317   
      2216:     66480.000000           1           70.8319   
      2217:     66510.000000           1           70.8319   
      2218:     66540.000000           1           70.8330   
      2219:     66570.000000           1           70.8311   
      2220:     66600.000000           1           70.8337   
      2221:     66630.000000           1           70.8351   
      2222:     66660.000000           1           70.8376   
      2223:     66690.000000           1           70.8402   
      2224:     66720.000000           1           70.8399   
      2225:     66750.000000           1           70.8393   
      2226:     66780.000000           1           70.8348   
      2227:     66810.000000           1           70.8364   
      2228:     66840.000000           1           70.8328   
      2229:     66870.000000           1           70.8330   
      2230:     66900.000000           1           70.8334   
      2231:     66930.000000           1           70.8329   
      2232:     66960.000000           1           70.8310   
      2233:     66990.000000           1           70.8336   
      2234:     67020.000000           1           70.8319   
      2235:     67050.000000           1           70.8271   
      2236:     67080.000000           1           70.8250   
      2237:     67110.000000           1           70.8220   
      2238:     67140.000000           1           70.8206   
      2239:     67170.000000           1           70.8194   
      2240:     67200.000000           1           70.8186   
      2241:     67230.000000           1           70.8211   
      2242:     67260.000000           1           70.8193   
      2243:     67290.000000           1           70.8197   
      2244:     67320.000000           1           70.8212   
      2245:     67350.000000           1           70.8232   
      2246:     67380.000000           1           70.8246   
      2247:     67410.000000           1           70.8250   
      2248:     67440.000000           1           70.8226   
      2249:     67470.000000           1           70.8223   
      2250:     67500.000000           1           70.8238   
      2251:     67530.000000           1           70.8233   
      2252:     67560.000000           1           70.8263   
      2253:     67590.000000           1           70.8247   
      2254:     67620.000000           1           70.8241   
      2255:     67650.000000           1           70.8280   
      2256:     67680.000000           1           70.8278   
      2257:     67710.000000           1           70.8294   
      2258:     67740.000000           1           70.8308   
      2259:     67770.000000           1           70.8302   
      2260:     67800.000000           1           70.8312   
      2261:     67830.000000           1           70.8293   
      2262:     67860.000000           1           70.8310   
      2263:     67890.000000           1           70.8356   
      2264:     67920.000000           1           70.8311   
      2265:     67950.000000           1           70.8297   
      2266:     67980.000000           1           70.8302   
      2267:     68010.000000           1           70.8264   
      2268:     68040.000000           1           70.8287   
      2269:     68070.000000           1           70.8285   
      2270:     68100.000000           1           70.8263   
      2271:     68130.000000           1           70.8269   
      2272:     68160.000000           1           70.8279   
      2273:     68190.000000           1           70.8254   
      2274:     68220.000000           1           70.8285   
      2275:     68250.000000           1           70.8275   
      2276:     68280.000000           1           70.8277   
      2277:     68310.000000           1           70.8249   
      2278:     68340.000000           1           70.8261   
      2279:     68370.000000           1           70.8269   
      2280:     68400.000000           1           70.8248   
      2281:     68430.000000           1           70.8265   
      2282:     68460.000000           1           70.8267   
      2283:     68490.000000           1           70.8257   
      2284:     68520.000000           1           70.8235   
      2285:     68550.000000           1           70.8229   
      2286:     68580.000000           1           70.8228   
      2287:     68610.000000           1           70.8242   
      2288:     68640.000000           1           70.8277   
      2289:     68670.000000           1           70.8258   
      2290:     68700.000000           1           70.8217   
      2291:     68730.000000           1           70.8163   
      2292:     68760.000000           1           70.8145   
      2293:     68790.000000           1           70.8137   
      2294:     68820.000000           1           70.8131   
      2295:     68850.000000           1           70.8141   
      2296:     68880.000000           1           70.8139   
      2297:     68910.000000           1           70.8151   
      2298:     68940.000000           1           70.8137   
      2299:     68970.000000           1           70.8140   
      2300:     69000.000000           1           70.8154   
      2301:     69030.000000           1           70.8190   
      2302:     69060.000000           1           70.8225   
      2303:     69090.000000           1           70.8265   
      2304:     69120.000000           1           70.8269   
      2305:     69150.000000           1           70.8236   
      2306:     69180.000000           1           70.8190   
      2307:     69210.000000           1           70.8167   
      2308:     69240.000000           1           70.8167   
      2309:     69270.000000           1           70.8168   
      2310:     69300.000000           1           70.8172   
      2311:     69330.000000           1           70.8185   
      2312:     69360.000000           1           70.8189   
      2313:     69390.000000           1           70.8186   
      2314:     69420.000000           1           70.8167   
      2315:     69450.000000           1           70.8132   
      2316:     69480.000000           1           70.8113   
      2317:     69510.000000           1           70.8121   
      2318:     69540.000000           1           70.8118   
      2319:     69570.000000           1           70.8093   
      2320:     69600.000000           1           70.8082   
      2321:     69630.000000           1           70.8083   
      2322:     69660.000000           1           70.8108   
      2323:     69690.000000           1           70.8081   
      2324:     69720.000000           1           70.8096   
      2325:     69750.000000           1           70.8091   
      2326:     69780.000000           1           70.8090   
      2327:     69810.000000           1           70.8074   
      2328:     69840.000000           1           70.8073   
      2329:     69870.000000           1           70.8029   
      2330:     69900.000000           1           70.8005   
      2331:     69930.000000           1           70.8003   
      2332:     69960.000000           1           70.7969   
      2333:     69990.000000           1           70.7994   
      2334:     70020.000000           1           70.8005   
      2335:     70050.000000           1           70.8015   
      2336:     70080.000000           1           70.8028   
      2337:     70110.000000           1           70.8048   
      2338:     70140.000000           1           70.8034   
      2339:     70170.000000           1           70.8030   
      2340:     70200.000000           1           70.7986   
      2341:     70230.000000           1           70.8003   
      2342:     70260.000000           1           70.8028   
      2343:     70290.000000           1           70.8008   
      2344:     70320.000000           1           70.8032   
      2345:     70350.000000           1           70.8035   
      2346:     70380.000000           1           70.8015   
      2347:     70410.000000           1           70.7985   
      2348:     70440.000000           1           70.7963   
      2349:     70470.000000           1           70.7924   
      2350:     70500.000000           1           70.7915   
      2351:     70530.000000           1           70.7882   
      2352:     70560.000000           1           70.7866   
      2353:     70590.000000           1           70.7860   
      2354:     70620.000000           1           70.7866   
      2355:     70650.000000           1           70.7878   
      2356:     70680.000000           1           70.7904   
      2357:     70710.000000           1           70.7915   
      2358:     70740.000000           1           70.7925   
      2359:     70770.000000           1           70.7928   
      2360:     70800.000000           1           70.7911   
      2361:     70830.000000           1           70.7902   
      2362:     70860.000000           1           70.7851   
      2363:     70890.000000           1           70.7843   
      2364:     70920.000000           1           70.7826   
      2365:     70950.000000           1           70.7823   
      2366:     70980.000000           1           70.7817   
      2367:     71010.000000           1           70.7839   
      2368:     71040.000000           1           70.7811   
      2369:     71070.000000           1           70.7803   
      2370:     71100.000000           1           70.7789   
      2371:     71130.000000           1           70.7791   
      2372:     71160.000000           1           70.7811   
      2373:     71190.000000           1           70.7834   
      2374:     71220.000000           1           70.7852   
      2375:     71250.000000           1           70.7882   
      2376:     71280.000000           1           70.7909   
      2377:     71310.000000           1           70.7908   
      2378:     71340.000000           1           70.7930   
      2379:     71370.000000           1           70.7950   
      2380:     71400.000000           1           70.7930   
      2381:     71430.000000           1           70.7915   
      2382:     71460.000000           1           70.7888   
      2383:     71490.000000           1           70.7875   
      2384:     71520.000000           1           70.7874   
      2385:     71550.000000           1           70.7865   
      2386:     71580.000000           1           70.7842   
      2387:     71610.000000           1           70.7857   
      2388:     71640.000000           1           70.7847   
      2389:     71670.000000           1           70.7875   
      2390:     71700.000000           1           70.7879   
      2391:     71730.000000           1           70.7874   
      2392:     71760.000000           1           70.7893   
      2393:     71790.000000           1           70.7925   
      2394:     71820.000000           1           70.7959   
      2395:     71850.000000           1           70.7991   
      2396:     71880.000000           1           70.8029   
      2397:     71910.000000           1           70.8035   
      2398:     71940.000000           1           70.8030   
      2399:     71970.000000           1           70.8037   
      2400:     72000.000000           1           70.8023   
      2401:     72030.000000           1           70.8024   
      2402:     72060.000000           1           70.8012   
      2403:     72090.000000           1           70.7997   
      2404:     72120.000000           1           70.7985   
      2405:     72150.000000           1           70.7965   
      2406:     72180.000000           1           70.7967   
      2407:     72210.000000           1           70.7956   
      2408:     72240.000000           1           70.7939   
      2409:     72270.000000           1           70.7939   
      2410:     72300.000000           1           70.7930   
      2411:     72330.000000           1           70.7958   
      2412:     72360.000000           1           70.7958   
      2413:     72390.000000           1           70.7964   
      2414:     72420.000000           1           70.7962   
      2415:     72450.000000           1           70.7982   
      2416:     72480.000000           1           70.7991   
      2417:     72510.000000           1           70.7973   
      2418:     72540.000000           1           70.7965   
      2419:     72570.000000           1           70.7911   
      2420:     72600.000000           1           70.7890   
      2421:     72630.000000           1           70.7879   
      2422:     72660.000000           1           70.7833   
      2423:     72690.000000           1           70.7838   
      2424:     72720.000000           1           70.7821   
      2425:     72750.000000           1           70.7812   
      2426:     72780.000000           1           70.7797   
      2427:     72810.000000           1           70.7811   
      2428:     72840.000000           1           70.7789   
      2429:     72870.000000           1           70.7768   
      2430:     72900.000000           1           70.7766   
      2431:     72930.000000           1           70.7751   
      2432:     72960.000000           1           70.7743   
      2433:     72990.000000           1           70.7764   
      2434:     73020.000000           1           70.7743   
      2435:     73050.000000           1           70.7746   
      2436:     73080.000000           1           70.7753   
      2437:     73110.000000           1           70.7760   
      2438:     73140.000000           1           70.7773   
      2439:     73170.000000           1           70.7751   
      2440:     73200.000000           1           70.7729   
      2441:     73230.000000           1           70.7720   
      2442:     73260.000000           1           70.7696   
      2443:     73290.000000           1           70.7691   
      2444:     73320.000000           1           70.7650   
      2445:     73350.000000           1           70.7616   
      2446:     73380.000000           1           70.7571   
      2447:     73410.000000           1           70.7545   
      2448:     73440.000000           1           70.7526   
      2449:     73470.000000           1           70.7525   
      2450:     73500.000000           1           70.7553   
      2451:     73530.000000           1           70.7561   
      2452:     73560.000000           1           70.7547   
      2453:     73590.000000           1           70.7503   
      2454:     73620.000000           1           70.7477   
      2455:     73650.000000           1           70.7479   
      2456:     73680.000000           1           70.7466   
      2457:     73710.000000           1           70.7466   
      2458:     73740.000000           1           70.7462   
      2459:     73770.000000           1           70.7447   
      2460:     73800.000000           1           70.7462   
      2461:     73830.000000           1           70.7460   
      2462:     73860.000000           1           70.7448   
      2463:     73890.000000           1           70.7440   
      2464:     73920.000000           1           70.7420   
      2465:     73950.000000           1           70.7382   
      2466:     73980.000000           1           70.7353   
      2467:     74010.000000           1           70.7347   
      2468:     74040.000000           1           70.7359   
      2469:     74070.000000           1           70.7371   
      2470:     74100.000000           1           70.7362   
      2471:     74130.000000           1           70.7341   
      2472:     74160.000000           1           70.7321   
      2473:     74190.000000           1           70.7295   
      2474:     74220.000000           1           70.7282   
      2475:     74250.000000           1           70.7287   
      2476:     74280.000000           1           70.7260   
      2477:     74310.000000           1           70.7260   
      2478:     74340.000000           1           70.7230   
      2479:     74370.000000           1           70.7222   
      2480:     74400.000000           1           70.7164   
      2481:     74430.000000           1           70.7128   
      2482:     74460.000000           1           70.7111   
      2483:     74490.000000           1           70.7104   
      2484:     74520.000000           1           70.7087   
      2485:     74550.000000           1           70.7088   
      2486:     74580.000000           1           70.7046   
      2487:     74610.000000           1           70.7030   
      2488:     74640.000000           1           70.6979   
      2489:     74670.000000           1           70.6958   
      2490:     74700.000000           1           70.6935   
      2491:     74730.000000           1           70.6924   
      2492:     74760.000000           1           70.6898   
      2493:     74790.000000           1           70.6881   
      2494:     74820.000000           1           70.6867   
      2495:     74850.000000           1           70.6860   
      2496:     74880.000000           1           70.6848   
      2497:     74910.000000           1           70.6821   
      2498:     74940.000000           1           70.6792   
      2499:     74970.000000           1           70.6786   
      2500:     75000.000000           1           70.6781   
      2501:     75030.000000           1           70.6756   
      2502:     75060.000000           1           70.6730   
      2503:     75090.000000           1           70.6696   
      2504:     75120.000000           1           70.6652   
      2505:     75150.000000           1           70.6629   
      2506:     75180.000000           1           70.6590   
      2507:     75210.000000           1           70.6571   
      2508:     75240.000000           1           70.6583   
      2509:     75270.000000           1           70.6550   
      2510:     75300.000000           1           70.6480   
      2511:     75330.000000           1           70.6451   
      2512:     75360.000000           1           70.6442   
      2513:     75390.000000           1           70.6429   
      2514:     75420.000000           1           70.6402   
      2515:     75450.000000           1           70.6377   
      2516:     75480.000000           1           70.6350   
      2517:     75510.000000           1           70.6342   
      2518:     75540.000000           1           70.6352   
      2519:     75570.000000           1           70.6322   
      2520:     75600.000000           1           70.6298   
      2521:     75630.000000           1           70.6294   
      2522:     75660.000000           1           70.6285   
      2523:     75690.000000           1           70.6260   
      2524:     75720.000000           1           70.6239   
      2525:     75750.000000           1           70.6207   
      2526:     75780.000000           1           70.6183   
      2527:     75810.000000           1           70.6171   
      2528:     75840.000000           1           70.6154   
      2529:     75870.000000           1           70.6118   
      2530:     75900.000000           1           70.6116   
      2531:     75930.000000           1           70.6077   
      2532:     75960.000000           1           70.6078   
      2533:     75990.000000           1           70.6071   
      2534:     76020.000000           1           70.6024   
      2535:     76050.000000           1           70.6011   
      2536:     76080.000000           1           70.5983   
      2537:     76110.000000           1           70.5970   
      2538:     76140.000000           1           70.5941   
      2539:     76170.000000           1           70.5951   
      2540:     76200.000000           1           70.5928   
      2541:     76230.000000           1           70.5856   
      2542:     76260.000000           1           70.5836   
      2543:     76290.000000           1           70.5806   
      2544:     76320.000000           1           70.5799   
      2545:     76350.000000           1           70.5776   
      2546:     76380.000000           1           70.5756   
      2547:     76410.000000           1           70.5747   
      2548:     76440.000000           1           70.5745   
      2549:     76470.000000           1           70.5709   
      2550:     76500.000000           1           70.5673   
      2551:     76530.000000           1           70.5670   
      2552:     76560.000000           1           70.5673   
      2553:     76590.000000           1           70.5661   
      2554:     76620.000000           1           70.5638   
      2555:     76650.000000           1           70.5619   
      2556:     76680.000000           1           70.5599   
      2557:     76710.000000           1           70.5603   
      2558:     76740.000000           1           70.5590   
      2559:     76770.000000           1           70.5586   
      2560:     76800.000000           1           70.5561   
      2561:     76830.000000           1           70.5530   
      2562:     76860.000000           1           70.5497   
      2563:     76890.000000           1           70.5499   
      2564:     76920.000000           1           70.5464   
      2565:     76950.000000           1           70.5437   
      2566:     76980.000000           1           70.5404   
      2567:     77010.000000           1           70.5383   
      2568:     77040.000000           1           70.5343   
      2569:     77070.000000           1           70.5308   
      2570:     77100.000000           1           70.5279   
      2571:     77130.000000           1           70.5233   
      2572:     77160.000000           1           70.5204   
      2573:     77190.000000           1           70.5151   
      2574:     77220.000000           1           70.5127   
      2575:     77250.000000           1           70.5106   
      2576:     77280.000000           1           70.5080   
      2577:     77310.000000           1           70.5048   
      2578:     77340.000000           1           70.4994   
      2579:     77370.000000           1           70.4940   
      2580:     77400.000000           1           70.4899   
      2581:     77430.000000           1           70.4873   
      2582:     77460.000000           1           70.4835   
      2583:     77490.000000           1           70.4813   
      2584:     77520.000000           1           70.4785   
      2585:     77550.000000           1           70.4773   
      2586:     77580.000000           1           70.4755   
      2587:     77610.000000           1           70.4743   
      2588:     77640.000000           1           70.4735   
      2589:     77670.000000           1           70.4703   
      2590:     77700.000000           1           70.4703   
      2591:     77730.000000           1           70.4698   
      2592:     77760.000000           1           70.4668   
      2593:     77790.000000           1           70.4635   
      2594:     77820.000000           1           70.4620   
      2595:     77850.000000           1           70.4608   
      2596:     77880.000000           1           70.4615   
      2597:     77910.000000           1           70.4591   
      2598:     77940.000000           1           70.4566   
      2599:     77970.000000           1           70.4536   
      2600:     78000.000000           1           70.4514   
      2601:     78030.000000           1           70.4481   
      2602:     78060.000000           1           70.4460   
      2603:     78090.000000           1           70.4427   
      2604:     78120.000000           1           70.4404   
      2605:     78150.000000           1           70.4350   
      2606:     78180.000000           1           70.4300   
      2607:     78210.000000           1           70.4246   
      2608:     78240.000000           1           70.4217   
      2609:     78270.000000           1           70.4198   
      2610:     78300.000000           1           70.4161   
      2611:     78330.000000           1           70.4125   
      2612:     78360.000000           1           70.4097   
      2613:     78390.000000           1           70.4092   
      2614:     78420.000000           1           70.4094   
      2615:     78450.000000           1           70.4098   
      2616:     78480.000000           1           70.4083   
      2617:     78510.000000           1           70.4073   
      2618:     78540.000000           1           70.4062   
      2619:     78570.000000           1           70.4049   
      2620:     78600.000000           1           70.4004   
      2621:     78630.000000           1           70.3964   
      2622:     78660.000000           1           70.3918   
      2623:     78690.000000           1           70.3881   
      2624:     78720.000000           1           70.3824   
      2625:     78750.000000           1           70.3767   
      2626:     78780.000000           1           70.3717   
      2627:     78810.000000           1           70.3667   
      2628:     78840.000000           1           70.3636   
      2629:     78870.000000           1           70.3593   
      2630:     78900.000000           1           70.3550   
      2631:     78930.000000           1           70.3523   
      2632:     78960.000000           1           70.3505   
      2633:     78990.000000           1           70.3497   
      2634:     79020.000000           1           70.3494   
      2635:     79050.000000           1           70.3476   
      2636:     79080.000000           1           70.3466   
      2637:     79110.000000           1           70.3448   
      2638:     79140.000000           1           70.3439   
      2639:     79170.000000           1           70.3410   
      2640:     79200.000000           1           70.3359   
      2641:     79230.000000           1           70.3334   
      2642:     79260.000000           1           70.3287   
      2643:     79290.000000           1           70.3233   
      2644:     79320.000000           1           70.3202   
      2645:     79350.000000           1           70.3164   
      2646:     79380.000000           1           70.3131   
      2647:     79410.000000           1           70.3105   
      2648:     79440.000000           1           70.3075   
      2649:     79470.000000           1           70.3035   
      2650:     79500.000000           1           70.3014   
      2651:     79530.000000           1           70.2984   
      2652:     79560.000000           1           70.2954   
      2653:     79590.000000           1           70.2923   
      2654:     79620.000000           1           70.2887   
      2655:     79650.000000           1           70.2844   
      2656:     79680.000000           1           70.2806   
      2657:     79710.000000           1           70.2746   
      2658:     79740.000000           1           70.2738   
      2659:     79770.000000           1           70.2710   
      2660:     79800.000000           1           70.2696   
      2661:     79830.000000           1           70.2653   
      2662:     79860.000000           1           70.2626   
      2663:     79890.000000           1           70.2568   
      2664:     79920.000000           1           70.2534   
      2665:     79950.000000           1           70.2507   
      2666:     79980.000000           1           70.2478   
      2667:     80010.000000           1           70.2437   
      2668:     80040.000000           1           70.2414   
      2669:     80070.000000           1           70.2370   
      2670:     80100.000000           1           70.2353   
      2671:     80130.000000           1           70.2331   
      2672:     80160.000000           1           70.2318   
      2673:     80190.000000           1           70.2281   
      2674:     80220.000000           1           70.2266   
      2675:     80250.000000           1           70.2217   
      2676:     80280.000000           1           70.2193   
      2677:     80310.000000           1           70.2153   
      2678:     80340.000000           1           70.2139   
      2679:     80370.000000           1           70.2108   
      2680:     80400.000000           1           70.2078   
      2681:     80430.000000           1           70.2050   
      2682:     80460.000000           1           70.2007   
      2683:     80490.000000           1           70.1995   
      2684:     80520.000000           1           70.1969   
      2685:     80550.000000           1           70.1943   
      2686:     80580.000000           1           70.1914   
      2687:     80610.000000           1           70.1869   
      2688:     80640.000000           1           70.1843   
      2689:     80670.000000           1           70.1822   
      2690:     80700.000000           1           70.1793   
      2691:     80730.000000           1           70.1772   
      2692:     80760.000000           1           70.1724   
      2693:     80790.000000           1           70.1682   
      2694:     80820.000000           1           70.1663   
      2695:     80850.000000           1           70.1617   
      2696:     80880.000000           1           70.1595   
      2697:     80910.000000           1           70.1577   
      2698:     80940.000000           1           70.1550   
      2699:     80970.000000           1           70.1507   
      2700:     81000.000000           1           70.1502   
      2701:     81030.000000           1           70.1480   
      2702:     81060.000000           1           70.1445   
      2703:     81090.000000           1           70.1413   
      2704:     81120.000000           1           70.1373   
      2705:     81150.000000           1           70.1353   
      2706:     81180.000000           1           70.1342   
      2707:     81210.000000           1           70.1331   
      2708:     81240.000000           1           70.1286   
      2709:     81270.000000           1           70.1265   
      2710:     81300.000000           1           70.1263   
      2711:     81330.000000           1           70.1215   
      2712:     81360.000000           1           70.1190   
      2713:     81390.000000           1           70.1159   
      2714:     81420.000000           1           70.1128   
      2715:     81450.000000           1           70.1084   
      2716:     81480.000000           1           70.1054   
      2717:     81510.000000           1           70.1021   
      2718:     81540.000000           1           70.1010   
      2719:     81570.000000           1           70.0986   
      2720:     81600.000000           1           70.0950   
      2721:     81630.000000           1           70.0919   
      2722:     81660.000000           1           70.0892   
      2723:     81690.000000           1           70.0856   
      2724:     81720.000000           1           70.0804   
      2725:     81750.000000           1           70.0752   
      2726:     81780.000000           1           70.0733   
      2727:     81810.000000           1           70.0700   
      2728:     81840.000000           1           70.0666   
      2729:     81870.000000           1           70.0632   
      2730:     81900.000000           1           70.0618   
      2731:     81930.000000           1           70.0583   
      2732:     81960.000000           1           70.0561   
      2733:     81990.000000           1           70.0531   
      2734:     82020.000000           1           70.0504   
      2735:     82050.000000           1           70.0462   
      2736:     82080.000000           1           70.0435   
      2737:     82110.000000           1           70.0418   
      2738:     82140.000000           1           70.0401   
      2739:     82170.000000           1           70.0357   
      2740:     82200.000000           1           70.0325   
      2741:     82230.000000           1           70.0295   
      2742:     82260.000000           1           70.0288   
      2743:     82290.000000           1           70.0294   
      2744:     82320.000000           1           70.0291   
      2745:     82350.000000           1           70.0286   
      2746:     82380.000000           1           70.0271   
      2747:     82410.000000           1           70.0255   
      2748:     82440.000000           1           70.0251   
      2749:     82470.000000           1           70.0197   
      2750:     82500.000000           1           70.0170   
      2751:     82530.000000           1           70.0124   
      2752:     82560.000000           1           70.0087   
      2753:     82590.000000           1           70.0067   
      2754:     82620.000000           1           70.0048   
      2755:     82650.000000           1           70.0020   
      2756:     82680.000000           1           69.9999   
      2757:     82710.000000           1           69.9986   
      2758:     82740.000000           1           69.9956   
      2759:     82770.000000           1           69.9933   
      2760:     82800.000000           1           69.9889   
      2761:     82830.000000           1           69.9866   
      2762:     82860.000000           1           69.9835   
      2763:     82890.000000           1           69.9788   
      2764:     82920.000000           1           69.9769   
      2765:     82950.000000           1           69.9703   
      2766:     82980.000000           1           69.9669   
      2767:     83010.000000           1           15.1592   
      2768:     83040.000000           1           15.1569   
      2769:     83070.000000           1           15.1548   
      2770:     83100.000000           1           15.1496   
      2771:     83130.000000           1           15.1471   
      2772:     83160.000000           1           15.1418   
      2773:     83190.000000           1           15.1396   
      2774:     83220.000000           1           15.1339   
      2775:     83250.000000           1           15.1290   
      2776:     83280.000000           1           15.1262   
      2777:     83310.000000           1           15.1228   
      2778:     83340.000000           1           15.1181   
      2779:     83370.000000           1           15.1174   
      2780:     83400.000000           1           15.1122   
      2781:     83430.000000           1           15.1087   
      2782:     83460.000000           1           15.1054   
      2783:     83490.000000           1           15.1020   
      2784:     83520.000000           1           15.0976   
      2785:     83550.000000           1           15.0959   
      2786:     83580.000000           1           15.0913   
      2787:     83610.000000           1           15.0894   
      2788:     83640.000000           1           15.0838   
      2789:     83670.000000           1           15.0823   
      2790:     83700.000000           1           15.0791   
      2791:     83730.000000           1           15.0782   
      2792:     83760.000000           1           15.0740   
      2793:     83790.000000           1           15.0724   
      2794:     83820.000000           1           15.0717   
      2795:     83850.000000           1           15.0690   
      2796:     83880.000000           1           15.0659   
      2797:     83910.000000           1           15.0621   
      2798:     83940.000000           1           15.0617   
