       237:      7110.000000           1          -45.4698   
       238:      7140.000000           1          -45.4927   
       239:      7170.000000           1          -45.5077   
       240:      7200.000000           1          -45.5023   
       241:      7230.000000           1          -45.4690   
       242:      7260.000000           1          -45.4542   
       243:      7290.000000           1          -45.4078   
       244:      7320.000000           1          -45.4067   
       245:      7350.000000           1          -45.4520   
       246:      7380.000000           1          -45.4790   
       247:      7410.000000           1          -45.5288   
       248:      7440.000000           1          -45.5773   
       249:      7470.000000           1          -45.5876   
       250:      7500.000000           1          -45.5826   
       251:      7530.000000           1          142.5580   
       252:      7560.000000           1          142.5658   
       253:      7590.000000           1          142.5876   
       254:      7620.000000           1          142.5838   
       255:      7650.000000           1          142.5555   
       256:      7680.000000           1          142.5477   
       257:      7710.000000           1          142.5339   
       258:      7740.000000           1          142.5203   
       259:      7770.000000           1          142.5130   
       260:      7800.000000           1          142.5050   
       261:      7830.000000           1          111.0563   
       262:      7860.000000           1          111.1437   
       263:      7890.000000           1          111.2256   
       264:      7920.000000           1          111.2878   
       265:      7950.000000           1          111.3287   
       266:      7980.000000           1          111.4513   
       267:      8010.000000           1          111.5249   
       268:      8040.000000           1          111.5695   
       269:      8070.000000           1          111.6177   
       270:      8100.000000           1          111.6302   
       271:      8130.000000           1          111.6776   
       272:      8160.000000           1          111.7393   
       273:      8190.000000           1          111.7987   
       274:      8220.000000           1          111.8606   
       275:      8250.000000           1          111.9129   
       276:      8280.000000           1          111.9836   
       277:      8310.000000           1          112.0164   
       278:      8340.000000           1          112.0586   
       279:      8370.000000           1          112.0710   
       280:      8400.000000           1          112.0880   
       281:      8430.000000           1          112.1066   
       282:      8460.000000           1          112.1398   
       283:      8490.000000           1          112.1616   
       284:      8520.000000           1          112.1552   
       285:      8550.000000           1          112.1445   
       286:      8580.000000           1          112.1250   
       287:      8610.000000           1          112.1137   
       288:      8640.000000           1          112.1142   
       289:      8670.000000           1          112.1261   
       290:      8700.000000           1          112.1252   
       291:      8730.000000           1          112.1300   
       292:      8760.000000           1          112.1570   
       293:      8790.000000           1          112.1692   
       294:      8820.000000           1          112.1711   
       295:      8850.000000           1          112.1918   
       296:      8880.000000           1          112.1876   
       297:      8910.000000           1          112.2036   
       298:      8940.000000           1          112.2306   
       299:      8970.000000           1          112.2525   
       300:      9000.000000           1          112.2581   
       301:      9030.000000           1          112.2661   
       302:      9060.000000           1          112.2608   
       303:      9090.000000           1          112.2594   
       304:      9120.000000           1          112.2760   
       305:      9150.000000           1          112.2834   
       306:      9180.000000           1          112.2791   
       307:      9210.000000           1          112.2674   
       308:      9240.000000           1          112.2560   
       309:      9270.000000           1          112.2250   
       310:      9300.000000           1          112.1867   
       311:      9330.000000           1          112.1640   
       312:      9360.000000           1          112.1469   
       313:      9390.000000           1          112.1245   
       314:      9420.000000           1          112.1007   
       315:      9450.000000           1          112.1093   
       316:      9480.000000           1          112.0862   
       317:      9510.000000           1          112.0848   
       318:      9540.000000           1          112.0795   
       319:      9570.000000           1          112.0783   
       320:      9600.000000           1          112.0795   
       321:      9630.000000           1          112.0754   
       322:      9660.000000           1          112.0899   
       323:      9690.000000           1          112.0983   
       324:      9720.000000           1          112.1077   
       325:      9750.000000           1          112.1200   
       326:      9780.000000           1          112.1126   
       327:      9810.000000           1          112.1027   
       328:      9840.000000           1          112.1055   
       329:      9870.000000           1          112.1189   
       330:      9900.000000           1          112.1303   
       331:      9930.000000           1          112.1261   
       332:      9960.000000           1          112.1094   
       333:      9990.000000           1          112.1046   
       334:     10020.000000           1          112.0954   
       335:     10050.000000           1          112.0988   
       336:     10080.000000           1          112.0993   
       337:     10110.000000           1          112.1129   
       338:     10140.000000           1          112.1232   
       339:     10170.000000           1          112.1239   
       340:     10200.000000           1          112.1127   
       341:     10230.000000           1          112.1008   
       342:     10260.000000           1          112.1077   
       343:     10290.000000           1          112.1030   
       344:     10320.000000           1          112.1107   
       345:     10350.000000           1          112.1076   
       346:     10380.000000           1          112.1166   
       347:     10410.000000           1          112.1309   
       348:     10440.000000           1          112.1452   
       349:     10470.000000           1          112.1474   
       350:     10500.000000           1          112.1606   
       351:     10530.000000           1          112.1634   
       352:     10560.000000           1          112.1820   
       353:     10590.000000           1          112.1749   
       354:     10620.000000           1          112.1900   
       355:     10650.000000           1          112.1914   
       356:     10680.000000           1          112.1730   
       357:     10710.000000           1          112.1455   
       358:     10740.000000           1          112.1332   
       359:     10770.000000           1          112.1209   
       360:     10800.000000           1          112.1093   
       361:     10830.000000           1          112.1161   
       362:     10860.000000           1          112.1255   
       363:     10890.000000           1          112.1156   
       364:     10920.000000           1          112.1136   
       365:     10950.000000           1          112.1069   
       366:     10980.000000           1          112.0970   
       367:     11010.000000           1          -24.0355   
       368:     11040.000000           1          112.0884   
       369:     11070.000000           1          112.0848   
       370:     11100.000000           1          -24.0513   
       371:     11130.000000           1          112.0852   
       372:     11160.000000           1          112.0848   
       373:     11190.000000           1          112.0872   
       374:     11220.000000           1          112.0886   
       375:     11250.000000           1          -24.0439   
       376:     11280.000000           1          112.1239   
       377:     11310.000000           1          112.1194   
       378:     11340.000000           1          -24.0206   
       379:     11370.000000           1          -24.0168   
       380:     11400.000000           1          112.1594   
       381:     11430.000000           1          112.1704   
       382:     11460.000000           1          112.1781   
       383:     11490.000000           1          112.1628   
       384:     11520.000000           1          112.1613   
       385:     11550.000000           1          112.1772   
       386:     11580.000000           1          112.1622   
       387:     11610.000000           1          -24.0142   
       388:     11640.000000           1          112.1476   
       389:     11670.000000           1          -24.0303   
       390:     11700.000000           1          112.1496   
       391:     11730.000000           1          112.1580   
       392:     11760.000000           1          112.1476   
       393:     11790.000000           1          112.1468   
       394:     11820.000000           1          112.1613   
       395:     11850.000000           1          -24.0315   
       396:     11880.000000           1          -24.0313   
       397:     11910.000000           1          -24.0431   
       398:     11940.000000           1          -24.0467   
       399:     11970.000000           1          -24.0567   
       400:     12000.000000           1          -24.0541   
       401:     12030.000000           1          -24.0540   
       402:     12060.000000           1          -24.0553   
       403:     12090.000000           1          -24.0539   
       404:     12120.000000           1          -24.0613   
       405:     12150.000000           1          -24.0581   
       406:     12180.000000           1          -45.4915   
       407:     12210.000000           1          -45.4935   
       408:     12240.000000           1          -45.4824   
       409:     12270.000000           1          -45.4667   
       410:     12300.000000           1          -45.4378   
       411:     12330.000000           1          -45.4299   
       412:     12360.000000           1          -45.4270   
       413:     12390.000000           1          -45.4302   
       414:     12420.000000           1          -45.4216   
       415:     12450.000000           1          -45.4075   
       416:     12480.000000           1          -45.3788   
       417:     12510.000000           1          -45.3656   
       418:     12540.000000           1          -45.3567   
       419:     12570.000000           1          -45.3583   
       420:     12600.000000           1          -45.3586   
       421:     12630.000000           1          -45.3477   
       422:     12660.000000           1          -45.3437   
      1746:     52380.000000           1            5.4685   
      1747:     52410.000000           1            5.4442   
      1748:     52440.000000           1            5.3866   
      1749:     52470.000000           1            5.2063   
      1750:     52500.000000           1            5.3606   
      1751:     52530.000000           1            5.4020   
      1752:     52560.000000           1            5.3978   
      1753:     52590.000000           1            5.4404   
      1754:     52620.000000           1            5.4581   
      1755:     52650.000000           1            5.4791   
      1756:     52680.000000           1            5.4945   
      1757:     52710.000000           1            5.4914   
      1758:     52740.000000           1            5.4954   
      1759:     52770.000000           1            5.4994   
      1760:     52800.000000           1            5.4999   
      1761:     52830.000000           1            5.5364   
      1762:     52860.000000           1            5.5696   
      1763:     52890.000000           1            5.5782   
      1764:     52920.000000           1            5.5881   
      1765:     52950.000000           1            5.6015   
      1766:     52980.000000           1            5.6213   
      1767:     53010.000000           1            5.6250   
      1768:     53040.000000           1            5.6232   
      1769:     53070.000000           1            5.6349   
      1770:     53100.000000           1            5.6513   
      1771:     53130.000000           1            5.6743   
      1772:     53160.000000           1            5.6819   
      1773:     53190.000000           1            5.6925   
      1775:     53250.000000           1            5.7139   
      1776:     53280.000000           1            5.7259   
      1777:     53310.000000           1            5.7381   
      1801:     54030.000000           1            5.8721   
      1832:     54960.000000           1         -370.3710   
      1833:     54990.000000           1         -370.3602   
      1834:     55020.000000           1         -370.3538   
      1835:     55050.000000           1         -370.3320   
      1836:     55080.000000           1         -370.3200   
      1837:     55110.000000           1         -370.3199   
      1838:     55140.000000           1         -370.3202   
      1839:     55170.000000           1         -370.3173   
      1840:     55200.000000           1         -370.3186   
      1841:     55230.000000           1         -370.3223   
      1842:     55260.000000           1         -370.3285   
      1843:     55290.000000           1         -370.3298   
      1844:     55320.000000           1         -370.3266   
      1845:     55350.000000           1         -370.3194   
      1846:     55380.000000           1         -370.3293   
      1847:     55410.000000           1         -370.3326   
      1848:     55440.000000           1         -369.8374   
      1849:     55470.000000           1         -369.7369   
      1850:     55500.000000           1         -370.0533   
      1851:     55530.000000           1         -370.0566   
      1852:     55560.000000           1         -370.0405   
      1853:     55590.000000           1         -369.8949   
      1854:     55620.000000           1         -369.7781   
      1855:     55650.000000           1         -369.7233   
      1856:     55680.000000           1         -369.6517   
      1857:     55710.000000           1         -369.6218   
      1858:     55740.000000           1         -369.6024   
      1859:     55770.000000           1           91.4309   
      1860:     55800.000000           1         -369.6231   
      1861:     55830.000000           1         -369.6533   
      1862:     55860.000000           1         -369.6788   
      1863:     55890.000000           1         -369.7002   
      1864:     55920.000000           1         -369.7186   
      1865:     55950.000000           1         -369.7465   
      1866:     55980.000000           1         -369.7703   
      1867:     56010.000000           1            5.9057   
      1868:     56040.000000           1            5.8988   
      1869:     56070.000000           1            5.8937   
      1870:     56100.000000           1            5.8891   
      1871:     56130.000000           1            5.8849   
      1872:     56160.000000           1            5.8822   
      1873:     56190.000000           1            5.8833   
      1874:     56220.000000           1            5.8813   
      1875:     56250.000000           1            5.8726   
      1876:     56280.000000           1            5.8689   
      1877:     56310.000000           1            5.8682   
      1878:     56340.000000           1            5.8691   
      1879:     56370.000000           1            5.8675   
      1880:     56400.000000           1            5.8653   
      1881:     56430.000000           1            5.8658   
      1882:     56460.000000           1            5.8602   
      1883:     56490.000000           1            5.8563   
      1884:     56520.000000           1            5.8533   
      1885:     56550.000000           1            5.8465   
      1886:     56580.000000           1            5.8438   
      1887:     56610.000000           1            5.8435   
      1888:     56640.000000           1            5.8413   
      1889:     56670.000000           1            5.8359   
      1890:     56700.000000           1            5.8344   
      1891:     56730.000000           1         -370.0886   
      1892:     56760.000000           1            5.8257   
      1893:     56790.000000           1            5.8209   
      1894:     56820.000000           1            5.8179   
      1895:     56850.000000           1            5.8143   
      1896:     56880.000000           1            5.8130   
      1897:     56910.000000           1            5.8130   
      1898:     56940.000000           1            5.8101   
      1899:     56970.000000           1         -370.1648   
      1900:     57000.000000           1         -370.1766   
      1901:     57030.000000           1         -370.1826   
      1902:     57060.000000           1         -370.1901   
      1903:     57090.000000           1           91.4587   
      1904:     57120.000000           1           91.4546   
      1905:     57150.000000           1           91.4460   
      1906:     57180.000000           1           91.4450   
      1908:     57240.000000           1           91.3409   
      1909:     57270.000000           1           91.4999   
      1910:     57300.000000           1           91.4530   
      1911:     57330.000000           1           91.4392   
      1912:     57360.000000           1           91.4736   
      1913:     57390.000000           1           91.4875   
      1914:     57420.000000           1           91.4756   
      1915:     57450.000000           1           91.5183   
      1916:     57480.000000           1           91.5183   
      1917:     57510.000000           1           91.5335   
      1918:     57540.000000           1           91.5338   
      1919:     57570.000000           1           91.5520   
      1920:     57600.000000           1           91.5551   
      1921:     57630.000000           1           91.5685   
      1922:     57660.000000           1           91.5824   
      1923:     57690.000000           1         -370.3582   
      1924:     57720.000000           1           91.5980   
      1925:     57750.000000           1           91.6015   
      1926:     57780.000000           1         -370.3708   
      1927:     57810.000000           1           91.6127   
      1928:     57840.000000           1         -370.3755   
      1929:     57870.000000           1            5.7688   
      1930:     57900.000000           1            5.7639   
      1931:     57930.000000           1            5.7632   
      1932:     57960.000000           1            5.7601   
      1933:     57990.000000           1            5.7553   
      1934:     58020.000000           1            5.7512   
      1935:     58050.000000           1            5.7513   
      1936:     58080.000000           1            5.7529   
      1937:     58110.000000           1            5.7503   
      1938:     58140.000000           1            5.7485   
      1939:     58170.000000           1            5.7451   
      1940:     58200.000000           1            5.7450   
      1941:     58230.000000           1            5.7435   
      1942:     58260.000000           1            5.7429   
      1943:     58290.000000           1            5.7393   
      1944:     58320.000000           1            5.7342   
      1945:     58350.000000           1            5.7335   
      1946:     58380.000000           1            5.7337   
      1947:     58410.000000           1            5.7344   
      1948:     58440.000000           1            5.7335   
      1949:     58470.000000           1            5.7299   
      1950:     58500.000000           1            5.7312   
      1951:     58530.000000           1            5.7297   
      1952:     58560.000000           1            5.7230   
      1953:     58590.000000           1            5.7224   
      1954:     58620.000000           1            5.7189   
      1955:     58650.000000           1            5.7151   
      1956:     58680.000000           1            5.7068   
      1957:     58710.000000           1            5.6981   
      1958:     58740.000000           1            5.6916   
      1959:     58770.000000           1            5.6875   
      1960:     58800.000000           1            5.6852   
      1961:     58830.000000           1            5.6828   
      1962:     58860.000000           1            5.6778   
      1963:     58890.000000           1            5.6713   
      1964:     58920.000000           1            5.6660   
      1965:     58950.000000           1            5.6620   
      1966:     58980.000000           1            5.6562   
      1967:     59010.000000           1            5.6517   
      1968:     59040.000000           1            5.6438   
      1969:     59070.000000           1            5.6372   
      1970:     59100.000000           1            5.6357   
      1971:     59130.000000           1            5.6295   
      1972:     59160.000000           1            5.6208   
      1973:     59190.000000           1            5.6171   
      1974:     59220.000000           1            5.6167   
      1975:     59250.000000           1            5.6149   
      1976:     59280.000000           1            5.6135   
      1977:     59310.000000           1            5.6133   
      1978:     59340.000000           1            5.6147   
      1979:     59370.000000           1            5.6140   
      1980:     59400.000000           1            5.6139   
      1981:     59430.000000           1            5.6147   
      1982:     59460.000000           1            5.6139   
      1983:     59490.000000           1            5.6148   
      1984:     59520.000000           1            5.6104   
      1985:     59550.000000           1            5.6086   
      1986:     59580.000000           1            5.6023   
      1987:     59610.000000           1            5.5998   
      1988:     59640.000000           1            5.6006   
      1989:     59670.000000           1            5.5983   
      1990:     59700.000000           1            5.5961   
      1991:     59730.000000           1            5.5940   
      1992:     59760.000000           1            5.5885   
      1993:     59790.000000           1            5.5857   
      1994:     59820.000000           1         -370.5724   
      1995:     59850.000000           1            5.5815   
      1996:     59880.000000           1            5.5768   
      1997:     59910.000000           1            5.5703   
      1998:     59940.000000           1         -370.5790   
      1999:     59970.000000           1         -370.5799   
      2000:     60000.000000           1         -370.5793   
      2001:     60030.000000           1         -370.5810   
      2002:     60060.000000           1         -370.5799   
      2003:     60090.000000           1         -370.5775   
      2004:     60120.000000           1         -370.5795   
      2005:     60150.000000           1         -370.5761   
      2006:     60180.000000           1         -370.5760   
      2007:     60210.000000           1         -370.5769   
      2008:     60240.000000           1         -370.5766   
      2009:     60270.000000           1         -370.5774   
      2010:     60300.000000           1         -370.5791   
      2011:     60330.000000           1         -370.5798   
      2012:     60360.000000           1         -370.5752   
      2013:     60390.000000           1         -370.5760   
      2014:     60420.000000           1         -370.5776   
      2015:     60450.000000           1         -370.5820   
      2016:     60480.000000           1           91.3924   
      2017:     60510.000000           1           91.3893   
      2018:     60540.000000           1           91.3898   
      2019:     60570.000000           1           91.3884   
      2020:     60600.000000           1           91.3876   
      2021:     60630.000000           1           91.3857   
      2022:     60660.000000           1         -370.5929   
      2023:     60690.000000           1         -370.5907   
      2024:     60720.000000           1           91.3863   
      2025:     60750.000000           1         -370.5857   
      2026:     60780.000000           1           91.3876   
      2027:     60810.000000           1         -370.5884   
      2028:     60840.000000           1         -370.5891   
      2029:     60870.000000           1           91.3873   
      2030:     60900.000000           1           91.3880   
      2031:     60930.000000           1           91.3886   
      2032:     60960.000000           1           91.3921   
      2033:     60990.000000           1           91.3952   
      2034:     61020.000000           1           91.3975   
      2035:     61050.000000           1         -370.5749   
      2036:     61080.000000           1         -370.5775   
      2037:     61110.000000           1         -370.5775   
      2038:     61140.000000           1           91.3946   
      2039:     61170.000000           1         -370.5847   
      2040:     61200.000000           1         -370.5911   
      2041:     61230.000000           1         -370.5951   
      2042:     61260.000000           1         -370.5956   
      2043:     61290.000000           1            5.5453   
      2044:     61320.000000           1            5.5428   
      2045:     61350.000000           1            5.5409   
      2046:     61380.000000           1         -370.6030   
      2047:     61410.000000           1            5.5435   
      2048:     61440.000000           1            5.5471   
      2049:     61470.000000           1         -370.5896   
      2050:     61500.000000           1            5.5489   
      2051:     61530.000000           1            5.5502   
      2052:     61560.000000           1         -370.5908   
      2053:     61590.000000           1            5.5455   
      2054:     61620.000000           1         -370.5934   
      2055:     61650.000000           1            5.5401   
      2056:     61680.000000           1            5.5403   
      2057:     61710.000000           1            5.5433   
      2058:     61740.000000           1            5.5447   
      2059:     61770.000000           1            5.5445   
      2060:     61800.000000           1            5.5471   
      2061:     61830.000000           1            5.5482   
      2062:     61860.000000           1         -370.5808   
      2063:     61890.000000           1         -370.5788   
      2064:     61920.000000           1         -370.5773   
      2065:     61950.000000           1         -370.5764   
      2066:     61980.000000           1         -370.5745   
      2067:     62010.000000           1            5.5559   
      2068:     62040.000000           1            5.5595   
      2069:     62070.000000           1         -370.5669   
      2070:     62100.000000           1           91.4508   
      2072:     62160.000000           1           91.4548   
      2073:     62190.000000           1           91.4565   
      2074:     62220.000000           1           91.4582   
      2075:     62250.000000           1         -370.5588   
      2076:     62280.000000           1           91.4512   
      2077:     62310.000000           1           91.4492   
      2078:     62340.000000           1         -370.5615   
      2080:     62400.000000           1           91.4487   
      2081:     62430.000000           1           91.4450   
      2082:     62460.000000           1           91.4453   
      2083:     62490.000000           1           91.4459   
      2084:     62520.000000           1           91.4471   
      2085:     62550.000000           1           91.4434   
      2086:     62580.000000           1           91.4417   
      2087:     62610.000000           1           91.4412   
      2088:     62640.000000           1           91.4407   
      2089:     62670.000000           1           91.4411   
      2090:     62700.000000           1           91.4459   
      2091:     62730.000000           1         -370.5674   
      2092:     62760.000000           1           91.4475   
      2094:     62820.000000           1           91.4499   
      2114:     63420.000000           1           91.4783   
      2115:     63450.000000           1           91.4795   
      2116:     63480.000000           1           91.4817   
      2117:     63510.000000           1           91.4856   
      2118:     63540.000000           1           91.4888   
      2119:     63570.000000           1         -370.5294   
      2120:     63600.000000           1         -370.5282   
      2121:     63630.000000           1           91.4945   
      2122:     63660.000000           1           91.4990   
      2123:     63690.000000           1           91.5032   
      2124:     63720.000000           1           91.5002   
      2125:     63750.000000           1           91.5004   
      2126:     63780.000000           1           91.5009   
      2127:     63810.000000           1           91.4998   
      2128:     63840.000000           1           91.4992   
      2129:     63870.000000           1           91.4971   
      2130:     63900.000000           1           91.4965   
      2131:     63930.000000           1           91.4939   
      2132:     63960.000000           1           91.4941   
      2133:     63990.000000           1           91.4934   
      2134:     64020.000000           1           91.4914   
      2135:     64050.000000           1           91.4935   
      2136:     64080.000000           1           91.4936   
      2137:     64110.000000           1           91.4949   
      2138:     64140.000000           1           91.4959   
      2139:     64170.000000           1           91.4958   
      2140:     64200.000000           1           91.4982   
      2141:     64230.000000           1           91.4997   
      2142:     64260.000000           1           91.5027   
      2144:     64320.000000           1           91.5049   
      2145:     64350.000000           1           91.5042   
      2146:     64380.000000           1         -370.5252   
      2147:     64410.000000           1           91.5016   
      2148:     64440.000000           1         -370.5279   
      2149:     64470.000000           1         -370.5275   
      2150:     64500.000000           1         -370.5258   
      2151:     64530.000000           1            5.6077   
      2152:     64560.000000           1            5.6085   
      2153:     64590.000000           1            5.6091   
      2154:     64620.000000           1            5.6086   
      2155:     64650.000000           1            5.6040   
      2156:     64680.000000           1            5.6030   
      2157:     64710.000000           1            5.6008   
      2158:     64740.000000           1            5.6042   
      2159:     64770.000000           1            5.6095   
      2160:     64800.000000           1            5.6112   
      2161:     64830.000000           1            5.6139   
      2162:     64860.000000           1            5.6208   
      2163:     64890.000000           1            5.6238   
      2164:     64920.000000           1            5.6239   
      2165:     64950.000000           1            5.6270   
      2166:     64980.000000           1            5.6253   
      2167:     65010.000000           1            5.6255   
      2168:     65040.000000           1            5.6217   
      2169:     65070.000000           1         -370.5222   
      2170:     65100.000000           1         -370.5193   
      2171:     65130.000000           1            5.6284   
      2172:     65160.000000           1         -370.5158   
      2173:     65190.000000           1         -370.5176   
      2174:     65220.000000           1         -370.5167   
      2175:     65250.000000           1         -370.5188   
      2176:     65280.000000           1         -370.5223   
      2177:     65310.000000           1         -370.5233   
      2178:     65340.000000           1         -370.5248   
      2179:     65370.000000           1         -370.5273   
      2180:     65400.000000           1         -370.5253   
      2181:     65430.000000           1         -370.5236   
      2182:     65460.000000           1         -370.5190   
      2183:     65490.000000           1         -370.5179   
      2184:     65520.000000           1         -370.5133   
      2185:     65550.000000           1           91.5400   
      2186:     65580.000000           1           91.5412   
      2187:     65610.000000           1         -370.5101   
      2188:     65640.000000           1         -370.5072   
      2189:     65670.000000           1           91.5510   
      2190:     65700.000000           1           91.5557   
      2191:     65730.000000           1         -370.4972   
      2192:     65760.000000           1         -370.4960   
      2193:     65790.000000           1         -370.4986   
      2194:     65820.000000           1         -370.5012   
      2195:     65850.000000           1         -370.5036   
      2196:     65880.000000           1         -370.5027   
      2197:     65910.000000           1         -370.4996   
      2198:     65940.000000           1         -370.4977   
      2199:     65970.000000           1         -370.4961   
      2200:     66000.000000           1           91.5685   
      2201:     66030.000000           1         -370.4892   
      2202:     66060.000000           1         -370.4876   
      2203:     66090.000000           1         -370.4907   
      2204:     66120.000000           1         -370.4913   
      2205:     66150.000000           1           91.5704   
      2206:     66180.000000           1         -370.4943   
      2207:     66210.000000           1         -370.4949   
      2208:     66240.000000           1         -370.4944   
      2209:     66270.000000           1         -370.4951   
      2210:     66300.000000           1         -370.4943   
      2211:     66330.000000           1           91.5726   
      2212:     66360.000000           1           91.5750   
      2213:     66390.000000           1           91.5757   
      2214:     66420.000000           1           91.5749   
      2215:     66450.000000           1           91.5756   
      2216:     66480.000000           1           91.5758   
      2217:     66510.000000           1           91.5759   
      2218:     66540.000000           1           91.5771   
      2247:     67410.000000           1           91.5780   
      2248:     67440.000000           1           91.5752   
      2249:     67470.000000           1           91.5746   
      2250:     67500.000000           1           91.5759   
      2251:     67530.000000           1           91.5752   
      2252:     67560.000000           1           91.5780   
      2253:     67590.000000           1           91.5762   
      2254:     67620.000000           1           91.5759   
      2255:     67650.000000           1           91.5800   
      2256:     67680.000000           1           91.5800   
      2257:     67710.000000           1           91.5816   
      2258:     67740.000000           1           91.5830   
      2259:     67770.000000           1           91.5827   
      2260:     67800.000000           1           91.5841   
      2261:     67830.000000           1         -370.5020   
      2262:     67860.000000           1         -370.5006   
      2263:     67890.000000           1         -370.4962   
      2264:     67920.000000           1         -370.5009   
      2265:     67950.000000           1         -370.5024   
      2266:     67980.000000           1         -370.5019   
      2267:     68010.000000           1         -370.5054   
      2268:     68040.000000           1         -370.5029   
      2269:     68070.000000           1         -370.5030   
      2270:     68100.000000           1         -370.5053   
      2271:     68130.000000           1         -370.5047   
      2272:     68160.000000           1         -370.5037   
      2273:     68190.000000           1         -370.5062   
      2274:     68220.000000           1         -370.5032   
      2275:     68250.000000           1         -370.5043   
      2276:     68280.000000           1         -370.5042   
      2277:     68310.000000           1         -370.5071   
      2278:     68340.000000           1         -370.5060   
      2279:     68370.000000           1         -370.5053   
      2280:     68400.000000           1         -370.5076   
      2281:     68430.000000           1         -370.5061   
      2282:     68460.000000           1         -370.5060   
      2283:     68490.000000           1         -370.5072   
      2284:     68520.000000           1         -370.5094   
      2285:     68550.000000           1         -370.5100   
      2286:     68580.000000           1         -370.5103   
      2322:     69660.000000           1         -370.5268   
      2323:     69690.000000           1         -370.5296   
      2324:     69720.000000           1         -370.5283   
      2325:     69750.000000           1         -370.5288   
      2326:     69780.000000           1         -370.5291   
      2327:     69810.000000           1         -370.5307   
      2328:     69840.000000           1         -370.5310   
      2329:     69870.000000           1         -370.5355   
      2330:     69900.000000           1         -370.5380   
      2331:     69930.000000           1         -370.5384   
      2332:     69960.000000           1         -370.5419   
      2333:     69990.000000           1         -370.5396   
      2334:     70020.000000           1         -370.5386   
      2335:     70050.000000           1         -370.5377   
      2336:     70080.000000           1         -370.5364   
      2337:     70110.000000           1         -370.5343   
      2339:     70170.000000           1            5.6645   
      2340:     70200.000000           1            5.6599   
      2341:     70230.000000           1            5.6614   
      2342:     70260.000000           1            5.6638   
      2343:     70290.000000           1            5.6616   
      2344:     70320.000000           1            5.6639   
      2345:     70350.000000           1            5.6642   
      2346:     70380.000000           1            5.6621   
      2347:     70410.000000           1            5.6591   
      2348:     70440.000000           1            5.6570   
      2349:     70470.000000           1            5.6533   
      2350:     70500.000000           1            5.6525   
      2351:     70530.000000           1            5.6496   
      2352:     70560.000000           1         -370.5537   
      2353:     70590.000000           1         -370.5542   
      2354:     70620.000000           1         -370.5535   
      2355:     70650.000000           1         -370.5522   
      2356:     70680.000000           1         -370.5496   
      2357:     70710.000000           1         -370.5485   
      2358:     70740.000000           1         -370.5475   
      2359:     70770.000000           1         -370.5472   
      2360:     70800.000000           1         -370.5490   
      2361:     70830.000000           1         -370.5499   
      2362:     70860.000000           1         -370.5550   
      2363:     70890.000000           1         -370.5557   
      2364:     70920.000000           1         -370.5574   
      2365:     70950.000000           1         -370.5575   
      2366:     70980.000000           1         -370.5582   
      2367:     71010.000000           1         -370.5560   
      2368:     71040.000000           1         -370.5586   
      2369:     71070.000000           1         -370.5594   
      2370:     71100.000000           1         -370.5606   
      2371:     71130.000000           1         -370.5604   
      2372:     71160.000000           1         -370.5583   
      2373:     71190.000000           1         -370.5560   
      2374:     71220.000000           1         -370.5541   
      2375:     71250.000000           1         -370.5511   
      2376:     71280.000000           1         -370.5485   
      2377:     71310.000000           1         -370.5487   
      2378:     71340.000000           1         -370.5465   
      2379:     71370.000000           1         -370.5445   
      2380:     71400.000000           1         -370.5466   
      2381:     71430.000000           1         -370.5481   
      2382:     71460.000000           1         -370.5508   
      2383:     71490.000000           1         -370.5521   
      2384:     71520.000000           1         -370.5522   
      2385:     71550.000000           1         -370.5530   
      2386:     71580.000000           1         -370.5553   
      2387:     71610.000000           1         -370.5537   
      2388:     71640.000000           1         -370.5546   
      2389:     71670.000000           1         -370.5516   
      2390:     71700.000000           1         -370.5510   
      2391:     71730.000000           1         -370.5514   
      2392:     71760.000000           1         -370.5494   
      2393:     71790.000000           1         -370.5461   
      2394:     71820.000000           1         -370.5427   
      2395:     71850.000000           1         -370.5395   
      2396:     71880.000000           1         -370.5356   
      2397:     71910.000000           1         -370.5351   
      2398:     71940.000000           1         -370.5356   
      2399:     71970.000000           1         -370.5349   
      2400:     72000.000000           1         -370.5363   
      2432:     72960.000000           1         -370.5626   
      2434:     73020.000000           1         -370.5627   
      2435:     73050.000000           1         -370.5645   
      2436:     73080.000000           1         -370.5636   
      2437:     73110.000000           1         -370.5629   
      2438:     73140.000000           1         -370.5615   
      2439:     73170.000000           1         -370.5637   
      2440:     73200.000000           1         -370.5660   
      2441:     73230.000000           1         -370.5668   
      2442:     73260.000000           1         -370.5691   
      2443:     73290.000000           1         -370.5697   
      2444:     73320.000000           1         -370.5737   
      2445:     73350.000000           1         -370.5772   
      2446:     73380.000000           1         -370.5815   
      2447:     73410.000000           1         -370.5840   
      2448:     73440.000000           1         -370.5858   
      2449:     73470.000000           1         -370.5859   
      2450:     73500.000000           1         -370.5830   
      2451:     73530.000000           1            4.4622   
      2452:     73560.000000           1            4.4660   
      2453:     73590.000000           1            4.4595   
      2454:     73620.000000           1            4.4633   
      2455:     73650.000000           1            4.4645   
      2456:     73680.000000           1            4.4671   
      2457:     73710.000000           1            4.4666   
      2458:     73740.000000           1            4.4707   
      2459:     73770.000000           1            4.4721   
      2460:     73800.000000           1            4.4741   
      2461:     73830.000000           1            4.4756   
      2462:     73860.000000           1         -370.5932   
      2463:     73890.000000           1         -370.5939   
      2464:     73920.000000           1            4.6065   
      2465:     73950.000000           1            4.6141   
      2466:     73980.000000           1            4.5097   
      2467:     74010.000000           1            4.4735   
      2468:     74040.000000           1            4.4771   
      2469:     74070.000000           1            4.4838   
      2470:     74100.000000           1            4.4680   
      2471:     74130.000000           1            4.4736   
      2472:     74160.000000           1            4.4699   
      2473:     74190.000000           1            4.4904   
      2474:     74220.000000           1            4.4947   
      2475:     74250.000000           1            4.5089   
      2476:     74280.000000           1            4.4907   
      2477:     74310.000000           1            4.4821   
      2478:     74340.000000           1            4.4740   
      2479:     74370.000000           1            4.4798   
      2480:     74400.000000           1            4.4733   
      2481:     74430.000000           1            4.4689   
      2482:     74460.000000           1         -370.6254   
      2483:     74490.000000           1            4.7846   
      2484:     74520.000000           1            4.8508   
      2485:     74550.000000           1            4.7537   
      2486:     74580.000000           1            4.7922   
      2487:     74610.000000           1         -370.6333   
      2488:     74640.000000           1         -370.6383   
      2489:     74670.000000           1         -370.6403   
      2490:     74700.000000           1         -370.6426   
      2491:     74730.000000           1         -370.6436   
      2492:     74760.000000           1         -370.6463   
      2493:     74790.000000           1         -370.6480   
      2494:     74820.000000           1         -370.6494   
      2495:     74850.000000           1         -370.6501   
      2496:     74880.000000           1         -370.6512   
      2497:     74910.000000           1         -370.6538   
      2498:     74940.000000           1         -370.6566   
      2499:     74970.000000           1         -370.6572   
      2500:     75000.000000           1         -370.6576   
      2501:     75030.000000           1         -370.6602   
      2502:     75060.000000           1         -370.6627   
      2503:     75090.000000           1         -370.6661   
      2504:     75120.000000           1         -370.6706   
      2505:     75150.000000           1         -370.6728   
      2506:     75180.000000           1         -370.6767   
      2507:     75210.000000           1         -370.6785   
      2508:     75240.000000           1         -370.6773   
      2509:     75270.000000           1         -370.6806   
      2510:     75300.000000           1         -370.6874   
