       964:     28920.000000           1          -84.7022   
       965:     28950.000000           1         -338.4048   
       966:     28980.000000           1         -338.4021   
       967:     29010.000000           1         -338.3895   
       968:     29040.000000           1         -338.3787   
       969:     29070.000000           1          -20.6706   
       970:     29100.000000           1          -20.6646   
       971:     29130.000000           1          -20.6553   
       972:     29160.000000           1          -20.6479   
       973:     29190.000000           1          -20.6419   
       974:     29220.000000           1          -20.6368   
       975:     29250.000000           1          -20.6275   
       976:     29280.000000           1          -20.6181   
       977:     29310.000000           1          -20.6042   
       978:     29340.000000           1          -20.5945   
       979:     29370.000000           1          -20.5819   
       980:     29400.000000           1          -20.5838   
       981:     29430.000000           1          -20.5724   
       982:     29460.000000           1          -20.5653   
       983:     29490.000000           1          -20.5614   
       984:     29520.000000           1          -20.5534   
       985:     29550.000000           1          -20.5457   
       986:     29580.000000           1          -20.5422   
       987:     29610.000000           1          -20.5333   
       988:     29640.000000           1          -20.5298   
       989:     29670.000000           1          -20.5250   
       990:     29700.000000           1          -20.5129   
       991:     29730.000000           1          -20.5040   
       992:     29760.000000           1          -20.4881   
       993:     29790.000000           1          -20.4796   
       994:     29820.000000           1          -20.4783   
       995:     29850.000000           1          -20.4752   
       996:     29880.000000           1          -20.4758   
       997:     29910.000000           1          -20.4722   
       998:     29940.000000           1          -20.4726   
       999:     29970.000000           1          -20.4652   
      1000:     30000.000000           1          -20.4629   
      1001:     30030.000000           1          -20.4543   
      1002:     30060.000000           1          -20.4540   
      1003:     30090.000000           1          -20.4448   
      1004:     30120.000000           1          -20.4430   
      1005:     30150.000000           1          -20.4387   
      1006:     30180.000000           1          -20.4469   
      1007:     30210.000000           1          -20.4482   
      1008:     30240.000000           1          -20.4414   
      1009:     30270.000000           1          -20.4346   
      1010:     30300.000000           1          -20.4318   
      1011:     30330.000000           1          -20.4243   
      1012:     30360.000000           1         -250.7937   
      1013:     30390.000000           1         -250.7510   
      1014:     30420.000000           1         -250.6251   
      1015:     30450.000000           1         -250.6694   
      1016:     30480.000000           1         -250.6675   
      1017:     30510.000000           1         -250.7062   
      1018:     30540.000000           1         -250.7056   
      1019:     30570.000000           1         -250.7205   
      1020:     30600.000000           1         -250.7409   
      1021:     30630.000000           1         -250.7559   
      1022:     30660.000000           1         -250.7437   
      1023:     30690.000000           1         -250.7344   
      1024:     30720.000000           1         -250.7215   
      1025:     30750.000000           1         -250.7102   
      1026:     30780.000000           1         -250.6700   
      1027:     30810.000000           1         -250.6506   
      1028:     30840.000000           1         -250.6542   
      1029:     30870.000000           1         -250.6444   
      1030:     30900.000000           1         -250.6264   
      1031:     30930.000000           1         -250.6066   
      1032:     30960.000000           1         -250.5944   
      1033:     30990.000000           1         -250.5812   
      1034:     31020.000000           1         -250.5711   
      1035:     31050.000000           1         -250.5696   
      1036:     31080.000000           1          -20.2456   
      1037:     31110.000000           1         -250.4481   
      1038:     31140.000000           1         -250.4517   
      1039:     31170.000000           1         -250.4008   
      1040:     31200.000000           1         -250.4380   
      1041:     31230.000000           1         -250.4506   
      1042:     31260.000000           1         -250.4650   
      1043:     31290.000000           1         -250.4623   
      1044:     31320.000000           1         -250.4560   
      1045:     31350.000000           1         -250.4472   
      1046:     31380.000000           1         -250.4609   
      1047:     31410.000000           1         -250.4576   
      1048:     31440.000000           1         -250.4461   
      1049:     31470.000000           1         -250.4462   
      1050:     31500.000000           1         -250.4380   
      1051:     31530.000000           1         -250.4345   
      1052:     31560.000000           1         -250.4202   
      1053:     31590.000000           1         -250.3910   
      1054:     31620.000000           1         -250.3743   
      1055:     31650.000000           1         -250.3742   
      1056:     31680.000000           1         -250.3875   
      1057:     31710.000000           1         -250.3878   
      1058:     31740.000000           1         -250.3825   
      1059:     31770.000000           1         -250.3751   
      1060:     31800.000000           1         -250.3702   
      1061:     31830.000000           1         -250.3715   
      1062:     31860.000000           1         -250.3775   
      1063:     31890.000000           1         -250.3794   
      1064:     31920.000000           1         -250.3734   
      1065:     31950.000000           1         -250.3754   
      1066:     31980.000000           1         -250.3764   
      1067:     32010.000000           1         -250.3799   
      1068:     32040.000000           1         -250.3876   
      1069:     32070.000000           1         -250.3971   
      1070:     32100.000000           1         -250.4008   
      1071:     32130.000000           1         -250.3987   
      1072:     32160.000000           1         -250.3947   
      1073:     32190.000000           1         -250.3896   
      1074:     32220.000000           1         -250.3945   
      1075:     32250.000000           1         -250.3915   
      1076:     32280.000000           1         -250.3862   
      1077:     32310.000000           1         -250.3887   
      1078:     32340.000000           1         -250.3863   
      1079:     32370.000000           1         -250.3833   
      1080:     32400.000000           1         -250.3838   
      1081:     32430.000000           1         -250.3920   
      1082:     32460.000000           1         -250.3912   
      1083:     32490.000000           1         -250.3925   
      1084:     32520.000000           1         -250.3894   
      1085:     32550.000000           1         -250.3900   
      1086:     32580.000000           1         -250.3856   
      1087:     32610.000000           1         -250.3912   
      1088:     32640.000000           1         -250.3887   
      1089:     32670.000000           1         -250.3912   
      1090:     32700.000000           1         -250.3836   
      1091:     32730.000000           1         -250.3874   
      1092:     32760.000000           1         -250.3813   
      1093:     32790.000000           1         -250.3882   
      1094:     32820.000000           1         -250.3968   
      1095:     32850.000000           1         -250.4010   
      1096:     32880.000000           1         -250.3968   
      1097:     32910.000000           1         -250.4006   
      1098:     32940.000000           1         -250.3951   
      1099:     32970.000000           1         -250.3994   
      1100:     33000.000000           1         -250.3955   
      1101:     33030.000000           1         -250.3946   
      1102:     33060.000000           1         -250.3928   
      1103:     33090.000000           1         -250.3892   
      1104:     33120.000000           1         -250.3938   
      1105:     33150.000000           1         -250.3954   
      1106:     33180.000000           1         -250.3912   
      1107:     33210.000000           1         -250.3899   
      1108:     33240.000000           1         -250.3826   
      1109:     33270.000000           1         -250.3736   
      1110:     33300.000000           1         -250.3681   
      1111:     33330.000000           1         -250.3631   
      1112:     33360.000000           1         -250.3590   
      1113:     33390.000000           1         -250.3530   
      1114:     33420.000000           1         -250.3417   
      1115:     33450.000000           1         -250.3327   
      1116:     33480.000000           1         -250.3214   
      1117:     33510.000000           1         -250.3105   
      1118:     33540.000000           1         -250.3081   
      1119:     33570.000000           1         -250.3006   
      1120:     33600.000000           1         -250.2959   
      1121:     33630.000000           1         -250.2884   
      1122:     33660.000000           1         -250.2930   
      1123:     33690.000000           1         -250.2978   
      1124:     33720.000000           1         -250.2961   
      1125:     33750.000000           1         -250.2898   
      1126:     33780.000000           1         -250.2853   
      1127:     33810.000000           1         -250.2806   
      1128:     33840.000000           1         -250.2862   
      1129:     33870.000000           1         -250.2796   
      1130:     33900.000000           1         -250.2795   
      1131:     33930.000000           1         -250.2796   
      1132:     33960.000000           1          -14.3976   
      1133:     33990.000000           1          -14.4902   
      1134:     34020.000000           1         -337.3493   
      1135:     34050.000000           1          -15.5452   
      1136:     34080.000000           1         -337.3329   
      1137:     34110.000000           1          -14.3763   
      1138:     34140.000000           1         -337.3281   
      1139:     34170.000000           1          -14.4202   
      1140:     34200.000000           1          -14.5448   
      1141:     34230.000000           1          -14.4571   
      1142:     34260.000000           1          -14.4233   
      1143:     34290.000000           1          -14.4010   
      1144:     34320.000000           1          -14.3681   
      1145:     34350.000000           1          -14.3320   
      1146:     34380.000000           1          -14.3235   
      1147:     34410.000000           1          -14.3130   
      1148:     34440.000000           1          -14.2885   
      1149:     34470.000000           1          -14.2806   
      1150:     34500.000000           1          -14.2558   
      1151:     34530.000000           1          -14.2554   
      1152:     34560.000000           1          -14.2332   
      1153:     34590.000000           1          -14.2305   
      1154:     34620.000000           1          -14.2140   
      1155:     34650.000000           1          -14.2164   
      1156:     34680.000000           1          -14.2232   
      1157:     34710.000000           1          -14.2128   
      1158:     34740.000000           1          -14.2139   
      1159:     34770.000000           1          -14.2186   
      1160:     34800.000000           1          -14.2128   
      1161:     34830.000000           1          -14.2015   
      1162:     34860.000000           1          -14.1965   
      1163:     34890.000000           1          -14.1787   
      1164:     34920.000000           1          -14.1662   
      1165:     34950.000000           1         -250.0714   
      1166:     34980.000000           1         -250.0627   
      1167:     35010.000000           1         -250.0583   
      1168:     35040.000000           1         -250.0533   
      1169:     35070.000000           1         -250.0504   
      1170:     35100.000000           1          -14.1338   
      1171:     35130.000000           1         -250.0403   
      1172:     35160.000000           1          -14.1199   
      1173:     35190.000000           1         -250.0302   
      1174:     35220.000000           1         -250.0221   
      1175:     35250.000000           1          -14.1043   
      1176:     35280.000000           1          -14.0966   
      1177:     35310.000000           1          -14.0887   
      1178:     35340.000000           1          -14.0878   
      1179:     35370.000000           1          -14.0819   
      1180:     35400.000000           1          -14.0744   
      1181:     35430.000000           1          -14.0752   
      1182:     35460.000000           1          -14.0707   
      1183:     35490.000000           1          -14.0678   
      1184:     35520.000000           1          -14.0656   
      1185:     35550.000000           1          -14.0558   
      1186:     35580.000000           1          -14.0510   
      1187:     35610.000000           1          -14.0445   
      1188:     35640.000000           1          -14.0362   
      1189:     35670.000000           1          -14.0317   
      1190:     35700.000000           1          -14.0341   
      1191:     35730.000000           1          -14.0312   
      1192:     35760.000000           1          -14.0233   
      1193:     35790.000000           1          -14.0144   
      1194:     35820.000000           1          -14.0011   
      1195:     35850.000000           1          -13.9823   
      1196:     35880.000000           1          -13.9647   
      1197:     35910.000000           1         -336.9099   
      1198:     35940.000000           1          -13.9468   
      1199:     35970.000000           1          -13.9426   
      1200:     36000.000000           1          -13.9280   
      1201:     36030.000000           1         -249.8223   
      1202:     36060.000000           1          -13.9201   
      1203:     36090.000000           1          -13.9233   
      1204:     36120.000000           1          -13.9233   
      1205:     36150.000000           1         -249.8108   
      1206:     36180.000000           1         -249.8118   
      1207:     36210.000000           1         -249.8160   
      1208:     36240.000000           1          -13.9169   
      1209:     36270.000000           1         -249.8165   
      1210:     36300.000000           1         -249.8058   
      1211:     36330.000000           1         -249.8022   
      1212:     36360.000000           1         -249.8043   
      1213:     36390.000000           1         -249.7992   
      1214:     36420.000000           1         -249.7910   
      1215:     36450.000000           1         -249.7856   
      1216:     36480.000000           1          -13.9181   
      1217:     36510.000000           1          -13.9145   
      1218:     36540.000000           1         -249.7732   
      1219:     36570.000000           1         -336.8380   
      1220:     36600.000000           1         -336.8310   
      1221:     36630.000000           1         -336.8225   
      1222:     36660.000000           1         -336.8218   
      1223:     36690.000000           1         -336.8094   
      1224:     36720.000000           1         -336.8088   
      1225:     36750.000000           1         -336.8016   
      1226:     36780.000000           1         -336.7956   
      1227:     36810.000000           1         -336.7910   
      1228:     36840.000000           1         -336.7890   
      1229:     36870.000000           1         -336.7842   
      1230:     36900.000000           1         -336.7760   
      1231:     36930.000000           1         -336.7754   
      1232:     36960.000000           1         -336.7734   
      1233:     36990.000000           1         -336.7682   
      1234:     37020.000000           1         -336.7629   
      1235:     37050.000000           1         -336.7616   
      1236:     37080.000000           1         -336.7584   
      1237:     37110.000000           1         -336.7525   
      1238:     37140.000000           1         -336.7519   
      1239:     37170.000000           1         -336.7520   
      1240:     37200.000000           1         -336.7581   
      1241:     37230.000000           1         -336.7590   
      1242:     37260.000000           1         -336.7553   
      1243:     37290.000000           1         -336.7469   
      1244:     37320.000000           1         -336.7448   
      1245:     37350.000000           1         -336.7344   
      1246:     37380.000000           1         -336.7279   
      1247:     37410.000000           1         -336.7193   
      1248:     37440.000000           1         -336.7190   
      1249:     37470.000000           1         -336.7104   
      1250:     37500.000000           1         -336.7004   
      1251:     37530.000000           1         -336.6956   
      1252:     37560.000000           1          -13.7965   
      1253:     37590.000000           1         -336.6889   
      1254:     37620.000000           1          -13.7825   
      1255:     37650.000000           1          -13.7783   
      1256:     37680.000000           1         -249.6095   
      1257:     37710.000000           1         -249.6080   
      1258:     37740.000000           1          -13.7699   
      1259:     37770.000000           1         -249.5922   
      1260:     37800.000000           1         -249.5820   
      1261:     37830.000000           1         -249.5747   
      1262:     37860.000000           1         -249.5685   
      1263:     37890.000000           1         -249.5619   
      1264:     37920.000000           1          -13.7370   
      1265:     37950.000000           1         -249.5476   
      1266:     37980.000000           1         -249.5413   
      1267:     38010.000000           1         -249.5398   
      1268:     38040.000000           1         -249.5328   
      1269:     38070.000000           1         -249.5310   
      1270:     38100.000000           1         -249.5194   
      1271:     38130.000000           1         -249.5148   
      1272:     38160.000000           1         -249.5191   
      1273:     38190.000000           1         -249.5120   
      1274:     38220.000000           1         -249.5128   
      1275:     38250.000000           1         -249.5130   
      1276:     38280.000000           1         -249.5091   
      1277:     38310.000000           1         -249.5012   
      1278:     38340.000000           1         -249.4984   
      1279:     38370.000000           1         -249.4962   
      1280:     38400.000000           1         -249.5022   
      1281:     38430.000000           1         -249.4992   
      1282:     38460.000000           1         -249.4997   
      1283:     38490.000000           1         -249.4980   
      1284:     38520.000000           1         -249.4937   
      1285:     38550.000000           1         -249.4812   
      1286:     38580.000000           1         -249.4765   
      1287:     38610.000000           1         -249.4753   
      1288:     38640.000000           1         -249.4683   
      1289:     38670.000000           1         -249.4685   
      1290:     38700.000000           1         -249.4679   
      1291:     38730.000000           1         -249.4591   
      1292:     38760.000000           1         -249.4547   
      1293:     38790.000000           1         -249.4548   
      1294:     38820.000000           1         -249.4619   
      1295:     38850.000000           1         -249.4560   
      1296:     38880.000000           1         -249.4490   
      1297:     38910.000000           1         -249.4459   
      1298:     38940.000000           1         -249.4433   
      1299:     38970.000000           1         -249.4389   
      1300:     39000.000000           1         -249.4355   
      1301:     39030.000000           1         -249.4355   
      1302:     39060.000000           1         -249.4305   
      1303:     39090.000000           1         -249.4285   
      1304:     39120.000000           1         -249.4146   
      1305:     39150.000000           1         -249.4117   
      1306:     39180.000000           1         -249.4145   
      1307:     39210.000000           1         -249.4153   
      1308:     39240.000000           1         -249.4094   
      1309:     39270.000000           1         -249.4123   
      1310:     39300.000000           1         -249.4119   
      1311:     39330.000000           1         -249.4093   
      1312:     39360.000000           1         -249.4052   
      1313:     39390.000000           1         -249.4056   
      1314:     39420.000000           1         -249.4053   
      1315:     39450.000000           1         -249.4038   
      1316:     39480.000000           1         -249.4039   
      1317:     39510.000000           1         -249.3959   
      1318:     39540.000000           1         -249.3945   
      1319:     39570.000000           1         -249.3873   
      1320:     39600.000000           1         -249.3843   
      1321:     39630.000000           1         -249.3762   
      1322:     39660.000000           1         -249.3740   
      1323:     39690.000000           1         -249.3727   
      1324:     39720.000000           1         -249.3738   
      1325:     39750.000000           1         -249.3708   
      1326:     39780.000000           1         -249.3680   
      1327:     39810.000000           1         -249.3625   
      1328:     39840.000000           1         -249.3580   
      1329:     39870.000000           1         -249.3565   
      1330:     39900.000000           1         -249.3556   
      1331:     39930.000000           1         -249.3525   
      1332:     39960.000000           1         -249.3486   
      1333:     39990.000000           1         -249.3521   
      1334:     40020.000000           1         -249.3578   
      1335:     40050.000000           1         -249.3532   
      1336:     40080.000000           1         -249.3530   
      1337:     40110.000000           1         -249.3450   
      1338:     40140.000000           1         -249.3485   
      1339:     40170.000000           1         -249.3482   
      1340:     40200.000000           1         -249.3442   
      1341:     40230.000000           1         -249.3398   
      1342:     40260.000000           1         -249.3336   
      1343:     40290.000000           1         -249.3327   
      1344:     40320.000000           1         -249.3270   
      1345:     40350.000000           1         -249.3247   
      1346:     40380.000000           1         -249.3218   
      1347:     40410.000000           1         -249.3142   
      1348:     40440.000000           1         -249.3152   
      1349:     40470.000000           1         -249.3111   
      1350:     40500.000000           1         -249.3056   
      1351:     40530.000000           1         -249.2994   
      1352:     40560.000000           1         -249.2940   
      1353:     40590.000000           1         -249.2930   
      1354:     40620.000000           1         -249.2882   
      1355:     40650.000000           1         -249.2825   
      1356:     40680.000000           1         -249.2787   
      1357:     40710.000000           1         -249.2719   
      1358:     40740.000000           1         -249.2688   
      1359:     40770.000000           1         -249.2706   
      1360:     40800.000000           1         -249.2671   
      1361:     40830.000000           1         -249.2679   
      1362:     40860.000000           1         -249.2673   
      1363:     40890.000000           1         -249.2646   
      1364:     40920.000000           1         -249.2628   
      1365:     40950.000000           1         -249.2593   
      1366:     40980.000000           1         -249.2571   
      1367:     41010.000000           1         -249.2516   
      1368:     41040.000000           1         -249.2491   
      1369:     41070.000000           1         -249.2462   
      1370:     41100.000000           1         -249.2444   
      1371:     41130.000000           1         -249.2391   
      1372:     41160.000000           1         -249.2375   
      1373:     41190.000000           1         -249.2337   
      1374:     41220.000000           1         -249.2368   
      1375:     41250.000000           1         -249.2371   
      1376:     41280.000000           1         -249.2378   
      1377:     41310.000000           1         -249.2331   
      1378:     41340.000000           1         -249.2333   
      1379:     41370.000000           1         -249.2373   
      1380:     41400.000000           1         -249.2393   
      1381:     41430.000000           1         -249.2364   
      1382:     41460.000000           1         -249.2345   
      1383:     41490.000000           1         -249.2278   
      1384:     41520.000000           1         -249.2278   
      1385:     41550.000000           1         -249.2272   
      1386:     41580.000000           1         -249.2288   
      1387:     41610.000000           1         -249.2295   
      1388:     41640.000000           1         -249.2291   
      1389:     41670.000000           1         -249.2285   
      1390:     41700.000000           1         -249.2268   
      1391:     41730.000000           1         -249.2328   
      1392:     41760.000000           1         -249.2371   
      1393:     41790.000000           1         -249.2404   
      1394:     41820.000000           1         -249.2386   
      1395:     41850.000000           1         -249.2428   
      1396:     41880.000000           1         -249.2442   
      1397:     41910.000000           1         -249.2420   
      1398:     41940.000000           1         -249.2400   
      1399:     41970.000000           1         -249.2429   
      1400:     42000.000000           1         -249.2411   
      1401:     42030.000000           1         -249.2389   
      1402:     42060.000000           1         -249.2390   
      1403:     42090.000000           1         -249.2400   
      1404:     42120.000000           1         -249.2414   
      1405:     42150.000000           1         -249.2467   
      1406:     42180.000000           1         -249.2479   
      1407:     42210.000000           1          -13.4493   
      1408:     42240.000000           1          -13.4504   
      1409:     42270.000000           1          -13.4560   
      1410:     42300.000000           1          -13.4585   
      1411:     42330.000000           1          -13.4566   
      1412:     42360.000000           1         -249.2576   
      1413:     42390.000000           1          -13.4683   
      1414:     42420.000000           1         -249.2680   
      1415:     42450.000000           1          -13.4734   
      1416:     42480.000000           1          -13.4758   
      1417:     42510.000000           1          -13.4795   
      1418:     42540.000000           1          -13.4777   
      1419:     42570.000000           1          -13.4767   
      1420:     42600.000000           1          -13.4765   
      1421:     42630.000000           1          -13.4723   
      1422:     42660.000000           1          -13.4667   
      1423:     42690.000000           1          -13.4645   
      1424:     42720.000000           1          -13.4666   
      1425:     42750.000000           1          -13.4608   
      1426:     42780.000000           1          -13.4507   
      1427:     42810.000000           1          -13.4468   
      1428:     42840.000000           1          -13.4459   
      1429:     42870.000000           1          -13.4460   
      1430:     42900.000000           1          -13.4461   
      1431:     42930.000000           1          -13.4423   
      1432:     42960.000000           1          -13.4429   
      1433:     42990.000000           1          -13.4443   
      1434:     43020.000000           1          -13.4414   
      1435:     43050.000000           1          -13.4430   
      1436:     43080.000000           1          -13.4422   
      1437:     43110.000000           1          -13.4391   
      1438:     43140.000000           1          -13.4358   
      1439:     43170.000000           1         -249.2232   
      1440:     43200.000000           1         -249.2174   
      1441:     43230.000000           1         -249.2112   
      1442:     43260.000000           1          -13.4195   
      1443:     43290.000000           1          -13.4155   
      1444:     43320.000000           1          -13.4154   
      1445:     43350.000000           1          -86.7292   
      1446:     43380.000000           1          -86.7246   
      1447:     43410.000000           1          -86.7161   
      1448:     43440.000000           1          -86.7100   
      1449:     43470.000000           1          -86.7086   
      1450:     43500.000000           1          -86.7044   
      1451:     43530.000000           1          -86.6996   
      1452:     43560.000000           1          -86.6917   
      1453:     43590.000000           1          -86.6865   
      1454:     43620.000000           1          -86.6805   
      1455:     43650.000000           1          -86.6729   
      1456:     43680.000000           1          -86.6703   
      1457:     43710.000000           1          -86.6698   
      1458:     43740.000000           1         -304.3488   
      1459:     43770.000000           1          -86.6733   
      1460:     43800.000000           1          -86.6725   
      1461:     43830.000000           1          -86.6694   
      1462:     43860.000000           1          -86.6682   
      1463:     43890.000000           1          -86.6663   
      1464:     43920.000000           1          -13.4108   
      1465:     43950.000000           1          -13.4081   
      1466:     43980.000000           1          -13.4076   
      1467:     44010.000000           1          -13.4033   
      1468:     44040.000000           1          -13.3998   
      1469:     44070.000000           1          -13.3973   
      1470:     44100.000000           1          -13.3932   
      1471:     44130.000000           1          -13.3921   
      1472:     44160.000000           1         -249.1809   
      1473:     44190.000000           1         -249.1861   
      1474:     44220.000000           1         -249.1927   
      1475:     44250.000000           1         -249.1926   
      1476:     44280.000000           1         -249.1912   
      1477:     44310.000000           1         -249.1933   
      1478:     44340.000000           1         -249.1922   
      1479:     44370.000000           1         -249.1921   
      1480:     44400.000000           1         -249.1920   
      1481:     44430.000000           1         -249.1944   
      1482:     44460.000000           1         -249.1997   
      1483:     44490.000000           1         -249.2015   
      1484:     44520.000000           1         -249.2067   
      1485:     44550.000000           1         -249.2115   
      1486:     44580.000000           1          -13.4352   
      1487:     44610.000000           1         -249.2172   
      1488:     44640.000000           1         -249.2157   
      1489:     44670.000000           1         -249.2131   
      1490:     44700.000000           1         -249.2145   
      1491:     44730.000000           1          -13.4385   
      1492:     44760.000000           1         -249.2178   
      1493:     44790.000000           1          -13.4367   
      1494:     44820.000000           1          -13.4308   
      1495:     44850.000000           1          -13.4266   
      1496:     44880.000000           1          -13.4203   
      1497:     44910.000000           1          -13.4158   
      1498:     44940.000000           1          -13.4120   
      1499:     44970.000000           1          -13.4107   
      1500:     45000.000000           1          -13.4055   
      1501:     45030.000000           1          -13.4096   
      1502:     45060.000000           1          -13.4166   
      1503:     45090.000000           1          -13.4224   
      1504:     45120.000000           1          -13.4317   
      1505:     45150.000000           1          -13.4408   
      1506:     45180.000000           1          -13.4433   
      1507:     45210.000000           1          -13.4489   
      1508:     45240.000000           1          -13.4566   
      1509:     45270.000000           1          -13.4559   
      1510:     45300.000000           1          -13.4596   
      1511:     45330.000000           1          -13.4647   
      1512:     45360.000000           1          -86.6753   
      1513:     45390.000000           1          -13.4647   
      1514:     45420.000000           1          -13.4655   
      1515:     45450.000000           1          -13.4641   
      1516:     45480.000000           1          -13.4634   
      1517:     45510.000000           1          -13.4646   
      1518:     45540.000000           1          -13.4646   
      1519:     45570.000000           1          -13.4635   
      1520:     45600.000000           1          -13.4628   
      1521:     45630.000000           1          -13.4612   
      1522:     45660.000000           1          -13.4553   
      1523:     45690.000000           1         -249.2288   
      1524:     45720.000000           1         -249.2304   
      1525:     45750.000000           1         -249.2326   
      1526:     45780.000000           1         -249.2363   
      1527:     45810.000000           1          -13.4636   
      1528:     45840.000000           1         -249.2369   
      1529:     45870.000000           1          -13.4700   
      1530:     45900.000000           1         -249.2416   
      1531:     45930.000000           1         -249.2434   
      1532:     45960.000000           1         -249.2406   
      1533:     45990.000000           1         -249.2429   
      1534:     46020.000000           1         -249.2485   
      1535:     46050.000000           1         -249.2510   
      1536:     46080.000000           1         -249.2543   
      1537:     46110.000000           1          -13.4796   
      1538:     46140.000000           1         -249.2568   
      1539:     46170.000000           1         -249.2574   
      1540:     46200.000000           1         -249.2555   
      1541:     46230.000000           1         -249.2558   
      1542:     46260.000000           1         -249.2521   
      1543:     46290.000000           1         -249.2553   
      1544:     46320.000000           1         -249.2522   
      1545:     46350.000000           1          -13.4805   
      1546:     46380.000000           1         -249.2609   
      1547:     46410.000000           1         -249.2668   
      1548:     46440.000000           1         -249.2747   
      1549:     46470.000000           1         -249.2803   
      1550:     46500.000000           1         -249.2830   
      1551:     46530.000000           1         -249.2864   
      1552:     46560.000000           1         -249.2932   
      1553:     46590.000000           1         -249.2976   
      1554:     46620.000000           1         -249.3043   
      1555:     46650.000000           1         -249.3082   
      1556:     46680.000000           1         -249.3166   
      1557:     46710.000000           1         -249.3169   
      1558:     46740.000000           1         -249.3188   
      1559:     46770.000000           1         -249.3188   
      1560:     46800.000000           1          -13.5456   
      1561:     46830.000000           1         -249.3328   
      1562:     46860.000000           1         -249.3309   
      1563:     46890.000000           1         -249.3388   
      1564:     46920.000000           1         -249.3416   
      1565:     46950.000000           1         -249.3479   
      1566:     46980.000000           1         -249.3509   
      1567:     47010.000000           1         -249.3518   
      1568:     47040.000000           1         -249.3552   
      1569:     47070.000000           1         -249.3551   
      1570:     47100.000000           1         -249.3585   
      1571:     47130.000000           1         -249.3612   
      1572:     47160.000000           1         -249.3631   
      1573:     47190.000000           1         -249.3656   
      1574:     47220.000000           1          -13.5853   
      1575:     47250.000000           1         -249.3621   
      1576:     47280.000000           1         -249.3692   
      1577:     47310.000000           1         -249.3660   
      1578:     47340.000000           1         -249.3664   
      1579:     47370.000000           1         -249.3683   
      1580:     47400.000000           1         -249.3695   
      1581:     47430.000000           1          -13.5905   
      1582:     47460.000000           1          -13.5946   
      1583:     47490.000000           1          -13.5981   
      1584:     47520.000000           1          -13.6012   
      1585:     47550.000000           1          -13.6090   
      1586:     47580.000000           1          -13.6129   
      1587:     47610.000000           1          -13.6156   
      1588:     47640.000000           1          -13.6186   
      1589:     47670.000000           1          -13.6200   
      1590:     47700.000000           1          -13.6184   
      1591:     47730.000000           1          -13.6213   
      1592:     47760.000000           1          -13.6234   
      1593:     47790.000000           1          -13.6229   
      1594:     47820.000000           1          -13.6210   
      1595:     47850.000000           1          -13.6196   
      1596:     47880.000000           1          -13.6209   
      1597:     47910.000000           1          -13.6234   
      1598:     47940.000000           1          -13.6208   
      1599:     47970.000000           1          -13.6216   
      1600:     48000.000000           1          -13.6209   
      1601:     48030.000000           1          -13.6197   
      1602:     48060.000000           1         -249.4007   
      1603:     48090.000000           1          -13.6175   
      1604:     48120.000000           1          -13.6200   
      1605:     48150.000000           1          -13.6199   
      1606:     48180.000000           1          -13.6263   
      1607:     48210.000000           1          -13.6343   
      1608:     48240.000000           1         -249.4227   
      1609:     48270.000000           1         -249.4243   
      1610:     48300.000000           1         -249.4259   
      1611:     48330.000000           1         -249.4294   
      1612:     48360.000000           1          -13.6486   
      1613:     48390.000000           1          -13.6483   
      1614:     48420.000000           1          -13.6446   
      1615:     48450.000000           1          -13.6486   
      1616:     48480.000000           1          -13.6548   
      1617:     48510.000000           1          -13.6574   
      1618:     48540.000000           1          -13.6594   
      1619:     48570.000000           1          -13.6596   
      1620:     48600.000000           1          -13.6625   
      1621:     48630.000000           1          -13.6603   
      1622:     48660.000000           1          -13.6591   
      1623:     48690.000000           1          -13.6629   
      1624:     48720.000000           1          -13.6643   
      1625:     48750.000000           1          -13.6679   
      1626:     48780.000000           1          -13.6738   
      1627:     48810.000000           1          -13.6768   
      1628:     48840.000000           1          -13.6792   
      1629:     48870.000000           1          -13.6778   
      1630:     48900.000000           1          -13.6783   
      1631:     48930.000000           1          -13.6793   
      1632:     48960.000000           1          -13.6778   
      1633:     48990.000000           1          -13.6778   
      1634:     49020.000000           1          -13.6830   
      1635:     49050.000000           1          -13.6913   
      1636:     49080.000000           1          -13.6963   
      1637:     49110.000000           1          -13.7014   
      1638:     49140.000000           1          -13.7014   
      1639:     49170.000000           1          -13.7036   
      1640:     49200.000000           1         -249.4875   
      1641:     49230.000000           1         -249.4897   
      1642:     49260.000000           1         -249.4858   
      1643:     49290.000000           1         -249.4869   
      1644:     49320.000000           1         -249.4849   
      1645:     49350.000000           1         -249.4861   
      1646:     49380.000000           1         -249.4887   
      1647:     49410.000000           1         -249.4923   
      1648:     49440.000000           1         -249.4973   
      1649:     49470.000000           1         -249.5019   
      1650:     49500.000000           1         -249.5020   
      1651:     49530.000000           1         -249.5014   
      1652:     49560.000000           1         -249.5048   
      1653:     49590.000000           1         -249.5107   
      1654:     49620.000000           1         -249.5173   
      1655:     49650.000000           1         -249.5207   
      1656:     49680.000000           1         -249.5243   
      1657:     49710.000000           1         -249.5250   
      1658:     49740.000000           1         -249.5277   
      1659:     49770.000000           1         -249.5296   
      1660:     49800.000000           1         -249.5293   
      1661:     49830.000000           1         -249.5312   
      1662:     49860.000000           1         -249.5297   
      1663:     49890.000000           1         -249.5289   
      1664:     49920.000000           1         -249.5303   
      1665:     49950.000000           1         -249.5358   
      1666:     49980.000000           1         -249.5392   
      1667:     50010.000000           1         -249.5424   
      1668:     50040.000000           1         -249.5429   
      1669:     50070.000000           1         -249.5411   
      1670:     50100.000000           1         -249.5375   
      1671:     50130.000000           1         -249.5311   
      1672:     50160.000000           1         -249.5264   
      1673:     50190.000000           1         -249.5230   
      1674:     50220.000000           1         -249.5249   
      1675:     50250.000000           1         -249.5228   
      1676:     50280.000000           1         -249.5248   
      1677:     50310.000000           1         -249.5203   
      1678:     50340.000000           1         -249.5240   
      1679:     50370.000000           1         -249.5256   
      1680:     50400.000000           1         -249.5213   
      1681:     50430.000000           1         -249.5217   
      1682:     50460.000000           1         -249.5207   
      1683:     50490.000000           1         -249.5190   
      1684:     50520.000000           1         -249.5197   
      1685:     50550.000000           1         -249.5231   
      1686:     50580.000000           1         -249.5196   
      1687:     50610.000000           1         -249.5211   
      1688:     50640.000000           1         -249.5262   
      1689:     50670.000000           1         -249.5277   
      1690:     50700.000000           1         -249.5239   
      1691:     50730.000000           1         -249.5194   
      1692:     50760.000000           1         -249.5202   
      1693:     50790.000000           1         -249.5205   
      1694:     50820.000000           1         -249.5193   
      1695:     50850.000000           1         -249.5184   
      1696:     50880.000000           1         -249.5175   
      1697:     50910.000000           1          -13.7278   
      1698:     50940.000000           1         -249.5143   
      1699:     50970.000000           1         -249.5122   
      1700:     51000.000000           1         -249.5115   
      1701:     51030.000000           1         -249.5127   
      1702:     51060.000000           1         -249.5138   
      1703:     51090.000000           1         -249.5193   
      1704:     51120.000000           1         -249.5207   
      1705:     51150.000000           1         -249.5221   
      1706:     51180.000000           1         -249.5188   
      1707:     51210.000000           1         -249.5174   
      1708:     51240.000000           1         -249.5195   
      1709:     51270.000000           1         -249.5169   
      1710:     51300.000000           1         -249.5155   
      1711:     51330.000000           1         -249.5165   
      1712:     51360.000000           1         -249.5175   
      1713:     51390.000000           1         -249.5164   
      1714:     51420.000000           1         -249.5155   
      1715:     51450.000000           1         -249.5169   
      1716:     51480.000000           1         -249.5190   
      1717:     51510.000000           1         -249.5214   
      1718:     51540.000000           1         -249.5184   
      1719:     51570.000000           1         -249.5171   
      1720:     51600.000000           1         -249.5161   
      1721:     51630.000000           1         -249.5144   
      1722:     51660.000000           1         -249.5139   
      1723:     51690.000000           1         -249.5094   
      1724:     51720.000000           1         -249.5069   
      1725:     51750.000000           1         -249.5092   
      1726:     51780.000000           1         -249.5132   
      1727:     51810.000000           1         -249.5173   
      1728:     51840.000000           1         -249.5206   
      1729:     51870.000000           1         -249.5174   
      1730:     51900.000000           1         -249.5174   
      1731:     51930.000000           1         -249.5166   
      1732:     51960.000000           1         -249.5187   
      1733:     51990.000000           1         -249.5180   
      1734:     52020.000000           1         -249.5199   
      1735:     52050.000000           1         -249.5228   
      1736:     52080.000000           1         -249.5239   
      1737:     52110.000000           1         -249.5230   
      1738:     52140.000000           1         -249.5249   
      1739:     52170.000000           1         -249.5257   
      1740:     52200.000000           1         -249.5279   
      1741:     52230.000000           1         -249.5303   
      1742:     52260.000000           1         -249.5342   
      1743:     52290.000000           1         -249.5357   
      1744:     52320.000000           1         -249.5353   
      1745:     52350.000000           1         -249.5380   
      1746:     52380.000000           1         -249.5418   
      1747:     52410.000000           1         -249.5405   
      1748:     52440.000000           1         -249.5395   
      1749:     52470.000000           1         -249.5409   
      1750:     52500.000000           1         -249.5370   
      1751:     52530.000000           1         -249.5328   
      1752:     52560.000000           1         -249.5328   
      1753:     52590.000000           1         -249.5317   
      1754:     52620.000000           1         -249.5317   
      1755:     52650.000000           1         -249.5297   
      1756:     52680.000000           1         -249.5280   
      1757:     52710.000000           1         -249.5301   
      1758:     52740.000000           1         -249.5347   
      1759:     52770.000000           1         -249.5373   
      1760:     52800.000000           1         -249.5389   
      1761:     52830.000000           1         -249.5380   
      1762:     52860.000000           1         -249.5339   
      1763:     52890.000000           1         -249.5341   
      1764:     52920.000000           1         -249.5388   
      1765:     52950.000000           1         -249.5373   
      1766:     52980.000000           1         -249.5372   
      1767:     53010.000000           1         -249.5396   
      1768:     53040.000000           1         -249.5463   
      1769:     53070.000000           1         -249.5534   
      1770:     53100.000000           1         -249.5564   
      1771:     53130.000000           1         -249.5576   
      1772:     53160.000000           1         -249.5577   
      1773:     53190.000000           1         -249.5575   
      1774:     53220.000000           1          -13.7771   
      1775:     53250.000000           1         -249.5626   
      1776:     53280.000000           1         -249.5629   
      1777:     53310.000000           1         -249.5650   
      1778:     53340.000000           1         -191.4965   
      1779:     53370.000000           1          -13.7840   
      1780:     53400.000000           1          -13.7862   
      1781:     53430.000000           1          -13.7872   
      1782:     53460.000000           1          -13.7869   
      1783:     53490.000000           1          -13.7877   
      1784:     53520.000000           1          -13.7898   
      1785:     53550.000000           1          -13.7930   
      1786:     53580.000000           1          -13.7971   
      1787:     53610.000000           1          -13.7969   
      1788:     53640.000000           1          -13.7961   
      1789:     53670.000000           1          -13.7956   
      1790:     53700.000000           1          -13.7931   
      1791:     53730.000000           1          -13.7925   
      1792:     53760.000000           1          -13.7913   
      1793:     53790.000000           1          -13.7867   
      1794:     53820.000000           1          -13.7840   
      1795:     53850.000000           1          -13.7884   
      1796:     53880.000000           1          -13.7878   
      1797:     53910.000000           1          -13.7916   
      1798:     53940.000000           1          -13.7947   
      1799:     53970.000000           1          -13.7979   
      1800:     54000.000000           1         -191.4850   
      1801:     54030.000000           1         -991.1871   
      1802:     54060.000000           1          -13.8108   
      1803:     54090.000000           1          -13.8125   
      1804:     54120.000000           1          -13.8107   
      1805:     54150.000000           1          -13.8077   
      1806:     54180.000000           1         -191.4840   
      1807:     54210.000000           1          -13.8025   
      1808:     54240.000000           1          -13.8035   
      1809:     54270.000000           1          -13.8034   
      1810:     54300.000000           1         -191.4710   
      1811:     54330.000000           1         -191.4679   
      1812:     54360.000000           1         -191.4645   
      1813:     54390.000000           1         -191.4607   
      1814:     54420.000000           1         -191.4668   
      1815:     54450.000000           1         -191.4703   
      1816:     54480.000000           1         -191.4690   
      1817:     54510.000000           1         -191.4702   
      1818:     54540.000000           1         -191.4703   
      1819:     54570.000000           1         -191.4682   
      1820:     54600.000000           1         -191.4660   
      1821:     54630.000000           1         -191.4627   
      1822:     54660.000000           1         -191.4578   
      1823:     54690.000000           1          181.9004   
      1824:     54720.000000           1          181.9024   
      1825:     54750.000000           1          181.9029   
      1826:     54780.000000           1          181.9000   
      1827:     54810.000000           1          181.8988   
      1828:     54840.000000           1          181.9005   
      1829:     54870.000000           1          181.8934   
      1830:     54900.000000           1         -191.4714   
      1831:     54930.000000           1         -191.4712   
