         0:         0.000000           1           73.5564   
         1:        30.000000           1           76.9761   
         2:        60.000000           1           74.4404   
         3:        90.000000           1          -51.4034   
         4:       120.000000           1          -48.1917   
         5:       150.000000           1          -48.0424   
         6:       180.000000           1          -48.4098   
         7:       210.000000           1          -48.6486   
         8:       240.000000           1          -49.6080   
         9:       270.000000           1          -49.6018   
        10:       300.000000           1          -49.3365   
        11:       330.000000           1          -49.7076   
        12:       360.000000           1          -49.5938   
        13:       390.000000           1          -49.9408   
        14:       420.000000           1          -49.7361   
        15:       450.000000           1          -49.5205   
        16:       480.000000           1          -49.1316   
        17:       510.000000           1          -49.0778   
        18:       540.000000           1          -48.9768   
        19:       570.000000           1          -48.6894   
        20:       600.000000           1          -48.2087   
        21:       630.000000           1          -47.6610   
        22:       660.000000           1          -47.4231   
        23:       690.000000           1          -47.2111   
        24:       720.000000           1          -47.5480   
        25:       750.000000           1          -47.5655   
        26:       780.000000           1          -47.5608   
        27:       810.000000           1          -47.7462   
        28:       840.000000           1          -47.7514   
        29:       870.000000           1           67.1311   
        30:       900.000000           1          -47.5059   
        31:       930.000000           1          -47.4124   
        32:       960.000000           1          -47.2995   
        33:       990.000000           1          -47.3664   
        34:      1020.000000           1          -47.1862   
        35:      1050.000000           1          -47.1090   
        36:      1080.000000           1          -47.1575   
        38:      1140.000000           1          -47.2431   
        39:      1170.000000           1          -46.9695   
        40:      1200.000000           1          -46.5859   
        41:      1230.000000           1           67.8350   
        42:      1260.000000           1           68.0451   
        43:      1290.000000           1           68.0482   
        44:      1320.000000           1           68.1601   
        46:      1380.000000           1           68.0514   
        47:      1410.000000           1           67.9678   
        49:      1470.000000           1           67.9897   
        50:      1500.000000           1           67.8439   
        51:      1530.000000           1           67.8640   
        52:      1560.000000           1           67.9739   
        53:      1590.000000           1           68.1326   
        54:      1620.000000           1           68.2212   
        55:      1650.000000           1           68.2853   
        56:      1680.000000           1           68.1892   
        57:      1710.000000           1           68.2591   
        58:      1740.000000           1           68.2141   
        59:      1770.000000           1           68.2876   
        60:      1800.000000           1           68.3008   
        61:      1830.000000           1           68.2809   
        62:      1860.000000           1           68.3140   
        63:      1890.000000           1           68.2509   
        64:      1920.000000           1           68.2229   
        65:      1950.000000           1           68.2528   
        66:      1980.000000           1           68.1885   
        67:      2010.000000           1          -45.7763   
        68:      2040.000000           1          -45.8091   
        69:      2070.000000           1          -45.9160   
        70:      2100.000000           1          -45.9416   
        71:      2130.000000           1          -45.9883   
        72:      2160.000000           1          -46.1107   
        73:      2190.000000           1          -46.1643   
        74:      2220.000000           1          -46.2868   
        75:      2250.000000           1          -46.2609   
        76:      2280.000000           1          -46.2503   
        77:      2310.000000           1          -46.1909   
        78:      2340.000000           1          -46.2583   
        79:      2370.000000           1          -46.2752   
        80:      2400.000000           1           67.5732   
        81:      2430.000000           1           67.5993   
        82:      2460.000000           1           67.6237   
        83:      2490.000000           1           67.6012   
        84:      2520.000000           1           67.6497   
        85:      2550.000000           1           67.7960   
        86:      2580.000000           1           67.8561   
        87:      2610.000000           1           67.9490   
        88:      2640.000000           1           67.9035   
        89:      2670.000000           1           67.9926   
        90:      2700.000000           1           67.9657   
        91:      2730.000000           1           67.9980   
        92:      2760.000000           1           68.0066   
        93:      2790.000000           1           68.0274   
        94:      2820.000000           1           67.9489   
        95:      2850.000000           1           68.0267   
        96:      2880.000000           1           68.0187   
        97:      2910.000000           1           68.0269   
        98:      2940.000000           1           68.0300   
        99:      2970.000000           1           68.0413   
       100:      3000.000000           1           67.9425   
       101:      3030.000000           1           67.9134   
       102:      3060.000000           1           67.9338   
       103:      3090.000000           1           67.9123   
       104:      3120.000000           1           67.9383   
       105:      3150.000000           1           67.9888   
       106:      3180.000000           1           67.9682   
       107:      3210.000000           1          -45.8276   
       108:      3240.000000           1          -45.8190   
       109:      3270.000000           1          -45.8343   
       110:      3300.000000           1          -45.8300   
       111:      3330.000000           1          -45.8665   
       112:      3360.000000           1          -45.9185   
       113:      3390.000000           1          -45.9647   
       114:      3420.000000           1          -45.9641   
       115:      3450.000000           1          -45.9326   
       116:      3480.000000           1          -45.9384   
       117:      3510.000000           1          -46.0033   
       118:      3540.000000           1          -46.0195   
       119:      3570.000000           1          -45.9907   
       120:      3600.000000           1          -45.9720   
       121:      3630.000000           1          -45.9117   
       122:      3660.000000           1          -45.8314   
       123:      3690.000000           1          -45.8809   
       124:      3720.000000           1          -45.8663   
       125:      3750.000000           1          -45.8843   
       126:      3780.000000           1          -45.8839   
       127:      3810.000000           1          -45.8516   
       128:      3840.000000           1          -45.8014   
       129:      3870.000000           1          -45.7588   
       130:      3900.000000           1          -45.6798   
       131:      3930.000000           1          -45.6378   
       132:      3960.000000           1          -45.6511   
       133:      3990.000000           1          -45.6800   
       134:      4020.000000           1          -45.6577   
       135:      4050.000000           1          -45.6494   
       136:      4080.000000           1          -45.6894   
       137:      4110.000000           1          -45.6896   
       138:      4140.000000           1          -45.6702   
       139:      4170.000000           1          -45.6409   
       140:      4200.000000           1          -45.6444   
       141:      4230.000000           1          -45.6636   
       142:      4260.000000           1          -45.6469   
       143:      4290.000000           1          -45.6436   
       144:      4320.000000           1          -45.6526   
       145:      4350.000000           1          -45.6119   
       146:      4380.000000           1          -45.6001   
       147:      4410.000000           1          -45.6315   
       148:      4440.000000           1          -45.6642   
       149:      4470.000000           1          -45.6726   
       150:      4500.000000           1          -45.6633   
       151:      4530.000000           1          -45.6127   
       152:      4560.000000           1          -45.5865   
       153:      4590.000000           1          -45.5957   
       154:      4620.000000           1          -45.6209   
       155:      4650.000000           1          -45.6158   
       156:      4680.000000           1          -45.5880   
       157:      4710.000000           1          -45.5866   
       158:      4740.000000           1          -45.6015   
       159:      4770.000000           1          -45.5972   
       160:      4800.000000           1          -45.6118   
       161:      4830.000000           1          -45.5923   
       162:      4860.000000           1          -45.5985   
       163:      4890.000000           1          -45.5777   
       164:      4920.000000           1          -45.5669   
       165:      4950.000000           1          -45.5834   
       166:      4980.000000           1          -45.6271   
       167:      5010.000000           1          -45.6249   
       168:      5040.000000           1          -45.6194   
       169:      5070.000000           1          -45.5996   
       170:      5100.000000           1          -45.5578   
       171:      5130.000000           1          -45.5232   
       172:      5160.000000           1          -45.4753   
       173:      5190.000000           1          -45.4499   
       174:      5220.000000           1          -45.4177   
       175:      5250.000000           1          -45.3929   
       176:      5280.000000           1          -45.3833   
       177:      5310.000000           1          -45.3762   
       178:      5340.000000           1          -45.3791   
       179:      5370.000000           1          -45.3959   
       180:      5400.000000           1          -45.3672   
       181:      5430.000000           1          -45.3369   
       182:      5460.000000           1          -45.3305   
       183:      5490.000000           1          -45.3277   
       184:      5520.000000           1          -45.3400   
       185:      5550.000000           1          -45.3576   
       186:      5580.000000           1          -45.3584   
       187:      5610.000000           1          -45.3827   
       188:      5640.000000           1          -45.4131   
       189:      5670.000000           1          -45.4356   
       190:      5700.000000           1          -45.4437   
       191:      5730.000000           1          -45.4655   
       192:      5760.000000           1          -45.4805   
       193:      5790.000000           1          -45.4837   
       194:      5820.000000           1          -45.5052   
       195:      5850.000000           1          -45.5155   
       196:      5880.000000           1          -45.5184   
       197:      5910.000000           1          -45.5280   
       198:      5940.000000           1          -45.5582   
       199:      5970.000000           1          -45.5093   
       200:      6000.000000           1          -45.5170   
       201:      6030.000000           1          -45.5046   
       202:      6060.000000           1          -45.4805   
       203:      6090.000000           1          -45.4373   
       204:      6120.000000           1          -45.4368   
       436:     13080.000000           1          -45.2345   
       441:     13230.000000           1          -45.2023   
       443:     13290.000000           1          -45.1971   
       480:     14400.000000           1          -45.1984   
       482:     14460.000000           1          -45.2036   
       484:     14520.000000           1          -45.2349   
       512:     15360.000000           1          -45.2224   
       513:     15390.000000           1          -45.2374   
       514:     15420.000000           1          -45.2276   
       515:     15450.000000           1          -45.2263   
       516:     15480.000000           1          -45.2214   
       517:     15510.000000           1          -45.2214   
       518:     15540.000000           1          -45.2088   
       519:     15570.000000           1          -45.2065   
       520:     15600.000000           1          -45.2036   
       521:     15630.000000           1          -45.1994   
       522:     15660.000000           1          -45.1874   
       523:     15690.000000           1          -45.1870   
       524:     15720.000000           1          -45.1683   
       525:     15750.000000           1          -45.1588   
       526:     15780.000000           1          -45.1365   
       527:     15810.000000           1          -45.1372   
       528:     15840.000000           1          -45.1125   
       529:     15870.000000           1          -45.1063   
       530:     15900.000000           1          -45.0924   
       531:     15930.000000           1          -45.0907   
       532:     15960.000000           1          -45.0975   
       533:     15990.000000           1          -45.0959   
       534:     16020.000000           1          -45.1009   
       535:     16050.000000           1          -45.1001   
       536:     16080.000000           1          -45.0922   
       537:     16110.000000           1          -45.1082   
       538:     16140.000000           1          -45.1053   
       539:     16170.000000           1          -45.1148   
       540:     16200.000000           1          -45.1030   
       541:     16230.000000           1          -45.1032   
       542:     16260.000000           1          -45.1075   
       543:     16290.000000           1          -45.1142   
       544:     16320.000000           1          -45.1267   
       545:     16350.000000           1          -45.1220   
       546:     16380.000000           1          -45.1150   
       547:     16410.000000           1          -45.1115   
       548:     16440.000000           1          -45.0887   
       549:     16470.000000           1          -45.0871   
       550:     16500.000000           1          -45.0657   
       551:     16530.000000           1          -45.0564   
       552:     16560.000000           1          -45.0549   
       553:     16590.000000           1          -45.0573   
       554:     16620.000000           1          -45.0417   
       555:     16650.000000           1          -45.0421   
       556:     16680.000000           1          -45.0293   
       557:     16710.000000           1          -45.0214   
       558:     16740.000000           1          -45.0145   
       559:     16770.000000           1          -45.0133   
       560:     16800.000000           1          -45.0124   
       561:     16830.000000           1          -45.0086   
       562:     16860.000000           1          -44.9944   
       563:     16890.000000           1          -45.0023   
       564:     16920.000000           1          -44.9943   
       565:     16950.000000           1          -44.9990   
       566:     16980.000000           1          -44.9999   
       567:     17010.000000           1          -44.9951   
       568:     17040.000000           1          -44.9938   
       569:     17070.000000           1          -44.9853   
       570:     17100.000000           1          -44.9849   
       571:     17130.000000           1          -44.9830   
       572:     17160.000000           1          -44.9770   
       574:     17220.000000           1          -44.9731   
       607:     18210.000000           1          -44.8971   
       608:     18240.000000           1          -44.9016   
       609:     18270.000000           1          -44.9035   
       610:     18300.000000           1          -44.8990   
       611:     18330.000000           1          -44.9058   
       612:     18360.000000           1          -44.9085   
       613:     18390.000000           1          -44.9093   
       614:     18420.000000           1          -44.9116   
       615:     18450.000000           1          -44.9095   
       616:     18480.000000           1          -44.8966   
       617:     18510.000000           1          -44.8905   
       619:     18570.000000           1          -44.8925   
       620:     18600.000000           1          -44.8836   
       621:     18630.000000           1          -44.8725   
       622:     18660.000000           1          -44.8767   
       623:     18690.000000           1          -44.8677   
       624:     18720.000000           1          -44.8614   
      2559:     76770.000000           1         -370.7751   
      2560:     76800.000000           1         -370.7776   
      2561:     76830.000000           1         -370.7806   
      2562:     76860.000000           1         -370.7839   
      2563:     76890.000000           1         -370.7837   
      2564:     76920.000000           1         -370.7872   
      2565:     76950.000000           1         -370.7898   
      2566:     76980.000000           1          -30.5475   
      2568:     77040.000000           1          -30.2084   
      2569:     77070.000000           1          -30.7054   
      2570:     77100.000000           1          -30.5846   
      2571:     77130.000000           1          -30.7030   
      2572:     77160.000000           1          -30.7053   
      2573:     77190.000000           1          -30.7063   
      2574:     77220.000000           1          -30.6850   
      2575:     77250.000000           1          -30.6629   
      2576:     77280.000000           1          -30.6405   
      2577:     77310.000000           1          -30.6286   
      2578:     77340.000000           1          -30.5951   
      2579:     77370.000000           1          -30.5639   
      2580:     77400.000000           1          -30.5563   
      2581:     77430.000000           1          -30.5515   
      2582:     77460.000000           1          -30.5660   
      2583:     77490.000000           1         -370.8513   
      2584:     77520.000000           1          -30.5957   
      2585:     77550.000000           1          -30.3746   
      2586:     77580.000000           1          -30.4349   
      2587:     77610.000000           1          -30.5184   
      2588:     77640.000000           1          -30.5623   
      2589:     77670.000000           1          -30.5729   
      2590:     77700.000000           1          -30.5770   
      2591:     77730.000000           1          -30.5848   
      2592:     77760.000000           1          -30.6126   
      2593:     77790.000000           1          -30.6277   
      2594:     77820.000000           1          -30.6308   
      2595:     77850.000000           1          -30.6348   
      2596:     77880.000000           1          -30.6385   
      2597:     77910.000000           1          -30.6503   
      2598:     77940.000000           1          -30.6568   
      2599:     77970.000000           1          -30.6630   
      2600:     78000.000000           1          -30.6700   
      2601:     78030.000000           1          -30.6724   
      2602:     78060.000000           1          -30.6723   
      2603:     78090.000000           1          -30.6729   
      2604:     78120.000000           1          -30.6763   
      2605:     78150.000000           1          -30.6839   
      2606:     78180.000000           1          -30.6854   
      2607:     78210.000000           1          -30.6889   
      2608:     78240.000000           1          -30.6932   
      2609:     78270.000000           1         -370.9122   
      2610:     78300.000000           1         -370.9158   
      2611:     78330.000000           1         -370.9193   
      2612:     78360.000000           1         -370.9219   
      2613:     78390.000000           1         -370.9224   
      2614:     78420.000000           1         -370.9221   
      2615:     78450.000000           1         -370.9216   
      2616:     78480.000000           1         -370.9230   
      2617:     78510.000000           1         -370.9240   
      2618:     78540.000000           1         -370.9250   
      2619:     78570.000000           1         -370.9263   
      2620:     78600.000000           1         -370.9308   
      2621:     78630.000000           1         -370.9348   
      2622:     78660.000000           1         -370.9393   
      2623:     78690.000000           1         -370.9429   
      2624:     78720.000000           1         -370.9487   
      2625:     78750.000000           1         -370.9543   
      2626:     78780.000000           1         -370.9593   
      2627:     78810.000000           1         -370.9642   
      2628:     78840.000000           1         -370.9673   
      2629:     78870.000000           1         -370.9716   
      2630:     78900.000000           1         -370.9758   
      2631:     78930.000000           1         -370.9786   
      2632:     78960.000000           1         -370.9803   
      2633:     78990.000000           1         -370.9811   
      2634:     79020.000000           1         -370.9814   
      2635:     79050.000000           1         -370.9832   
      2636:     79080.000000           1         -370.9842   
      2637:     79110.000000           1         -370.9861   
      2638:     79140.000000           1         -370.9870   
      2639:     79170.000000           1         -370.9899   
      2640:     79200.000000           1         -370.9949   
      2641:     79230.000000           1         -370.9974   
      2642:     79260.000000           1         -371.0021   
      2643:     79290.000000           1         -371.0074   
      2644:     79320.000000           1         -371.0105   
      2645:     79350.000000           1         -371.0143   
      2646:     79380.000000           1         -371.0176   
      2647:     79410.000000           1         -371.0202   
      2648:     79440.000000           1         -371.0232   
      2649:     79470.000000           1         -371.0271   
      2650:     79500.000000           1         -371.0292   
      2651:     79530.000000           1         -371.0322   
      2652:     79560.000000           1         -371.0352   
      2653:     79590.000000           1         -371.0383   
      2654:     79620.000000           1          -30.8091   
      2655:     79650.000000           1          -30.8151   
      2656:     79680.000000           1          -30.8207   
      2657:     79710.000000           1          -30.8284   
      2658:     79740.000000           1          -30.8283   
      2659:     79770.000000           1         -371.0595   
      2660:     79800.000000           1         -371.0610   
      2662:     79860.000000           1         -371.0680   
      2663:     79890.000000           1         -371.0738   
      2664:     79920.000000           1         -371.0771   
      2665:     79950.000000           1         -371.0799   
      2666:     79980.000000           1         -371.0827   
      2668:     80040.000000           1         -372.2982   
      2669:     80070.000000           1         -372.2502   
      2670:     80100.000000           1         -372.3172   
      2671:     80130.000000           1         -372.3462   
      2672:     80160.000000           1         -372.3385   
      2673:     80190.000000           1         -372.3469   
      2674:     80220.000000           1         -372.3724   
      2675:     80250.000000           1         -372.3786   
      2676:     80280.000000           1         -372.3930   
      2677:     80310.000000           1         -372.4001   
      2678:     80340.000000           1         -372.4063   
      2679:     80370.000000           1         -372.4171   
      2680:     80400.000000           1         -372.4223   
      2681:     80430.000000           1         -372.4336   
      2682:     80460.000000           1         -372.4464   
      2683:     80490.000000           1         -372.4498   
      2684:     80520.000000           1         -372.4635   
      2685:     80550.000000           1         -372.4767   
      2686:     80580.000000           1         -372.4955   
      2687:     80610.000000           1         -372.5116   
      2688:     80640.000000           1         -372.5198   
      2689:     80670.000000           1         -372.5306   
      2690:     80700.000000           1         -372.5397   
      2691:     80730.000000           1         -372.5544   
      2692:     80760.000000           1         -372.5674   
      2698:     80940.000000           1          -30.9425   
      2699:     80970.000000           1          -30.9454   
      2700:     81000.000000           1          -30.9458   
      2701:     81030.000000           1          -30.9456   
      2702:     81060.000000           1          -30.9490   
      2703:     81090.000000           1          -30.9504   
      2704:     81120.000000           1          -30.9537   
      2705:     81150.000000           1          -30.9543   
      2706:     81180.000000           1          -30.9536   
      2707:     81210.000000           1          -30.9542   
      2708:     81240.000000           1          -30.9583   
      2709:     81270.000000           1          -30.9604   
      2710:     81300.000000           1          -30.9601   
      2711:     81330.000000           1          -30.9640   
      2712:     81360.000000           1          -30.9654   
      2713:     81390.000000           1          -30.9678   
      2714:     81420.000000           1          -30.9705   
      2715:     81450.000000           1          -30.9728   
      2716:     81480.000000           1          -30.9750   
      2718:     81540.000000           1          -30.9767   
      2719:     81570.000000           1          -30.9766   
      2720:     81600.000000           1          -30.9796   
      2721:     81630.000000           1          -30.9819   
      2722:     81660.000000           1          -30.9837   
      2723:     81690.000000           1          -30.9864   
      2724:     81720.000000           1          -30.9916   
      2725:     81750.000000           1          -30.9963   
      2726:     81780.000000           1          -30.9980   
      2727:     81810.000000           1          -31.0011   
      2728:     81840.000000           1          -31.0044   
      2729:     81870.000000           1          -31.0067   
      2730:     81900.000000           1          -31.0074   
      2731:     81930.000000           1          -31.0103   
      2732:     81960.000000           1          -31.0114   
      2733:     81990.000000           1          -31.0134   
      2741:     82230.000000           1            9.9149   
      2777:     83310.000000           1           82.0815   
      2778:     83340.000000           1           82.1961   
      2779:     83370.000000           1           82.1101   
      2780:     83400.000000           1           82.0642   
      2781:     83430.000000           1           82.1544   
      2782:     83460.000000           1           82.1272   
      2783:     83490.000000           1           82.1794   
      2785:     83550.000000           1           82.1454   
      2786:     83580.000000           1           81.9739   
      2787:     83610.000000           1           81.9976   
      2788:     83640.000000           1           81.9604   
      2789:     83670.000000           1           81.9439   
      2790:     83700.000000           1           81.9431   
      2791:     83730.000000           1           81.8684   
      2793:     83790.000000           1           82.1717   
      2794:     83820.000000           1           81.9755   
      2795:     83850.000000           1           81.8918   
      2796:     83880.000000           1            9.7217   
      2797:     83910.000000           1           81.7876   
      2798:     83940.000000           1           81.7633   
      2799:     83970.000000           1            9.7037   
      2800:     84000.000000           1            9.7025   
      2801:     84030.000000           1            9.7041   
      2802:     84060.000000           1            9.6922   
      2803:     84090.000000           1          -31.1887   
      2804:     84120.000000           1          -31.1929   
      2805:     84150.000000           1          -31.1954   
      2806:     84180.000000           1          -31.1962   
      2807:     84210.000000           1          -31.1981   
      2808:     84240.000000           1          -31.2000   
      2809:     84270.000000           1          -31.2029   
      2810:     84300.000000           1          -31.2055   
      2811:     84330.000000           1          -31.2053   
      2812:     84360.000000           1          -31.2071   
      2813:     84390.000000           1          -31.2091   
      2814:     84420.000000           1          -31.2109   
      2815:     84450.000000           1          -31.2154   
      2816:     84480.000000           1          -31.2164   
      2817:     84510.000000           1          -31.2190   
      2818:     84540.000000           1          -31.2239   
      2819:     84570.000000           1            9.6293   
      2820:     84600.000000           1            9.6264   
      2821:     84630.000000           1          -31.2332   
      2822:     84660.000000           1            9.6196   
      2823:     84690.000000           1            9.6197   
      2824:     84720.000000           1            9.6191   
      2825:     84750.000000           1          -31.2435   
      2826:     84780.000000           1            9.6150   
      2827:     84810.000000           1            9.6068   
      2828:     84840.000000           1            9.6026   
      2829:     84870.000000           1          -31.2444   
      2830:     84900.000000           1            9.5948   
      2831:     84930.000000           1            9.5913   
      2832:     84960.000000           1            9.5849   
      2833:     84990.000000           1            9.5742   
      2834:     85020.000000           1            9.5640   
      2835:     85050.000000           1            9.5611   
      2836:     85080.000000           1            9.5579   
      2837:     85110.000000           1            9.5570   
      2838:     85140.000000           1            9.5541   
      2839:     85170.000000           1            9.5503   
      2840:     85200.000000           1            9.5504   
      2841:     85230.000000           1            9.5513   
      2842:     85260.000000           1            9.5506   
      2843:     85290.000000           1            9.5486   
      2844:     85320.000000           1            9.5486   
      2845:     85350.000000           1            9.5491   
      2846:     85380.000000           1            9.5472   
      2847:     85410.000000           1            9.5488   
      2848:     85440.000000           1            9.5483   
      2849:     85470.000000           1            9.5463   
      2850:     85500.000000           1            9.5426   
      2851:     85530.000000           1            9.5434   
      2852:     85560.000000           1            9.5481   
      2853:     85590.000000           1            9.5550   
      2854:     85620.000000           1            9.5592   
      2855:     85650.000000           1            9.5630   
      2856:     85680.000000           1            9.5677   
      2857:     85710.000000           1            9.5728   
      2858:     85740.000000           1            9.5776   
      2859:     85770.000000           1            9.5823   
      2860:     85800.000000           1            9.5852   
      2861:     85830.000000           1            9.5910   
      2862:     85860.000000           1            9.5955   
      2863:     85890.000000           1            9.5995   
      2864:     85920.000000           1            9.6032   
      2865:     85950.000000           1            9.6039   
      2866:     85980.000000           1            9.6058   
      2867:     86010.000000           1            9.6107   
      2868:     86040.000000           1           81.4663   
      2869:     86070.000000           1            9.6184   
      2870:     86100.000000           1            9.6204   
      2871:     86130.000000           1            9.6210   
      2872:     86160.000000           1            9.6198   
      2873:     86190.000000           1            9.6179   
      2874:     86220.000000           1            9.6161   
      2875:     86250.000000           1          -31.3614   
      2876:     86280.000000           1          -31.3661   
      2877:     86310.000000           1          -31.3713   
      2878:     86340.000000           1          -31.3733   
      2879:     86370.000000           1          -31.3760   
