      1442:     43260.000000           1         -249.2095   
      1443:     43290.000000           1         -249.2057   
      1444:     43320.000000           1         -249.2060   
      1445:     43350.000000           1          -13.4153   
      1446:     43380.000000           1          -13.4128   
      1447:     43410.000000           1          -13.4072   
      1448:     43440.000000           1          -13.4043   
      1449:     43470.000000           1          -13.4061   
      1450:     43500.000000           1          -13.4063   
      1451:     43530.000000           1          -13.4053   
      1452:     43560.000000           1          -13.4010   
      1453:     43590.000000           1          -13.4006   
      1454:     43620.000000           1          -13.3985   
      1455:     43650.000000           1          -13.3939   
      1456:     43680.000000           1          -13.3947   
      1457:     43710.000000           1          -13.3975   
      1458:     43740.000000           1          -86.6724   
      1459:     43770.000000           1          -13.4076   
      1460:     43800.000000           1          -13.4101   
      1461:     43830.000000           1          -13.4097   
      1462:     43860.000000           1          -13.4110   
      1463:     43890.000000           1          -13.4105   
      1464:     43920.000000           1         -249.1946   
      1465:     43950.000000           1         -249.1922   
      1466:     43980.000000           1         -249.1917   
      1467:     44010.000000           1         -249.1876   
      1468:     44040.000000           1         -249.1840   
      1469:     44070.000000           1         -249.1816   
      1470:     44100.000000           1         -249.1775   
      1471:     44130.000000           1         -249.1764   
      1472:     44160.000000           1         -328.4164   
      1473:     44190.000000           1         -328.3980   
      1474:     44220.000000           1         -328.3926   
      1475:     44250.000000           1         -328.3665   
      1476:     44280.000000           1         -328.3443   
      1477:     44310.000000           1         -328.3469   
      1478:     44340.000000           1         -328.3457   
      1479:     44370.000000           1         -328.3384   
      1480:     44400.000000           1         -328.3225   
      1481:     44430.000000           1         -328.3170   
      1482:     44460.000000           1         -328.3282   
      1483:     44490.000000           1         -328.3413   
      1484:     44520.000000           1         -328.3512   
      1485:     44550.000000           1         -328.3704   
      1486:     44580.000000           1         -249.2151   
      1487:     44610.000000           1         -328.5183   
      1488:     44640.000000           1         -328.6407   
      1489:     44670.000000           1         -328.6342   
      1490:     44700.000000           1         -328.6230   
      1491:     44730.000000           1         -249.2171   
      1492:     44760.000000           1         -328.6393   
      1493:     44790.000000           1         -249.2151   
      1494:     44820.000000           1         -249.2091   
      1495:     44850.000000           1         -249.2049   
      1496:     44880.000000           1         -249.1983   
      1497:     44910.000000           1         -249.1936   
      1498:     44940.000000           1         -249.1896   
      1499:     44970.000000           1         -249.1879   
      1500:     45000.000000           1         -249.1821   
      1501:     45030.000000           1         -249.1858   
      1502:     45060.000000           1         -249.1924   
      1503:     45090.000000           1         -249.1979   
      1504:     45120.000000           1         -249.2068   
      1505:     45150.000000           1         -249.2158   
      1506:     45180.000000           1         -249.2181   
      1507:     45210.000000           1         -249.2238   
      1508:     45240.000000           1         -249.2312   
      1509:     45270.000000           1         -249.2308   
      1510:     45300.000000           1         -249.2341   
      1511:     45330.000000           1         -249.2393   
      1512:     45360.000000           1          -13.4648   
      1513:     45390.000000           1         -249.2390   
      1514:     45420.000000           1         -249.2399   
      1515:     45450.000000           1         -249.2385   
      1516:     45480.000000           1         -249.2377   
      1517:     45510.000000           1         -249.2389   
      1518:     45540.000000           1         -249.2389   
      1519:     45570.000000           1         -249.2379   
      1520:     45600.000000           1         -249.2372   
      1521:     45630.000000           1         -249.2356   
      1522:     45660.000000           1         -249.2297   
      1523:     45690.000000           1         -328.8284   
      1524:     45720.000000           1         -328.8336   
      1525:     45750.000000           1         -328.8392   
      1526:     45780.000000           1         -328.8437   
      1527:     45810.000000           1         -249.2375   
      1528:     45840.000000           1         -328.8499   
      1529:     45870.000000           1         -249.2440   
      1530:     45900.000000           1         -328.8630   
      1531:     45930.000000           1         -328.8679   
      1532:     45960.000000           1         -328.8661   
      1533:     45990.000000           1         -328.8642   
      1534:     46020.000000           1         -328.8667   
      1535:     46050.000000           1         -328.8661   
      1536:     46080.000000           1         -328.8667   
      1537:     46110.000000           1         -249.2550   
      1538:     46140.000000           1         -328.8643   
      1539:     46170.000000           1         -328.8663   
      1540:     46200.000000           1         -328.8621   
      1541:     46230.000000           1         -328.8615   
      1542:     46260.000000           1         -328.8574   
      1543:     46290.000000           1         -328.8595   
      1544:     46320.000000           1         -328.8555   
      1545:     46350.000000           1         -249.2567   
      1546:     46380.000000           1         -328.8639   
      1547:     46410.000000           1         -328.8666   
      1548:     46440.000000           1         -328.8717   
      1549:     46470.000000           1         -328.8747   
      1550:     46500.000000           1         -328.8784   
      1551:     46530.000000           1         -328.8819   
      1552:     46560.000000           1         -328.8894   
      1553:     46590.000000           1         -328.8959   
      1554:     46620.000000           1         -328.9055   
      1555:     46650.000000           1         -328.9114   
      1556:     46680.000000           1         -328.9214   
      1557:     46710.000000           1         -328.9212   
      1558:     46740.000000           1         -328.9279   
      1559:     46770.000000           1         -328.9312   
      1560:     46800.000000           1         -249.3239   
      1561:     46830.000000           1         -328.9535   
      1562:     46860.000000           1         -328.9533   
      1563:     46890.000000           1         -328.9617   
      1564:     46920.000000           1         -328.9644   
      1565:     46950.000000           1         -328.9695   
      1566:     46980.000000           1         -328.9713   
      1567:     47010.000000           1         -328.9703   
      1568:     47040.000000           1         -328.9728   
      1569:     47070.000000           1         -328.9718   
      1570:     47100.000000           1         -328.9745   
      1571:     47130.000000           1         -328.9773   
      1572:     47160.000000           1         -328.9798   
      1573:     47190.000000           1         -328.9836   
      1574:     47220.000000           1         -249.3643   
      1575:     47250.000000           1         -328.9819   
      1576:     47280.000000           1         -328.9918   
      1577:     47310.000000           1         -328.9940   
      1578:     47340.000000           1         -328.9964   
      1579:     47370.000000           1         -329.0001   
      1580:     47400.000000           1         -329.0033   
      1581:     47430.000000           1         -249.3704   
      1582:     47460.000000           1         -249.3747   
      1583:     47490.000000           1         -249.3783   
      1584:     47520.000000           1         -249.3816   
      1585:     47550.000000           1         -249.3895   
      1586:     47580.000000           1         -249.3937   
      1587:     47610.000000           1         -249.3966   
      1588:     47640.000000           1         -249.3996   
      1589:     47670.000000           1         -249.4010   
      1590:     47700.000000           1         -249.3996   
      1591:     47730.000000           1         -249.4026   
      1592:     47760.000000           1         -249.4047   
      1593:     47790.000000           1         -249.4042   
      1594:     47820.000000           1         -249.4024   
      1595:     47850.000000           1         -249.4012   
      1596:     47880.000000           1         -249.4026   
      1597:     47910.000000           1         -249.4053   
      1598:     47940.000000           1         -249.4028   
      1599:     47970.000000           1         -249.4039   
      1600:     48000.000000           1         -249.4032   
      1601:     48030.000000           1         -249.4023   
      1602:     48060.000000           1         -329.0561   
      1603:     48090.000000           1         -249.4004   
      1604:     48120.000000           1         -249.4030   
      1605:     48150.000000           1         -249.4031   
      1606:     48180.000000           1         -249.4096   
      1607:     48210.000000           1         -249.4177   
      1608:     48240.000000           1         -329.0713   
      1609:     48270.000000           1         -329.0719   
      1610:     48300.000000           1         -329.0725   
      1611:     48330.000000           1         -329.0746   
      1612:     48360.000000           1         -249.4322   
      1613:     48390.000000           1         -249.4320   
      1614:     48420.000000           1         -249.4285   
      1615:     48450.000000           1         -249.4327   
      1616:     48480.000000           1         -249.4390   
      1617:     48510.000000           1         -249.4416   
      1618:     48540.000000           1         -249.4438   
      1619:     48570.000000           1         -249.4443   
      1620:     48600.000000           1         -249.4474   
      1621:     48630.000000           1         -249.4454   
      1622:     48660.000000           1         -249.4444   
      1623:     48690.000000           1         -249.4483   
      1624:     48720.000000           1         -249.4499   
      1625:     48750.000000           1         -249.4535   
      1626:     48780.000000           1         -249.4595   
      1627:     48810.000000           1         -249.4626   
      1628:     48840.000000           1         -249.4651   
      1629:     48870.000000           1         -249.4639   
      1630:     48900.000000           1         -249.4643   
      1631:     48930.000000           1         -249.4654   
      1632:     48960.000000           1         -249.4641   
      1633:     48990.000000           1         -249.4642   
      1634:     49020.000000           1         -249.4695   
      1635:     49050.000000           1         -249.4778   
      1636:     49080.000000           1         -249.4829   
      1637:     49110.000000           1         -249.4880   
      1638:     49140.000000           1         -249.4881   
      1639:     49170.000000           1         -249.4904   
      1640:     49200.000000           1         -329.1039   
      1641:     49230.000000           1         -329.1059   
      1642:     49260.000000           1         -329.1009   
      1643:     49290.000000           1         -329.1012   
      1644:     49320.000000           1         -329.0990   
      1645:     49350.000000           1         -329.0990   
      1646:     49380.000000           1         -329.1005   
      1647:     49410.000000           1         -329.1041   
      1648:     49440.000000           1         -329.1090   
      1649:     49470.000000           1         -329.1144   
      1650:     49500.000000           1         -329.1141   
      1651:     49530.000000           1         -329.1135   
      1652:     49560.000000           1         -329.1164   
      1653:     49590.000000           1         -329.1213   
      1654:     49620.000000           1         -329.1264   
      1655:     49650.000000           1         -329.1300   
      1656:     49680.000000           1         -329.1336   
      1657:     49710.000000           1         -329.1341   
      1658:     49740.000000           1         -329.1364   
      1659:     49770.000000           1         -329.1371   
      1660:     49800.000000           1         -329.1354   
      1661:     49830.000000           1         -329.1356   
      1662:     49860.000000           1         -329.1341   
      1663:     49890.000000           1         -329.1324   
      1664:     49920.000000           1         -329.1334   
      1665:     49950.000000           1         -329.1381   
      1666:     49980.000000           1         -329.1404   
      1667:     50010.000000           1         -329.1422   
      1668:     50040.000000           1         -329.1419   
      1669:     50070.000000           1         -329.1395   
      1670:     50100.000000           1         -329.1360   
      1671:     50130.000000           1         -329.1295   
      1672:     50160.000000           1         -329.1242   
      1673:     50190.000000           1         -329.1204   
      1674:     50220.000000           1         -329.1227   
      1675:     50250.000000           1         -329.1206   
      1676:     50280.000000           1         -329.1235   
      1677:     50310.000000           1         -329.1184   
      1678:     50340.000000           1         -329.1218   
      1679:     50370.000000           1         -329.1227   
      1680:     50400.000000           1         -329.1180   
      1681:     50430.000000           1         -329.1180   
      1682:     50460.000000           1         -329.1168   
      1683:     50490.000000           1         -329.1158   
      1684:     50520.000000           1         -329.1171   
      1685:     50550.000000           1         -329.1207   
      1686:     50580.000000           1         -329.1164   
      1687:     50610.000000           1         -329.1175   
      1688:     50640.000000           1         -329.1227   
      1689:     50670.000000           1         -329.1246   
      1690:     50700.000000           1         -329.1202   
      1691:     50730.000000           1         -329.1153   
      1692:     50760.000000           1         -329.1157   
      1693:     50790.000000           1         -329.1161   
      1694:     50820.000000           1         -329.1142   
      1695:     50850.000000           1         -329.1129   
      1696:     50880.000000           1         -329.1118   
      1697:     50910.000000           1         -249.5155   
      1698:     50940.000000           1         -329.1085   
      1699:     50970.000000           1         -329.1063   
      1700:     51000.000000           1         -329.1056   
      1701:     51030.000000           1         -329.1065   
      1702:     51060.000000           1         -329.1076   
      1703:     51090.000000           1         -329.1125   
      1704:     51120.000000           1         -329.1130   
      1705:     51150.000000           1         -329.1137   
      1706:     51180.000000           1         -329.1092   
      1707:     51210.000000           1         -329.1071   
      1708:     51240.000000           1         -329.1086   
      1709:     51270.000000           1         -329.1052   
      1710:     51300.000000           1         -329.1034   
      1711:     51330.000000           1         -329.1043   
      1712:     51360.000000           1         -329.1054   
      1713:     51390.000000           1         -329.1048   
      1714:     51420.000000           1         -329.1042   
      1715:     51450.000000           1         -329.1060   
      1716:     51480.000000           1         -329.1080   
      1717:     51510.000000           1         -329.1098   
      1718:     51540.000000           1         -329.1059   
      1719:     51570.000000           1         -329.1037   
      1720:     51600.000000           1         -329.1021   
      1721:     51630.000000           1         -329.0999   
      1722:     51660.000000           1         -329.0995   
      1723:     51690.000000           1         -329.0951   
      1724:     51720.000000           1         -329.0927   
      1725:     51750.000000           1         -329.0953   
      1726:     51780.000000           1         -329.0991   
      1727:     51810.000000           1         -329.1029   
      1728:     51840.000000           1         -329.1058   
      1729:     51870.000000           1         -329.1021   
      1730:     51900.000000           1         -329.1013   
      1731:     51930.000000           1         -329.1000   
      1732:     51960.000000           1         -329.1019   
      1733:     51990.000000           1         -329.1008   
      1734:     52020.000000           1         -329.1027   
      1735:     52050.000000           1         -329.1057   
      1736:     52080.000000           1         -329.1066   
      1737:     52110.000000           1         -329.1058   
      1738:     52140.000000           1         -329.1076   
      1739:     52170.000000           1         -329.1081   
      1740:     52200.000000           1         -329.1102   
      1741:     52230.000000           1         -329.1125   
      1742:     52260.000000           1         -329.1162   
      1743:     52290.000000           1         -329.1173   
      1744:     52320.000000           1         -329.1165   
      1745:     52350.000000           1         -329.1189   
      1746:     52380.000000           1         -329.1223   
      1747:     52410.000000           1         -329.1205   
      1748:     52440.000000           1         -329.1191   
      1749:     52470.000000           1         -329.1206   
      1750:     52500.000000           1         -329.1163   
      1751:     52530.000000           1         -329.1119   
      1752:     52560.000000           1         -329.1118   
      1753:     52590.000000           1         -329.1106   
      1754:     52620.000000           1         -329.1105   
      1755:     52650.000000           1         -329.1086   
      1756:     52680.000000           1         -329.1070   
      1757:     52710.000000           1         -329.1093   
      1758:     52740.000000           1         -329.1142   
      1759:     52770.000000           1         -329.1169   
      1760:     52800.000000           1         -329.1186   
      1761:     52830.000000           1         -329.1175   
      1762:     52860.000000           1         -329.1136   
      1763:     52890.000000           1         -329.1139   
      1764:     52920.000000           1         -329.1192   
      1765:     52950.000000           1         -329.1179   
      1766:     52980.000000           1         -329.1181   
      1767:     53010.000000           1         -329.1208   
      1768:     53040.000000           1         -329.1279   
      1769:     53070.000000           1         -329.1351   
      1770:     53100.000000           1         -329.1381   
      1771:     53130.000000           1         -329.1393   
      1772:     53160.000000           1         -329.1395   
      1773:     53190.000000           1         -329.1395   
      1774:     53220.000000           1         -249.5599   
      1775:     53250.000000           1         -329.1457   
      1776:     53280.000000           1         -329.1463   
      1777:     53310.000000           1         -329.1487   
      1778:     53340.000000           1          -13.7844   
      1779:     53370.000000           1         -249.5664   
      1780:     53400.000000           1         -249.5685   
      1781:     53430.000000           1         -249.5695   
      1782:     53460.000000           1         -249.5691   
      1783:     53490.000000           1         -249.5698   
      1784:     53520.000000           1         -249.5719   
      1785:     53550.000000           1         -249.5751   
      1786:     53580.000000           1         -249.5792   
      1787:     53610.000000           1         -249.5790   
      1788:     53640.000000           1         -249.5781   
      1789:     53670.000000           1         -249.5776   
      1790:     53700.000000           1         -249.5751   
      1791:     53730.000000           1         -249.5744   
      1792:     53760.000000           1         -249.5733   
      1793:     53790.000000           1         -249.5686   
      1794:     53820.000000           1         -249.5659   
      1795:     53850.000000           1         -249.5701   
      1796:     53880.000000           1         -249.5694   
      1797:     53910.000000           1         -249.5731   
      1798:     53940.000000           1         -249.5761   
      1799:     53970.000000           1         -249.5792   
      1800:     54000.000000           1          -13.7997   
      1801:     54030.000000           1         -329.1703   
      1802:     54060.000000           1         -991.1546   
      1803:     54090.000000           1         -329.1782   
      1804:     54120.000000           1         -329.1764   
      1805:     54150.000000           1         -329.1732   
      1806:     54180.000000           1          -13.8053   
      1807:     54210.000000           1         -329.1680   
      1808:     54240.000000           1         -329.1691   
      1809:     54270.000000           1         -329.1691   
      1810:     54300.000000           1          -13.8041   
      1811:     54330.000000           1          -13.8046   
      1812:     54360.000000           1          -13.8042   
      1813:     54390.000000           1          -13.8045   
      1814:     54420.000000           1          -13.8127   
      1815:     54450.000000           1          -13.8200   
      1816:     54480.000000           1          -13.8234   
      1817:     54510.000000           1          -13.8278   
      1818:     54540.000000           1          -13.8308   
      1819:     54570.000000           1          -13.8311   
      1820:     54600.000000           1          -13.8311   
      1821:     54630.000000           1          -13.8295   
      1822:     54660.000000           1          -13.8266   
      1823:     54690.000000           1         -191.4553   
      1824:     54720.000000           1         -191.4544   
      1825:     54750.000000           1         -191.4528   
      1826:     54780.000000           1         -191.4558   
      1827:     54810.000000           1         -191.4586   
      1828:     54840.000000           1         -191.4602   
      1829:     54870.000000           1         -191.4675   
      1830:     54900.000000           1          -13.8400   
      1831:     54930.000000           1          -13.8393   
      1832:     54960.000000           1          -13.8404   
      1833:     54990.000000           1          -13.8415   
      1834:     55020.000000           1          -13.8371   
      1835:     55050.000000           1          -13.8388   
      1836:     55080.000000           1          -13.8378   
      1837:     55110.000000           1          -13.8358   
      1838:     55140.000000           1          -13.8366   
      1839:     55170.000000           1          -13.8381   
      1840:     55200.000000           1          -13.8421   
      1841:     55230.000000           1          -13.8467   
      1842:     55260.000000           1          -13.8509   
      1843:     55290.000000           1          -13.8512   
      1844:     55320.000000           1          -13.8536   
      1845:     55350.000000           1          -13.8566   
      1846:     55380.000000           1          -13.8612   
      1847:     55410.000000           1          -13.8664   
      1848:     55440.000000           1          -13.8644   
      1849:     55470.000000           1          -13.8629   
      1850:     55500.000000           1          -13.8644   
      1851:     55530.000000           1          -13.8666   
      1852:     55560.000000           1          -13.8689   
      1853:     55590.000000           1          -13.8695   
      1854:     55620.000000           1          -13.8723   
      1855:     55650.000000           1          -13.8723   
      1856:     55680.000000           1          -13.8760   
      1857:     55710.000000           1          -13.8783   
      1858:     55740.000000           1          -13.8769   
      1859:     55770.000000           1         -191.5424   
      1860:     55800.000000           1          -13.8767   
      1861:     55830.000000           1          -13.8787   
      1862:     55860.000000           1          -13.8806   
      1863:     55890.000000           1          -13.8792   
      1864:     55920.000000           1          -13.8792   
      1865:     55950.000000           1          -13.8808   
      1866:     55980.000000           1          -13.8832   
      1867:     56010.000000           1         -329.2877   
      1868:     56040.000000           1         -329.2927   
      1869:     56070.000000           1         -329.2969   
      1870:     56100.000000           1         -329.3008   
      1871:     56130.000000           1         -329.3054   
      1872:     56160.000000           1         -329.3076   
      1873:     56190.000000           1         -329.3064   
      1874:     56220.000000           1         -329.3083   
      1875:     56250.000000           1         -329.3162   
      1876:     56280.000000           1         -329.3192   
      1877:     56310.000000           1         -329.3180   
      1878:     56340.000000           1         -329.3159   
      1879:     56370.000000           1         -329.3155   
      1880:     56400.000000           1         -329.3161   
      1881:     56430.000000           1         -329.3141   
      1882:     56460.000000           1         -329.3176   
      1883:     56490.000000           1         -329.3198   
      1884:     56520.000000           1         -329.3206   
      1885:     56550.000000           1         -329.3255   
      1886:     56580.000000           1         -329.3276   
      1887:     56610.000000           1         -329.3269   
      1888:     56640.000000           1         -329.3278   
      1889:     56670.000000           1         -329.3320   
      1890:     56700.000000           1         -329.3320   
      1891:     56730.000000           1         -329.3312   
      1892:     56760.000000           1         -329.3365   
      1893:     56790.000000           1         -329.3393   
      1894:     56820.000000           1         -329.3412   
      1895:     56850.000000           1         -329.3443   
      1896:     56880.000000           1         -329.3447   
      1897:     56910.000000           1         -329.3458   
      1898:     56940.000000           1         -329.3493   
      1899:     56970.000000           1          -14.0255   
      1900:     57000.000000           1          -14.0445   
      1901:     57030.000000           1          -14.0607   
      1902:     57060.000000           1          -14.0777   
      1903:     57090.000000           1         -191.5645   
      1904:     57120.000000           1         -191.5657   
      1905:     57150.000000           1         -191.5691   
      1906:     57180.000000           1         -191.5649   
      1907:     57210.000000           1         -191.5669   
      1908:     57240.000000           1         -191.5683   
      1909:     57270.000000           1         -191.5702   
      1910:     57300.000000           1         -191.5715   
      1911:     57330.000000           1         -191.5749   
      1912:     57360.000000           1         -191.5743   
      1913:     57390.000000           1         -191.5747   
      1914:     57420.000000           1         -191.5749   
      1915:     57450.000000           1         -191.5731   
      1916:     57480.000000           1         -191.5763   
      1917:     57510.000000           1         -191.5717   
      1918:     57540.000000           1         -191.5729   
      1919:     57570.000000           1         -191.5723   
      1920:     57600.000000           1         -191.5741   
      1921:     57630.000000           1         -191.5759   
      1922:     57660.000000           1         -191.5745   
      1923:     57690.000000           1         -329.3755   
      1924:     57720.000000           1         -191.5824   
      1925:     57750.000000           1         -191.5834   
      1926:     57780.000000           1         -329.3780   
      1927:     57810.000000           1         -191.5805   
      1928:     57840.000000           1         -329.3788   
      1929:     57870.000000           1         -329.3763   
      1930:     57900.000000           1         -329.3805   
      1931:     57930.000000           1         -329.3812   
      1932:     57960.000000           1         -329.3833   
      1933:     57990.000000           1         -329.3869   
      1934:     58020.000000           1         -329.3908   
      1935:     58050.000000           1         -329.3909   
      1936:     58080.000000           1         -329.3896   
      1937:     58110.000000           1         -329.3922   
      1938:     58140.000000           1         -329.3940   
      1939:     58170.000000           1         -329.3973   
      1940:     58200.000000           1         -329.3984   
      1941:     58230.000000           1         -329.4005   
      1942:     58260.000000           1         -329.4016   
      1943:     58290.000000           1         -329.4048   
      1944:     58320.000000           1         -329.4088   
      1945:     58350.000000           1         -329.4092   
      1946:     58380.000000           1         -329.4092   
      1947:     58410.000000           1         -329.4082   
      1948:     58440.000000           1         -329.4087   
      1949:     58470.000000           1         -329.4124   
      1950:     58500.000000           1         -329.4108   
      1951:     58530.000000           1         -329.4119   
      1952:     58560.000000           1         -329.4176   
      1953:     58590.000000           1         -329.4172   
      1954:     58620.000000           1         -329.4193   
      1955:     58650.000000           1         -329.4215   
      1956:     58680.000000           1         -329.4281   
      1957:     58710.000000           1         -329.4351   
      1958:     58740.000000           1         -329.4404   
      1959:     58770.000000           1         -329.4438   
      1960:     58800.000000           1         -329.4458   
      1961:     58830.000000           1         -329.4478   
      1962:     58860.000000           1         -329.4528   
      1963:     58890.000000           1         -329.4585   
      1964:     58920.000000           1         -329.4632   
      1965:     58950.000000           1         -329.4663   
      1966:     58980.000000           1         -329.4706   
      1967:     59010.000000           1         -329.4733   
      1968:     59040.000000           1         -329.4797   
      1969:     59070.000000           1         -329.4845   
      1970:     59100.000000           1         -329.4850   
      1971:     59130.000000           1         -329.4900   
      1972:     59160.000000           1         -329.4979   
      1973:     59190.000000           1         -329.5012   
      1974:     59220.000000           1         -329.5012   
      1975:     59250.000000           1         -329.5025   
      1976:     59280.000000           1         -329.5036   
      1977:     59310.000000           1         -329.5033   
      1978:     59340.000000           1         -329.5017   
      1979:     59370.000000           1         -329.5019   
      1980:     59400.000000           1         -329.5020   
      1981:     59430.000000           1         -329.5006   
      1982:     59460.000000           1         -329.5009   
      1983:     59490.000000           1         -329.4997   
      1984:     59520.000000           1         -329.5040   
      1985:     59550.000000           1         -329.5051   
      1986:     59580.000000           1         -329.5108   
      1987:     59610.000000           1         -329.5127   
      1988:     59640.000000           1         -329.5113   
      1989:     59670.000000           1         -329.5126   
      1990:     59700.000000           1         -329.5135   
      1991:     59730.000000           1         -329.5144   
      1992:     59760.000000           1         -329.5188   
      1993:     59790.000000           1         -329.5206   
      1994:     59820.000000           1         -191.7022   
      1995:     59850.000000           1         -329.5227   
      1996:     59880.000000           1         -329.5264   
      1997:     59910.000000           1         -329.5318   
      1998:     59940.000000           1         -191.7066   
      1999:     59970.000000           1         -191.7076   
      2000:     60000.000000           1         -191.7086   
      2001:     60030.000000           1         -191.7102   
      2002:     60060.000000           1         -191.7089   
      2003:     60090.000000           1         -191.7056   
      2004:     60120.000000           1         -191.7065   
      2005:     60150.000000           1         -191.7015   
      2006:     60180.000000           1         -191.7008   
      2007:     60210.000000           1         -191.7005   
      2008:     60240.000000           1         -191.6980   
      2009:     60270.000000           1         -191.6975   
      2010:     60300.000000           1         -191.6977   
      2011:     60330.000000           1         -191.6963   
      2012:     60360.000000           1         -191.6900   
      2013:     60390.000000           1         -191.6901   
      2014:     60420.000000           1         -191.6903   
      2015:     60450.000000           1         -191.6935   
      2016:     60480.000000           1          181.7008   
      2017:     60510.000000           1          181.6970   
      2018:     60540.000000           1          181.6968   
      2019:     60570.000000           1          181.6962   
      2020:     60600.000000           1          181.6966   
      2021:     60630.000000           1          181.6962   
      2022:     60660.000000           1         -191.7071   
      2023:     60690.000000           1         -191.7057   
      2024:     60720.000000           1          181.6984   
      2025:     60750.000000           1         -191.7019   
      2026:     60780.000000           1          181.6981   
      2027:     60810.000000           1         -191.7071   
      2028:     60840.000000           1         -191.7092   
      2029:     60870.000000           1          181.6942   
      2030:     60900.000000           1          181.6950   
      2031:     60930.000000           1          181.6966   
      2032:     60960.000000           1          181.7004   
      2033:     60990.000000           1          181.7041   
      2034:     61020.000000           1          181.7064   
      2035:     61050.000000           1         -191.6965   
      2036:     61080.000000           1         -191.6983   
      2037:     61110.000000           1         -191.6978   
      2038:     61140.000000           1          181.7047   
      2039:     61170.000000           1         -191.7026   
      2040:     61200.000000           1         -191.7076   
      2041:     61230.000000           1         -191.7100   
      2042:     61260.000000           1         -191.7098   
      2043:     61290.000000           1         -329.5445   
      2044:     61320.000000           1         -329.5471   
      2045:     61350.000000           1         -329.5492   
      2046:     61380.000000           1         -191.7164   
      2047:     61410.000000           1         -329.5458   
      2048:     61440.000000           1         -329.5420   
      2049:     61470.000000           1         -191.7052   
      2050:     61500.000000           1         -329.5391   
      2051:     61530.000000           1         -329.5372   
      2052:     61560.000000           1         -191.7087   
      2053:     61590.000000           1         -329.5407   
      2054:     61620.000000           1         -191.7124   
      2055:     61650.000000           1         -329.5453   
      2056:     61680.000000           1         -329.5448   
      2057:     61710.000000           1         -329.5415   
      2058:     61740.000000           1         -329.5394   
      2059:     61770.000000           1         -329.5390   
      2060:     61800.000000           1         -329.5357   
      2061:     61830.000000           1         -329.5344   
      2062:     61860.000000           1         -191.7027   
      2063:     61890.000000           1         -191.7005   
      2064:     61920.000000           1         -191.6987   
      2065:     61950.000000           1         -191.6972   
      2066:     61980.000000           1         -191.6954   
      2067:     62010.000000           1         -329.5256   
      2068:     62040.000000           1         -329.5221   
      2069:     62070.000000           1         -191.6874   
      2070:     62100.000000           1         -191.6853   
      2071:     62130.000000           1          181.7397   
      2072:     62160.000000           1         -191.6807   
      2073:     62190.000000           1         -191.6781   
      2074:     62220.000000           1         -191.6759   
      2075:     62250.000000           1         -191.6778   
      2076:     62280.000000           1          181.7415   
      2077:     62310.000000           1         -191.6827   
      2078:     62340.000000           1         -329.5114   
      2079:     62370.000000           1          181.7408   
      2080:     62400.000000           1         -191.6823   
      2081:     62430.000000           1         -191.6860   
      2082:     62460.000000           1         -191.6860   
      2083:     62490.000000           1         -191.6856   
      2084:     62520.000000           1         -191.6856   
      2085:     62550.000000           1         -191.6903   
      2086:     62580.000000           1         -191.6923   
      2087:     62610.000000           1         -191.6930   
      2088:     62640.000000           1         -191.6928   
      2089:     62670.000000           1         -191.6938   
      2090:     62700.000000           1         -191.6906   
      2091:     62730.000000           1         -191.6926   
      2092:     62760.000000           1         -191.6905   
      2093:     62790.000000           1          181.7328   
      2094:     62820.000000           1          181.7329   
      2095:     62850.000000           1          181.7315   
      2096:     62880.000000           1          181.7303   
      2097:     62910.000000           1          181.7317   
      2098:     62940.000000           1          181.7304   
      2099:     62970.000000           1          181.7339   
      2100:     63000.000000           1          181.7353   
      2101:     63030.000000           1          181.7379   
      2102:     63060.000000           1          -87.3371   
      2103:     63090.000000           1          181.7407   
      2104:     63120.000000           1          181.7453   
      2105:     63150.000000           1          181.7449   
      2106:     63180.000000           1          181.7465   
      2107:     63210.000000           1          181.7475   
      2108:     63240.000000           1          181.7487   
      2109:     63270.000000           1          181.7499   
      2110:     63300.000000           1          181.7504   
      2111:     63330.000000           1          181.7529   
      2112:     63360.000000           1          181.7561   
      2113:     63390.000000           1          181.7559   
      2114:     63420.000000           1         -191.6615   
      2115:     63450.000000           1         -191.6604   
      2116:     63480.000000           1         -191.6584   
      2117:     63510.000000           1         -191.6549   
      2118:     63540.000000           1         -191.6522   
      2119:     63570.000000           1          170.7201   
      2120:     63600.000000           1          170.7111   
      2121:     63630.000000           1          170.7254   
      2122:     63660.000000           1          170.7189   
      2123:     63690.000000           1          170.7134   
      2124:     63720.000000           1          170.6934   
      2125:     63750.000000           1          170.7050   
      2126:     63780.000000           1          170.7417   
      2127:     63810.000000           1          170.7597   
      2128:     63840.000000           1          170.7726   
      2129:     63870.000000           1          170.7874   
      2130:     63900.000000           1          170.7971   
      2131:     63930.000000           1          170.7893   
      2132:     63960.000000           1          170.7948   
      2133:     63990.000000           1          170.7929   
      2134:     64020.000000           1          170.7854   
      2135:     64050.000000           1          170.7794   
      2136:     64080.000000           1          170.7731   
      2137:     64110.000000           1          170.7648   
      2138:     64140.000000           1          170.7698   
      2139:     64170.000000           1          170.7678   
      2140:     64200.000000           1          170.7670   
      2141:     64230.000000           1          170.7623   
      2142:     64260.000000           1          170.7658   
      2143:     64290.000000           1         -191.6373   
      2144:     64320.000000           1          170.5977   
      2145:     64350.000000           1          171.0582   
      2146:     64380.000000           1         -329.4667   
      2147:     64410.000000           1         -329.4674   
      2148:     64440.000000           1         -329.4688   
      2149:     64470.000000           1         -329.4683   
      2150:     64500.000000           1         -329.4663   
      2151:     64530.000000           1         -329.4682   
      2152:     64560.000000           1         -329.4676   
      2153:     64590.000000           1         -329.4672   
      2154:     64620.000000           1         -329.4679   
      2155:     64650.000000           1         -329.4725   
      2156:     64680.000000           1         -329.4735   
      2157:     64710.000000           1         -329.4756   
      2158:     64740.000000           1         -329.4724   
      2159:     64770.000000           1         -329.4673   
      2160:     64800.000000           1         -329.4656   
      2161:     64830.000000           1         -329.4631   
      2162:     64860.000000           1         -329.4566   
      2163:     64890.000000           1         -329.4539   
      2164:     64920.000000           1         -329.4539   
      2165:     64950.000000           1         -329.4512   
      2166:     64980.000000           1         -329.4533   
      2167:     65010.000000           1         -329.4534   
      2168:     65040.000000           1         -329.4575   
      2169:     65070.000000           1          170.9307   
      2170:     65100.000000           1          170.9334   
      2171:     65130.000000           1         -329.4517   
      2172:     65160.000000           1          170.9540   
      2173:     65190.000000           1          170.9488   
      2174:     65220.000000           1          170.9531   
      2175:     65250.000000           1          170.9401   
      2176:     65280.000000           1          170.9252   
      2177:     65310.000000           1          170.9173   
      2178:     65340.000000           1          170.9071   
      2179:     65370.000000           1          170.8942   
      2180:     65400.000000           1          170.8906   
      2181:     65430.000000           1          170.8855   
      2182:     65460.000000           1          170.8874   
      2183:     65490.000000           1          170.8835   
      2184:     65520.000000           1          170.8828   
      2185:     65550.000000           1         -191.6134   
      2186:     65580.000000           1         -191.6125   
      2187:     65610.000000           1          170.8664   
      2188:     65640.000000           1          170.8615   
      2189:     65670.000000           1         -191.6037   
      2190:     65700.000000           1         -191.5992   
      2191:     65730.000000           1          170.6753   
      2192:     65760.000000           1          170.6651   
      2193:     65790.000000           1          170.6871   
      2194:     65820.000000           1          170.6814   
      2195:     65850.000000           1          170.6722   
      2196:     65880.000000           1          170.6770   
      2197:     65910.000000           1          170.6855   
      2198:     65940.000000           1          170.7013   
      2199:     65970.000000           1          170.7053   
      2200:     66000.000000           1          170.7153   
      2201:     66030.000000           1          170.7197   
      2202:     66060.000000           1          170.7286   
      2203:     66090.000000           1          170.7288   
      2204:     66120.000000           1          170.7336   
      2205:     66150.000000           1         -191.5875   
      2206:     66180.000000           1          170.7289   
      2207:     66210.000000           1          170.7265   
      2208:     66240.000000           1          170.7288   
      2209:     66270.000000           1          170.7308   
      2210:     66300.000000           1          170.7338   
      2211:     66330.000000           1          170.7336   
      2212:     66360.000000           1          170.7315   
      2213:     66390.000000           1          170.7267   
      2214:     66420.000000           1          170.7210   
      2215:     66450.000000           1          170.7149   
      2216:     66480.000000           1          170.7108   
      2217:     66510.000000           1          170.7048   
      2218:     66540.000000           1          170.6988   
      2219:     66570.000000           1         -191.5823   
      2220:     66600.000000           1            5.6822   
      2221:     66630.000000           1         -191.5781   
      2222:     66660.000000           1         -191.5754   
      2223:     66690.000000           1         -191.5727   
      2224:     66720.000000           1         -191.5728   
      2225:     66750.000000           1         -191.5730   
      2226:     66780.000000           1         -191.5769   
      2227:     66810.000000           1         -191.5750   
      2228:     66840.000000           1         -191.5782   
      2229:     66870.000000           1         -191.5777   
      2230:     66900.000000           1         -191.5772   
      2231:     66930.000000           1         -191.5774   
      2232:     66960.000000           1         -191.5788   
      2233:     66990.000000           1         -191.5760   
      2234:     67020.000000           1         -191.5775   
      2235:     67050.000000           1            5.6815   
      2236:     67080.000000           1            5.6797   
      2237:     67110.000000           1            5.6773   
      2238:     67140.000000           1            5.6766   
      2239:     67170.000000           1            5.6758   
      2240:     67200.000000           1            5.6753   
      2241:     67230.000000           1            5.6779   
      2242:     67260.000000           1            5.6764   
      2243:     67290.000000           1            5.6770   
      2244:     67320.000000           1            5.6787   
      2245:     67350.000000           1         -191.5841   
      2246:     67380.000000           1         -191.5828   
      2247:     67410.000000           1         -191.5823   
      2248:     67440.000000           1         -191.5848   
      2249:     67470.000000           1         -191.5853   
      2250:     67500.000000           1         -191.5839   
      2251:     67530.000000           1         -191.5845   
      2252:     67560.000000           1         -191.5817   
      2253:     67590.000000           1         -191.5832   
      2254:     67620.000000           1         -191.5835   
      2255:     67650.000000           1         -191.5795   
      2256:     67680.000000           1         -191.5793   
      2257:     67710.000000           1         -191.5775   
      2258:     67740.000000           1         -191.5760   
      2259:     67770.000000           1         -191.5762   
      2260:     67800.000000           1         -191.5749   
      2261:     67830.000000           1          170.5896   
      2262:     67860.000000           1          170.5877   
      2263:     67890.000000           1          170.5886   
      2264:     67920.000000           1          170.5800   
      2265:     67950.000000           1          170.5740   
      2266:     67980.000000           1          170.5705   
      2267:     68010.000000           1          170.5628   
      2268:     68040.000000           1          170.5623   
      2269:     68070.000000           1          170.5589   
      2270:     68100.000000           1          170.5537   
      2271:     68130.000000           1          170.5519   
      2272:     68160.000000           1          170.5515   
      2273:     68190.000000           1          170.5468   
      2274:     68220.000000           1          170.5487   
      2275:     68250.000000           1          170.5465   
      2276:     68280.000000           1          170.5455   
      2277:     68310.000000           1          170.5429   
      2278:     68340.000000           1          170.5448   
      2279:     68370.000000           1          170.5449   
      2280:     68400.000000           1          170.5417   
      2281:     68430.000000           1          170.5425   
      2282:     68460.000000           1          170.5423   
      2283:     68490.000000           1          170.5401   
      2284:     68520.000000           1          170.5375   
      2285:     68550.000000           1          170.5350   
      2286:     68580.000000           1          170.5327   
      2287:     68610.000000           1         -191.5782   
      2288:     68640.000000           1         -191.5745   
      2289:     68670.000000           1         -191.5760   
      2290:     68700.000000           1         -191.5797   
      2291:     68730.000000           1         -191.5847   
      2292:     68760.000000           1         -191.5862   
      2293:     68790.000000           1         -191.5868   
      2294:     68820.000000           1         -191.5869   
      2295:     68850.000000           1         -191.5857   
      2296:     68880.000000           1         -191.5855   
      2297:     68910.000000           1         -191.5841   
      2298:     68940.000000           1         -191.5852   
      2299:     68970.000000           1         -191.5849   
      2300:     69000.000000           1         -191.5836   
      2301:     69030.000000           1         -191.5799   
      2302:     69060.000000           1         -191.5766   
      2303:     69090.000000           1         -191.5729   
      2304:     69120.000000           1         -191.5727   
      2305:     69150.000000           1         -191.5761   
      2306:     69180.000000           1         -191.5806   
      2307:     69210.000000           1         -191.5830   
      2308:     69240.000000           1         -191.5832   
      2309:     69270.000000           1         -191.5834   
      2310:     69300.000000           1         -191.5832   
      2311:     69330.000000           1         -191.5820   
      2312:     69360.000000           1         -191.5818   
      2313:     69390.000000           1         -191.5821   
      2314:     69420.000000           1         -191.5838   
      2315:     69450.000000           1          170.5098   
      2316:     69480.000000           1          170.5067   
      2317:     69510.000000           1          170.5061   
      2318:     69540.000000           1          170.5048   
      2319:     69570.000000           1          170.5011   
      2320:     69600.000000           1          170.4995   
      2321:     69630.000000           1          170.4990   
      2322:     69660.000000           1         -330.4499   
      2323:     69690.000000           1         -330.4557   
      2324:     69720.000000           1         -330.4287   
      2325:     69750.000000           1         -330.4765   
      2326:     69780.000000           1         -330.4821   
      2327:     69810.000000           1         -330.4485   
      2328:     69840.000000           1         -330.4430   
      2329:     69870.000000           1         -330.4451   
      2330:     69900.000000           1         -330.4578   
      2331:     69930.000000           1         -330.4559   
      2332:     69960.000000           1         -330.4580   
      2333:     69990.000000           1         -330.4576   
      2334:     70020.000000           1         -330.4718   
      2335:     70050.000000           1         -330.4769   
      2336:     70080.000000           1         -330.4812   
      2337:     70110.000000           1         -330.4827   
      2338:     70140.000000           1         -191.5941   
      2339:     70170.000000           1         -330.4745   
      2340:     70200.000000           1         -330.5764   
      2341:     70230.000000           1         -330.5211   
      2342:     70260.000000           1         -330.5145   
      2343:     70290.000000           1         -330.5040   
      2344:     70320.000000           1         -330.4918   
      2345:     70350.000000           1         -330.4839   
      2346:     70380.000000           1         -330.4972   
      2347:     70410.000000           1         -330.4958   
      2348:     70440.000000           1         -330.5038   
      2349:     70470.000000           1         -330.5101   
      2350:     70500.000000           1         -330.5142   
      2351:     70530.000000           1         -330.5203   
      2352:     70560.000000           1          170.4790   
      2353:     70590.000000           1          170.4797   
      2354:     70620.000000           1          170.4816   
      2355:     70650.000000           1          170.4840   
      2356:     70680.000000           1          170.4877   
      2357:     70710.000000           1          170.4899   
      2358:     70740.000000           1          170.4911   
      2359:     70770.000000           1          170.4920   
      2360:     70800.000000           1          170.4900   
      2361:     70830.000000           1          170.4894   
      2362:     70860.000000           1          170.4841   
      2363:     70890.000000           1          170.4833   
      2364:     70920.000000           1          170.4821   
      2365:     70950.000000           1          170.4826   
      2366:     70980.000000           1          170.4830   
      2367:     71010.000000           1          170.4864   
      2368:     71040.000000           1          170.4851   
      2369:     71070.000000           1          170.4853   
      2370:     71100.000000           1          170.4848   
      2371:     71130.000000           1          170.4853   
      2372:     71160.000000           1          170.4870   
      2373:     71190.000000           1          170.4887   
      2374:     71220.000000           1          170.4898   
      2375:     71250.000000           1          170.4920   
      2376:     71280.000000           1          170.4932   
      2377:     71310.000000           1          170.4915   
      2378:     71340.000000           1          170.4921   
      2379:     71370.000000           1          170.4928   
      2380:     71400.000000           1          170.4895   
      2381:     71430.000000           1          170.4873   
      2382:     71460.000000           1          170.4835   
      2383:     71490.000000           1          170.4811   
      2384:     71520.000000           1          170.4801   
      2385:     71550.000000           1          170.4785   
      2386:     71580.000000           1          170.4752   
      2387:     71610.000000           1          170.4762   
      2388:     71640.000000           1          170.4743   
      2389:     71670.000000           1          170.4767   
      2390:     71700.000000           1          170.4767   
      2391:     71730.000000           1          170.4758   
      2392:     71760.000000           1          170.4775   
      2393:     71790.000000           1          170.4807   
      2394:     71820.000000           1          170.4847   
      2395:     71850.000000           1          170.4882   
      2396:     71880.000000           1          170.4929   
      2397:     71910.000000           1          170.4938   
      2398:     71940.000000           1          170.4940   
      2399:     71970.000000           1          170.4955   
      2400:     72000.000000           1          170.4946   
      2401:     72030.000000           1         -191.5948   
      2402:     72060.000000           1         -191.5960   
      2403:     72090.000000           1         -191.5974   
      2404:     72120.000000           1         -191.5985   
      2405:     72150.000000           1         -191.6004   
      2406:     72180.000000           1         -191.6001   
      2407:     72210.000000           1         -191.6013   
      2408:     72240.000000           1         -191.6030   
      2409:     72270.000000           1         -191.6030   
      2410:     72300.000000           1         -191.6040   
      2411:     72330.000000           1         -191.6014   
      2412:     72360.000000           1           13.2117   
      2413:     72390.000000           1         -191.6008   
      2414:     72420.000000           1           13.2004   
      2415:     72450.000000           1           13.1976   
      2416:     72480.000000           1           13.1964   
      2417:     72510.000000           1           13.1896   
      2418:     72540.000000           1           13.1871   
      2419:     72570.000000           1           13.1785   
      2420:     72600.000000           1           13.1738   
      2421:     72630.000000           1           13.1699   
      2422:     72660.000000           1         -191.6133   
      2423:     72690.000000           1         -191.6129   
      2424:     72720.000000           1         -191.6146   
      2425:     72750.000000           1         -191.6155   
      2426:     72780.000000           1         -191.6171   
      2427:     72810.000000           1         -191.6159   
      2428:     72840.000000           1         -191.6181   
      2429:     72870.000000           1         -191.6203   
      2430:     72900.000000           1         -191.6206   
      2431:     72930.000000           1         -191.6222   
