         0:         0.000000           1           13.1522   
         1:        30.000000           1           26.2567   
         2:        60.000000           1           21.2366   
         3:        90.000000           1           23.5495   
         4:       120.000000           1           26.6309   
         5:       150.000000           1           27.6918   
         6:       180.000000           1           28.5112   
         7:       210.000000           1           30.8261   
         8:       240.000000           1           30.1035   
         9:       270.000000           1           30.7259   
        10:       300.000000           1           31.2075   
        11:       330.000000           1           31.0488   
        12:       360.000000           1           31.5919   
        13:       390.000000           1           31.2570   
        14:       420.000000           1           31.8661   
        15:       450.000000           1           32.5757   
        16:       480.000000           1           33.1257   
        17:       510.000000           1           33.2958   
        18:       540.000000           1           33.5761   
        19:       570.000000           1           33.6542   
        20:       600.000000           1           34.1948   
        21:       630.000000           1           34.8540   
        22:       660.000000           1           35.1465   
        23:       690.000000           1           35.2830   
        24:       720.000000           1           34.9766   
        25:       750.000000           1           34.8200   
        26:       780.000000           1           34.8941   
        27:       810.000000           1           34.6534   
        28:       840.000000           1           34.6163   
        29:       870.000000           1           34.6085   
        30:       900.000000           1           34.7524   
        31:       930.000000           1           34.8253   
        32:       960.000000           1           34.9461   
        33:       990.000000           1           34.8928   
        34:      1020.000000           1           35.0691   
        35:      1050.000000           1           35.1425   
        36:      1080.000000           1           35.0400   
        37:      1110.000000           1          -22.3468   
        38:      1140.000000           1           35.1893   
        39:      1170.000000           1           35.0807   
        40:      1200.000000           1           35.4941   
        41:      1230.000000           1           35.8104   
        42:      1260.000000           1           35.8817   
        43:      1290.000000           1           35.8338   
        44:      1320.000000           1           35.9574   
        45:      1350.000000           1          -20.9943   
        46:      1380.000000           1           35.6684   
        47:      1410.000000           1           35.9495   
        48:      1440.000000           1          -21.0927   
        49:      1470.000000           1           35.8256   
        50:      1500.000000           1           35.7643   
        51:      1530.000000           1           35.8825   
        52:      1560.000000           1           35.9612   
        53:      1590.000000           1           36.1944   
        54:      1620.000000           1           36.3539   
        55:      1650.000000           1           36.4428   
        56:      1680.000000           1           36.4025   
        57:      1710.000000           1           36.4853   
        58:      1740.000000           1           36.4535   
        59:      1770.000000           1           36.4968   
        60:      1800.000000           1           36.4857   
        61:      1830.000000           1           36.4465   
        62:      1860.000000           1           36.4599   
        63:      1890.000000           1           36.3885   
        64:      1920.000000           1           36.3597   
        65:      1950.000000           1           36.3672   
        66:      1980.000000           1           36.3177   
        67:      2010.000000           1           36.2605   
        68:      2040.000000           1           36.2215   
        69:      2070.000000           1           36.1065   
        70:      2100.000000           1           36.0776   
        71:      2130.000000           1           36.0178   
        72:      2160.000000           1           35.8849   
        73:      2190.000000           1           35.8058   
        74:      2220.000000           1           35.6654   
        75:      2250.000000           1           35.6870   
        76:      2280.000000           1           35.6930   
        77:      2310.000000           1           35.7501   
        78:      2340.000000           1           35.6719   
        79:      2370.000000           1           35.6527   
        80:      2400.000000           1           35.6365   
        81:      2430.000000           1           35.6669   
        82:      2460.000000           1           35.6874   
        83:      2490.000000           1           35.6651   
        84:      2520.000000           1           35.6985   
        85:      2550.000000           1           35.8636   
        86:      2580.000000           1           35.9358   
        87:      2610.000000           1           36.0280   
        88:      2640.000000           1           35.9696   
        89:      2670.000000           1           36.0498   
        90:      2700.000000           1           36.0158   
        91:      2730.000000           1           36.0360   
        92:      2760.000000           1           36.0548   
        93:      2790.000000           1           36.0705   
        94:      2820.000000           1           35.9938   
        95:      2850.000000           1           36.0676   
        96:      2880.000000           1           36.0530   
        97:      2910.000000           1           36.0595   
        98:      2940.000000           1           36.0626   
        99:      2970.000000           1           36.0611   
       100:      3000.000000           1           35.9534   
       101:      3030.000000           1           35.9114   
       102:      3060.000000           1           35.9190   
       103:      3090.000000           1           35.8986   
       104:      3120.000000           1           35.9129   
       105:      3150.000000           1           35.9602   
       106:      3180.000000           1           35.9417   
       107:      3210.000000           1           35.9635   
       108:      3240.000000           1           35.9722   
       109:      3270.000000           1           35.9598   
       110:      3300.000000           1           35.9701   
       111:      3330.000000           1           35.9406   
       112:      3360.000000           1           35.8954   
       113:      3390.000000           1           35.8573   
       114:      3420.000000           1           35.8621   
       115:      3450.000000           1           35.8913   
       116:      3480.000000           1           35.8886   
       117:      3510.000000           1           35.8199   
       118:      3540.000000           1           35.8043   
       119:      3570.000000           1           35.8344   
       120:      3600.000000           1           35.8585   
       121:      3630.000000           1           35.9273   
       122:      3660.000000           1           36.0086   
       123:      3690.000000           1           35.9583   
       124:      3720.000000           1           35.9707   
       125:      3750.000000           1           35.9516   
       126:      3780.000000           1           35.9483   
       127:      3810.000000           1           35.9756   
       128:      3840.000000           1           36.0271   
       129:      3870.000000           1           36.0686   
       130:      3900.000000           1           36.1457   
       131:      3930.000000           1           36.1864   
       132:      3960.000000           1           36.1632   
       133:      3990.000000           1           36.1289   
       134:      4020.000000           1           36.1418   
       135:      4050.000000           1           36.1525   
       136:      4080.000000           1           36.1127   
       137:      4110.000000           1           36.1239   
       138:      4140.000000           1           36.1516   
       139:      4170.000000           1           36.1872   
       140:      4200.000000           1           36.1864   
       141:      4230.000000           1           36.1718   
       142:      4260.000000           1           36.1864   
       143:      4290.000000           1           36.1846   
       144:      4320.000000           1           36.1709   
       145:      4350.000000           1           36.2096   
       146:      4380.000000           1           36.2210   
       147:      4410.000000           1           36.1880   
       148:      4440.000000           1           36.1533   
       149:      4470.000000           1           36.1430   
       150:      4500.000000           1           36.1499   
       151:      4530.000000           1           36.1972   
       152:      4560.000000           1           36.2182   
       153:      4590.000000           1           36.2022   
       154:      4620.000000           1           36.1690   
       155:      4650.000000           1           36.1707   
       156:      4680.000000           1           36.1958   
       157:      4710.000000           1           36.1936   
       158:      4740.000000           1           36.1749   
       159:      4770.000000           1           36.1741   
       160:      4800.000000           1           36.1573   
       161:      4830.000000           1           36.1739   
       162:      4860.000000           1           36.1651   
       163:      4890.000000           1           36.1819   
       164:      4920.000000           1           36.1873   
       165:      4950.000000           1           36.1675   
       166:      4980.000000           1           36.1168   
       167:      5010.000000           1           36.1138   
       168:      5040.000000           1           36.1163   
       169:      5070.000000           1           36.1398   
       170:      5100.000000           1           36.1849   
       171:      5130.000000           1           36.2215   
       172:      5160.000000           1           36.2715   
       173:      5190.000000           1           36.2974   
       174:      5220.000000           1           36.3305   
       175:      5250.000000           1           36.3549   
       176:      5280.000000           1           36.3590   
       177:      5310.000000           1           36.3653   
       178:      5340.000000           1           36.3607   
       179:      5370.000000           1           36.3440   
       180:      5400.000000           1           36.3756   
       181:      5430.000000           1           36.4043   
       182:      5460.000000           1           36.4088   
       183:      5490.000000           1           36.4100   
       184:      5520.000000           1           36.3934   
       185:      5550.000000           1           36.3714   
       186:      5580.000000           1           36.3664   
       187:      5610.000000           1           36.3399   
       188:      5640.000000           1           36.3067   
       189:      5670.000000           1           36.2798   
       190:      5700.000000           1           36.2691   
       191:      5730.000000           1           36.2454   
       192:      5760.000000           1           36.2274   
       193:      5790.000000           1           36.2213   
       194:      5820.000000           1           36.1977   
       195:      5850.000000           1           36.1840   
       196:      5880.000000           1           36.1784   
       197:      5910.000000           1           36.1682   
       198:      5940.000000           1           36.1341   
       199:      5970.000000           1           36.1827   
       200:      6000.000000           1           36.1758   
       201:      6030.000000           1           36.1859   
       202:      6060.000000           1           36.2110   
       203:      6090.000000           1           36.2542   
       204:      6120.000000           1           36.2549   
       205:      6150.000000           1           36.2733   
       206:      6180.000000           1           36.2502   
       207:      6210.000000           1           36.2232   
       208:      6240.000000           1           36.1823   
       209:      6270.000000           1           36.1631   
       210:      6300.000000           1           36.1521   
       211:      6330.000000           1           36.1730   
       212:      6360.000000           1           36.2031   
       213:      6390.000000           1           36.2054   
       214:      6420.000000           1           36.2254   
       215:      6450.000000           1           36.2400   
       216:      6480.000000           1           36.2507   
       217:      6510.000000           1           36.2665   
       218:      6540.000000           1           36.2641   
       219:      6570.000000           1           36.2305   
       220:      6600.000000           1           36.2221   
       221:      6630.000000           1           36.2509   
       222:      6660.000000           1           36.2523   
       223:      6690.000000           1           36.2630   
       224:      6720.000000           1           36.2675   
       225:      6750.000000           1           36.2759   
       226:      6780.000000           1           36.2578   
       227:      6810.000000           1           36.2458   
       228:      6840.000000           1           36.2426   
       229:      6870.000000           1           36.2483   
       230:      6900.000000           1           36.2568   
       231:      6930.000000           1           36.2448   
       232:      6960.000000           1           36.2514   
       233:      6990.000000           1           36.2473   
       234:      7020.000000           1           36.2524   
       235:      7050.000000           1           36.2358   
       236:      7080.000000           1           36.2251   
       237:      7110.000000           1           36.2122   
       238:      7140.000000           1           36.1915   
       239:      7170.000000           1           36.1774   
       240:      7200.000000           1           36.1841   
       241:      7230.000000           1           36.2175   
       242:      7260.000000           1           36.2333   
       243:      7290.000000           1           36.2818   
       244:      7320.000000           1           36.2834   
       245:      7350.000000           1           36.2390   
       246:      7380.000000           1           36.2126   
       247:      7410.000000           1           36.1626   
       248:      7440.000000           1           36.1143   
       249:      7470.000000           1           36.1034   
       250:      7500.000000           1           36.1076   
       251:      7530.000000           1           36.1002   
       252:      7560.000000           1           36.1040   
       253:      7590.000000           1           36.1262   
       254:      7620.000000           1           36.1209   
       255:      7650.000000           1           36.0905   
       256:      7680.000000           1           36.0777   
       257:      7710.000000           1           36.0590   
       258:      7740.000000           1           36.0400   
       259:      7770.000000           1           36.0267   
       260:      7800.000000           1           36.0118   
       261:      7830.000000           1           36.0028   
       262:      7860.000000           1           36.0064   
       263:      7890.000000           1           36.0083   
       264:      7920.000000           1           36.0105   
       265:      7950.000000           1           35.9961   
       266:      7980.000000           1           36.0072   
       267:      8010.000000           1           36.0111   
       268:      8040.000000           1           36.0137   
       269:      8070.000000           1           36.0154   
       270:      8100.000000           1           35.9931   
       271:      8130.000000           1           35.9929   
       272:      8160.000000           1           36.0199   
       273:      8190.000000           1           36.0515   
       274:      8220.000000           1           36.0671   
       275:      8250.000000           1           36.0810   
       276:      8280.000000           1           36.1123   
       277:      8310.000000           1           36.1323   
       278:      8340.000000           1           36.1476   
       279:      8370.000000           1           36.1402   
       280:      8400.000000           1           36.1384   
       281:      8430.000000           1           36.1436   
       282:      8460.000000           1           36.1584   
       283:      8490.000000           1           36.1557   
       284:      8520.000000           1           36.1494   
       285:      8550.000000           1           36.1384   
       286:      8580.000000           1           36.1295   
       287:      8610.000000           1           36.1294   
       288:      8640.000000           1           36.1400   
       289:      8670.000000           1           36.1559   
       290:      8700.000000           1           36.1625   
       291:      8730.000000           1           36.1696   
       292:      8760.000000           1           36.1910   
       293:      8790.000000           1           36.2015   
       294:      8820.000000           1           36.2016   
       295:      8850.000000           1           36.2073   
       296:      8880.000000           1           36.1926   
       297:      8910.000000           1           36.1927   
       298:      8940.000000           1           36.1981   
       299:      8970.000000           1           36.1980   
       300:      9000.000000           1           36.1884   
       301:      9030.000000           1           36.1841   
       302:      9060.000000           1           36.1702   
       303:      9090.000000           1           36.1605   
       304:      9120.000000           1           36.1720   
       305:      9150.000000           1           36.1763   
       306:      9180.000000           1           36.1720   
       307:      9210.000000           1           36.1651   
       308:      9240.000000           1           36.1579   
       309:      9270.000000           1           36.1419   
       310:      9300.000000           1           36.1190   
       311:      9330.000000           1           36.1079   
       312:      9360.000000           1           36.0983   
       313:      9390.000000           1           36.0842   
       314:      9420.000000           1           36.0700   
       315:      9450.000000           1           36.0861   
       316:      9480.000000           1           36.0715   
       317:      9510.000000           1           36.0709   
       318:      9540.000000           1           36.0649   
       319:      9570.000000           1           36.0687   
       320:      9600.000000           1           36.0792   
       321:      9630.000000           1           36.0825   
       322:      9660.000000           1           36.1008   
       323:      9690.000000           1           36.1091   
       324:      9720.000000           1           36.1214   
       325:      9750.000000           1           36.1366   
       326:      9780.000000           1           36.1299   
       327:      9810.000000           1           36.1194   
       328:      9840.000000           1           36.1247   
       329:      9870.000000           1           36.1392   
       330:      9900.000000           1           36.1499   
       331:      9930.000000           1           36.1464   
       332:      9960.000000           1           36.1309   
       333:      9990.000000           1           36.1225   
       334:     10020.000000           1           36.1151   
       335:     10050.000000           1           36.1198   
       336:     10080.000000           1           36.1197   
       337:     10110.000000           1           36.1285   
       338:     10140.000000           1           36.1325   
       339:     10170.000000           1           36.1321   
       340:     10200.000000           1           36.1232   
       341:     10230.000000           1           36.1115   
       342:     10260.000000           1           36.1192   
       343:     10290.000000           1           36.1162   
       344:     10320.000000           1           36.1235   
       345:     10350.000000           1           36.1223   
       346:     10380.000000           1           36.1356   
       347:     10410.000000           1           36.1524   
       348:     10440.000000           1           36.1686   
       349:     10470.000000           1           36.1711   
       350:     10500.000000           1           36.1843   
       351:     10530.000000           1           36.1889   
       352:     10560.000000           1           36.2119   
       353:     10590.000000           1           36.2027   
       354:     10620.000000           1           36.2151   
       355:     10650.000000           1           36.2190   
       356:     10680.000000           1           36.2026   
       357:     10710.000000           1           36.1767   
       358:     10740.000000           1           36.1649   
       359:     10770.000000           1           36.1551   
       360:     10800.000000           1           36.1443   
       361:     10830.000000           1           36.1532   
       362:     10860.000000           1           36.1637   
       363:     10890.000000           1           36.1554   
       364:     10920.000000           1           36.1548   
       365:     10950.000000           1           36.1514   
       366:     10980.000000           1           36.1411   
       367:     11010.000000           1           36.1315   
       368:     11040.000000           1           36.1302   
       369:     11070.000000           1           36.1277   
       370:     11100.000000           1           36.1207   
       371:     11130.000000           1           36.1281   
       372:     11160.000000           1           36.1247   
       373:     11190.000000           1           36.1255   
       374:     11220.000000           1           36.1251   
       375:     11250.000000           1           36.1397   
       376:     11280.000000           1           36.1608   
       377:     11310.000000           1           36.1561   
       378:     11340.000000           1          -20.3918   
       379:     11370.000000           1          -20.3910   
       380:     11400.000000           1           37.3984   
       381:     11430.000000           1           37.6645   
       382:     11460.000000           1           37.6622   
       383:     11490.000000           1           37.7296   
       384:     11520.000000           1           37.7550   
       385:     11550.000000           1           37.7517   
       386:     11580.000000           1           37.7378   
       387:     11610.000000           1          -20.3130   
       388:     11640.000000           1          768.4725   
       389:     11670.000000           1          768.3472   
       390:     11700.000000           1          768.4135   
       391:     11730.000000           1          768.4244   
       392:     11760.000000           1          768.3932   
       393:     11790.000000           1          768.3825   
       394:     11820.000000           1          768.4159   
       395:     11850.000000           1          -20.1062   
       396:     11880.000000           1          -20.1173   
       397:     11910.000000           1          -20.1096   
       398:     11940.000000           1          -20.1002   
       399:     11970.000000           1          -20.0948   
       400:     12000.000000           1          -20.0732   
       401:     12030.000000           1          -20.0532   
       402:     12060.000000           1          -20.0371   
       403:     12090.000000           1          -20.0193   
       404:     12120.000000           1          -20.0194   
       405:     12150.000000           1          -19.9995   
       406:     12180.000000           1         -167.9832   
       407:     12210.000000           1         -167.9849   
       408:     12240.000000           1         -167.9737   
       409:     12270.000000           1         -167.9572   
       410:     12300.000000           1         -167.9275   
       411:     12330.000000           1         -167.9188   
       412:     12360.000000           1         -167.9153   
       413:     12390.000000           1         -167.9178   
       414:     12420.000000           1         -167.9089   
       415:     12450.000000           1         -167.8944   
       416:     12480.000000           1         -167.8652   
       417:     12510.000000           1         -167.8517   
       418:     12540.000000           1         -167.8426   
       419:     12570.000000           1         -167.8444   
       420:     12600.000000           1         -167.8449   
       421:     12630.000000           1         -167.8342   
       422:     12660.000000           1         -167.8300   
       423:     12690.000000           1         -167.8190   
       424:     12720.000000           1         -167.8107   
       425:     12750.000000           1         -167.8160   
       426:     12780.000000           1         -167.8033   
       427:     12810.000000           1         -167.7987   
       428:     12840.000000           1         -167.7911   
       429:     12870.000000           1         -167.7849   
       430:     12900.000000           1         -167.7703   
       431:     12930.000000           1         -167.7573   
       432:     12960.000000           1         -167.7560   
       433:     12990.000000           1         -167.7287   
       434:     13020.000000           1         -167.7309   
       435:     13050.000000           1         -167.7320   
       437:     13110.000000           1         -167.7156   
       438:     13140.000000           1         -167.7214   
       439:     13170.000000           1         -167.7155   
       440:     13200.000000           1         -167.6895   
       890:     26700.000000           1         -307.1646   
       891:     26730.000000           1         -307.2485   
       892:     26760.000000           1         -307.3172   
       893:     26790.000000           1         -307.2860   
       894:     26820.000000           1         -307.2903   
       895:     26850.000000           1         -307.2315   
       896:     26880.000000           1         -307.2360   
       897:     26910.000000           1         -307.1935   
       898:     26940.000000           1         -307.1735   
       899:     26970.000000           1         -307.1768   
       900:     27000.000000           1         -307.1488   
       901:     27030.000000           1         -307.1459   
       902:     27060.000000           1         -307.1280   
       903:     27090.000000           1         -307.1168   
       904:     27120.000000           1         -307.1146   
       905:     27150.000000           1         -307.0919   
       906:     27180.000000           1         -307.0816   
       907:     27210.000000           1         -307.0631   
       908:     27240.000000           1         -307.0704   
       909:     27270.000000           1         -307.0910   
       910:     27300.000000           1         -307.0994   
       911:     27330.000000           1         -307.1126   
       912:     27360.000000           1         -307.1257   
       913:     27390.000000           1         -307.1178   
       914:     27420.000000           1         -307.1020   
       915:     27450.000000           1         -307.0897   
       916:     27480.000000           1         -307.0806   
       917:     27510.000000           1         -307.0648   
       918:     27540.000000           1         -307.0478   
       919:     27570.000000           1         -307.0195   
       920:     27600.000000           1         -307.0008   
       921:     27630.000000           1         -306.9929   
       922:     27660.000000           1         -306.9845   
       923:     27690.000000           1         -306.9632   
       924:     27720.000000           1         -306.9442   
       925:     27750.000000           1         -306.9183   
       926:     27780.000000           1         -306.9152   
       927:     27810.000000           1         -306.9131   
       928:     27840.000000           1         -306.9006   
       929:     27870.000000           1         -306.8980   
       930:     27900.000000           1         -306.8880   
       932:     27960.000000           1         -306.8710   
       933:     27990.000000           1         -306.8741   
      1015:     30450.000000           1         -306.3076   
      1016:     30480.000000           1         -306.2947   
      1017:     30510.000000           1         -306.2859   
      1018:     30540.000000           1         -306.2732   
      1019:     30570.000000           1         -306.2705   
      1020:     30600.000000           1         -306.2722   
      1021:     30630.000000           1         -306.2630   
      1022:     30660.000000           1         -306.2568   
      1023:     30690.000000           1         -306.2507   
      1024:     30720.000000           1         -306.2361   
      1025:     30750.000000           1         -306.2261   
      1026:     30780.000000           1         -306.2127   
      1027:     30810.000000           1         -306.1964   
      1028:     30840.000000           1         -306.1928   
      1029:     30870.000000           1         -306.1841   
      1030:     30900.000000           1         -306.1687   
      1031:     30930.000000           1         -306.1549   
      1032:     30960.000000           1         -306.1438   
      1033:     30990.000000           1         -306.1464   
      1034:     31020.000000           1         -306.1422   
      1035:     31050.000000           1         -306.1394   
      1037:     31110.000000           1         -306.1261   
      1038:     31140.000000           1         -306.1202   
      1039:     31170.000000           1         -306.1191   
      1040:     31200.000000           1         -306.1116   
      1041:     31230.000000           1         -306.1025   
      1042:     31260.000000           1         -306.0876   
      1043:     31290.000000           1         -306.0769   
      1044:     31320.000000           1         -306.0680   
      1045:     31350.000000           1         -306.0636   
      1046:     31380.000000           1         -306.0644   
      1047:     31410.000000           1         -306.0574   
      1048:     31440.000000           1         -306.0520   
      1049:     31470.000000           1         -306.0454   
      1050:     31500.000000           1         -306.0449   
      1051:     31530.000000           1         -306.0405   
      1052:     31560.000000           1         -306.0301   
      1053:     31590.000000           1         -306.0122   
      1054:     31620.000000           1         -305.9993   
      1055:     31650.000000           1         -305.9865   
      1056:     31680.000000           1         -305.9812   
      1057:     31710.000000           1         -305.9748   
      1058:     31740.000000           1         -305.9634   
      1059:     31770.000000           1         -305.9544   
      1060:     31800.000000           1         -305.9430   
      1061:     31830.000000           1         -305.9310   
      1062:     31860.000000           1         -305.9193   
      1063:     31890.000000           1         -305.9093   
      1064:     31920.000000           1         -305.9027   
      1065:     31950.000000           1         -305.8989   
      1066:     31980.000000           1         -305.8906   
      1067:     32010.000000           1         -305.8911   
      1068:     32040.000000           1         -305.8919   
      1069:     32070.000000           1         -305.8943   
      1070:     32100.000000           1         -305.8900   
      1071:     32130.000000           1         -305.8800   
      1072:     32160.000000           1         -305.8728   
      1073:     32190.000000           1         -305.8625   
      1074:     32220.000000           1         -305.8613   
      1075:     32250.000000           1         -305.8555   
      1165:     34950.000000           1         -305.2777   
      1166:     34980.000000           1         -305.2678   
      1167:     35010.000000           1         -305.2634   
      1168:     35040.000000           1         -305.2589   
      1169:     35070.000000           1         -305.2557   
      1171:     35130.000000           1         -305.2441   
      1173:     35190.000000           1         -305.2320   
      1174:     35220.000000           1         -305.2236   
      1201:     36030.000000           1         -304.9998   
      1374:     41220.000000           1         -304.3921   
      1376:     41280.000000           1         -304.3931   
      1378:     41340.000000           1         -304.3889   
      1380:     41400.000000           1         -304.3941   
      1381:     41430.000000           1         -304.3917   
      1383:     41490.000000           1         -304.3838   
      1384:     41520.000000           1         -304.3834   
      1387:     41610.000000           1         -304.3843   
      1388:     41640.000000           1         -304.3840   
      1439:     43170.000000           1         -304.3804   
      1440:     43200.000000           1         -304.3755   
      1441:     43230.000000           1         -304.3701   
      1472:     44160.000000           1         -304.2708   
      1473:     44190.000000           1         -304.3245   
      1474:     44220.000000           1         -304.3679   
      1475:     44250.000000           1         -304.3657   
      1476:     44280.000000           1         -304.4019   
      1477:     44310.000000           1         -304.3838   
      1478:     44340.000000           1         -304.3826   
      1479:     44370.000000           1         -304.3984   
      1480:     44400.000000           1         -304.4326   
      1481:     44430.000000           1         -304.4620   
      1482:     44460.000000           1         -304.4984   
      1483:     44490.000000           1         -304.5154   
      1484:     44520.000000           1         -304.5240   
      1485:     44550.000000           1         -304.5337   
      1487:     44610.000000           1         -304.5405   
      1488:     44640.000000           1         -304.5468   
      1489:     44670.000000           1         -304.5537   
      1490:     44700.000000           1         -304.5711   
      2819:     84570.000000           1           15.0155   
      2820:     84600.000000           1           15.0123   
      2822:     84660.000000           1           15.0055   
      2823:     84690.000000           1           15.0044   
      2824:     84720.000000           1           15.0026   
      2826:     84780.000000           1           15.0015   
      2827:     84810.000000           1           15.0006   
      2828:     84840.000000           1           15.0010   
      2830:     84900.000000           1           14.9979   
      2831:     84930.000000           1           14.9969   
      2832:     84960.000000           1           14.9946   
      2833:     84990.000000           1           14.9918   
      2834:     85020.000000           1           14.9858   
      2835:     85050.000000           1           14.9801   
      2836:     85080.000000           1           14.9772   
      2837:     85110.000000           1           14.9764   
      2838:     85140.000000           1           14.9738   
      2839:     85170.000000           1           14.9720   
      2840:     85200.000000           1           14.9711   
      2841:     85230.000000           1           14.9689   
      2842:     85260.000000           1           14.9667   
      2843:     85290.000000           1           14.9667   
      2844:     85320.000000           1           14.9682   
      2845:     85350.000000           1           14.9674   
      2846:     85380.000000           1           14.9639   
      2847:     85410.000000           1           14.9620   
      2848:     85440.000000           1           14.9593   
      2849:     85470.000000           1          184.3247   
      2850:     85500.000000           1          184.2706   
      2851:     85530.000000           1          184.1568   
      2852:     85560.000000           1          184.1467   
      2853:     85590.000000           1          184.1090   
      2854:     85620.000000           1          184.0843   
      2855:     85650.000000           1          184.0644   
      2856:     85680.000000           1          184.0078   
      2857:     85710.000000           1          183.9727   
      2858:     85740.000000           1          183.9444   
      2859:     85770.000000           1          183.9204   
      2860:     85800.000000           1          183.8983   
      2861:     85830.000000           1          183.8725   
      2862:     85860.000000           1          183.8610   
      2863:     85890.000000           1          183.8593   
      2864:     85920.000000           1          183.8554   
      2865:     85950.000000           1          183.9247   
      2866:     85980.000000           1          184.0065   
      2867:     86010.000000           1          184.0848   
      2868:     86040.000000           1           14.9249   
      2869:     86070.000000           1          184.8134   
      2870:     86100.000000           1          184.7956   
      2871:     86130.000000           1          184.9026   
      2872:     86160.000000           1          184.9188   
      2873:     86190.000000           1          184.8769   
      2874:     86220.000000           1          184.8532   
      2875:     86250.000000           1          184.8507   
      2876:     86280.000000           1          184.8731   
      2877:     86310.000000           1          184.9008   
      2878:     86340.000000           1          184.8791   
      2879:     86370.000000           1          184.8600   
