         3:        90.000000           1           72.3052   
         4:       120.000000           1           73.2132   
         5:       150.000000           1           71.7918   
         6:       180.000000           1           71.1943   
         7:       210.000000           1           70.3019   
         8:       240.000000           1           70.2469   
         9:       270.000000           1           69.5161   
        10:       300.000000           1           69.2502   
        11:       330.000000           1           68.5820   
        12:       360.000000           1           68.2849   
        13:       390.000000           1           67.5829   
        14:       420.000000           1           67.5209   
        15:       450.000000           1           67.6624   
        16:       480.000000           1           67.4109   
        17:       510.000000           1           67.2644   
        18:       540.000000           1           67.1673   
        19:       570.000000           1           67.2297   
        20:       600.000000           1           67.4611   
        21:       630.000000           1           67.8307   
        22:       660.000000           1           67.9469   
        23:       690.000000           1           67.9669   
        24:       720.000000           1           67.6025   
        25:       750.000000           1           67.5250   
        26:       780.000000           1           67.4292   
        27:       810.000000           1           67.1485   
        28:       840.000000           1           67.0623   
        30:       900.000000           1           67.1643   
        31:       930.000000           1           67.1984   
        32:       960.000000           1           67.2665   
        33:       990.000000           1           67.1961   
        34:      1020.000000           1           67.2706   
        35:      1050.000000           1           67.3155   
        36:      1080.000000           1           67.2313   
        38:      1140.000000           1           67.0870   
        39:      1170.000000           1           67.3309   
        40:      1200.000000           1           67.5888   
        67:      2010.000000           1           68.1151   
        68:      2040.000000           1           68.0851   
        69:      2070.000000           1           67.9632   
        70:      2100.000000           1           67.9406   
        71:      2130.000000           1           67.8745   
        72:      2160.000000           1           67.7534   
        73:      2190.000000           1           67.6932   
        74:      2220.000000           1           67.5676   
        75:      2250.000000           1           67.5910   
        76:      2280.000000           1           67.5973   
        77:      2310.000000           1           67.6550   
        78:      2340.000000           1           67.5959   
        79:      2370.000000           1           67.5818   
       107:      3210.000000           1           67.9784   
       108:      3240.000000           1           67.9733   
       109:      3270.000000           1           67.9541   
       110:      3300.000000           1           67.9505   
       111:      3330.000000           1           67.9131   
       112:      3360.000000           1           67.8521   
       113:      3390.000000           1           67.8033   
       114:      3420.000000           1           67.7982   
       115:      3450.000000           1           67.8262   
       116:      3480.000000           1           67.8183   
       117:      3510.000000           1           67.7495   
       118:      3540.000000           1           67.7343   
       119:      3570.000000           1           67.7610   
       120:      3600.000000           1           67.7815   
       121:      3630.000000           1           67.8370   
       122:      3660.000000           1           67.9158   
       123:      3690.000000           1           67.8660   
       124:      3720.000000           1           67.8850   
       126:      3780.000000           1           67.9991   
       127:      3810.000000           1           68.0935   
       128:      3840.000000           1           68.0923   
       129:      3870.000000           1           68.1696   
       130:      3900.000000           1           68.2668   
       131:      3930.000000           1           68.3531   
       132:      3960.000000           1           68.3390   
       133:      3990.000000           1           68.3194   
       134:      4020.000000           1           68.3395   
       135:      4050.000000           1           68.3547   
       136:      4080.000000           1           68.3001   
       137:      4110.000000           1           68.3016   
       138:      4140.000000           1           68.3060   
       139:      4170.000000           1           68.3358   
       140:      4200.000000           1           68.3331   
       141:      4230.000000           1           68.3136   
       142:      4260.000000           1           68.3310   
       143:      4290.000000           1           68.3318   
       144:      4320.000000           1           68.3263   
       145:      4350.000000           1           68.3623   
       146:      4380.000000           1           68.3709   
       147:      4410.000000           1           68.3362   
       148:      4440.000000           1           68.3019   
       150:      4500.000000           1           68.6759   
       152:      4560.000000           1           68.4330   
       153:      4590.000000           1           68.4338   
       154:      4620.000000           1           68.3913   
       155:      4650.000000           1           68.4451   
       717:     21510.000000           1          -87.7252   
       718:     21540.000000           1          -87.4883   
       719:     21570.000000           1          -87.5652   
       720:     21600.000000           1          -87.5262   
       721:     21630.000000           1          -87.4819   
       722:     21660.000000           1          -87.4993   
       723:     21690.000000           1          -87.5142   
       724:     21720.000000           1          -87.5368   
       725:     21750.000000           1          -87.5409   
       726:     21780.000000           1          -87.5154   
       729:     21870.000000           1          -87.4802   
       761:     22830.000000           1          -87.1506   
       762:     22860.000000           1          -87.1622   
       764:     22920.000000           1          -87.1344   
       765:     22950.000000           1          -87.1103   
       766:     22980.000000           1          -87.0971   
       767:     23010.000000           1          -87.0814   
       768:     23040.000000           1          -87.0641   
       769:     23070.000000           1          -87.0540   
       770:     23100.000000           1          -87.0443   
       771:     23130.000000           1          -87.0354   
       772:     23160.000000           1          -87.0201   
       774:     23220.000000           1          -86.9856   
       775:     23250.000000           1          -86.9642   
       776:     23280.000000           1          -86.9349   
       777:     23310.000000           1          -86.9032   
       778:     23340.000000           1          -86.8942   
       779:     23370.000000           1          -86.8775   
       780:     23400.000000           1          -86.8636   
       781:     23430.000000           1          -86.8514   
       782:     23460.000000           1          -86.8330   
       783:     23490.000000           1          -86.8128   
       784:     23520.000000           1          -86.7956   
       785:     23550.000000           1          -86.7695   
       786:     23580.000000           1          -86.7456   
       787:     23610.000000           1          -86.7214   
       864:     25920.000000           1          -85.9209   
       865:     25950.000000           1          -85.9204   
       866:     25980.000000           1          -85.9089   
       867:     26010.000000           1          -85.8971   
       868:     26040.000000           1          -85.9022   
       869:     26070.000000           1          -85.8940   
       870:     26100.000000           1          -85.8914   
       871:     26130.000000           1          -85.8861   
       872:     26160.000000           1          -85.8838   
       873:     26190.000000           1          -85.8770   
       874:     26220.000000           1          -85.8735   
       875:     26250.000000           1          -85.8727   
       876:     26280.000000           1          -85.8695   
       877:     26310.000000           1          -85.8639   
       878:     26340.000000           1          -85.8599   
       879:     26370.000000           1          -85.8494   
       880:     26400.000000           1          -85.8410   
       881:     26430.000000           1          -85.8257   
       882:     26460.000000           1          -85.8088   
       883:     26490.000000           1          -85.7978   
       884:     26520.000000           1          -85.7857   
       885:     26550.000000           1          -85.7790   
       886:     26580.000000           1          -85.7764   
       888:     26640.000000           1          -85.6804   
       889:     26670.000000           1          -85.5956   
       890:     26700.000000           1          -85.5795   
       891:     26730.000000           1          -85.4926   
       892:     26760.000000           1          -85.4772   
       893:     26790.000000           1          -85.4571   
       894:     26820.000000           1          -85.4502   
       895:     26850.000000           1          -85.4738   
       896:     26880.000000           1          -85.5026   
       897:     26910.000000           1          -85.5053   
       898:     26940.000000           1          -85.5054   
       899:     26970.000000           1          -85.5043   
       900:     27000.000000           1          -85.4912   
       901:     27030.000000           1          -85.4965   
       902:     27060.000000           1          -85.4990   
       903:     27090.000000           1          -85.4937   
       904:     27120.000000           1          -85.4893   
       905:     27150.000000           1          -85.4723   
       906:     27180.000000           1          -85.4547   
       907:     27210.000000           1          -85.4376   
       908:     27240.000000           1          -85.4319   
       909:     27270.000000           1          -85.4306   
       910:     27300.000000           1          -85.4321   
       911:     27330.000000           1          -85.4381   
       912:     27360.000000           1          -85.4475   
       913:     27390.000000           1          -85.4415   
       914:     27420.000000           1          -85.4388   
       915:     27450.000000           1          -85.4292   
       916:     27480.000000           1          -85.4166   
       917:     27510.000000           1          -85.4129   
       918:     27540.000000           1          -85.4010   
       919:     27570.000000           1          -85.3833   
       920:     27600.000000           1          -85.3729   
       921:     27630.000000           1          -85.3687   
       922:     27660.000000           1          -85.3667   
       923:     27690.000000           1          -85.3521   
       924:     27720.000000           1          -85.3372   
       925:     27750.000000           1          -85.3183   
       926:     27780.000000           1          -85.3074   
       927:     27810.000000           1          -85.3000   
       928:     27840.000000           1          -85.2876   
       929:     27870.000000           1          -85.2802   
       930:     27900.000000           1          -85.2694   
       931:     27930.000000           1         -306.8765   
       932:     27960.000000           1          -85.1126   
       933:     27990.000000           1          -85.3763   
       934:     28020.000000           1         -306.8665   
       935:     28050.000000           1         -306.8563   
       936:     28080.000000           1         -306.8476   
       937:     28110.000000           1         -306.8354   
       938:     28140.000000           1         -306.8172   
       939:     28170.000000           1         -306.7960   
       941:     28230.000000           1         -306.7741   
       943:     28290.000000           1         -306.7512   
       969:     29070.000000           1         -306.5655   
       970:     29100.000000           1         -306.5584   
      1012:     30360.000000           1         -306.3304   
      1013:     30390.000000           1         -306.3250   
      1014:     30420.000000           1         -306.3117   
      2315:     69450.000000           1         -370.5234   
      2316:     69480.000000           1         -370.5253   
      2317:     69510.000000           1         -370.5246   
      2318:     69540.000000           1         -370.5251   
      2319:     69570.000000           1         -370.5278   
      2320:     69600.000000           1         -370.5291   
      2321:     69630.000000           1         -370.5290   
      2322:     69660.000000           1            5.6717   
      2323:     69690.000000           1            5.6693   
      2324:     69720.000000           1            5.6710   
      2325:     69750.000000           1            5.6707   
      2326:     69780.000000           1            5.6707   
      2327:     69810.000000           1            5.6693   
      2328:     69840.000000           1            5.6691   
      2329:     69870.000000           1            5.6649   
      2330:     69900.000000           1            5.6625   
      2331:     69930.000000           1            5.6623   
      2332:     69960.000000           1            5.6591   
      2333:     69990.000000           1            5.6615   
      2334:     70020.000000           1            5.6626   
      2335:     70050.000000           1            5.6635   
      2336:     70080.000000           1            5.6647   
      2337:     70110.000000           1            5.6665   
      2339:     70170.000000           1           13.6652   
      2340:     70200.000000           1           13.6243   
      2341:     70230.000000           1           13.6999   
      2342:     70260.000000           1           13.6770   
      2343:     70290.000000           1           13.7227   
      2344:     70320.000000           1           13.7141   
      2345:     70350.000000           1           13.7045   
      2346:     70380.000000           1           13.6882   
      2347:     70410.000000           1           13.6617   
      2348:     70440.000000           1           13.6673   
      2349:     70470.000000           1           13.6567   
      2350:     70500.000000           1           13.6656   
      2351:     70530.000000           1           13.6468   
      2352:     70560.000000           1            5.6483   
      2353:     70590.000000           1            5.6479   
      2354:     70620.000000           1            5.6488   
      2355:     70650.000000           1            5.6502   
      2356:     70680.000000           1            5.6530   
      2357:     70710.000000           1            5.6541   
      2358:     70740.000000           1            5.6552   
      2359:     70770.000000           1            5.6555   
      2360:     70800.000000           1            5.6537   
      2361:     70830.000000           1            5.6527   
      2362:     70860.000000           1            5.6477   
      2363:     70890.000000           1            5.6468   
      2364:     70920.000000           1            5.6450   
      2365:     70950.000000           1            5.6448   
      2366:     70980.000000           1            5.6440   
      2367:     71010.000000           1            5.6460   
      2368:     71040.000000           1            5.6431   
      2369:     71070.000000           1            5.6421   
      2370:     71100.000000           1            5.6406   
      2371:     71130.000000           1            5.6406   
      2372:     71160.000000           1            5.6425   
      2373:     71190.000000           1            5.6447   
      2374:     71220.000000           1            5.6464   
      2375:     71250.000000           1            5.6494   
      2376:     71280.000000           1            5.6518   
      2377:     71310.000000           1            5.6517   
      2378:     71340.000000           1            5.6537   
      2379:     71370.000000           1            5.6556   
      2380:     71400.000000           1            5.6535   
      2381:     71430.000000           1            5.6520   
      2382:     71460.000000           1            5.6491   
      2383:     71490.000000           1            5.6477   
      2384:     71520.000000           1            5.6476   
      2385:     71550.000000           1            5.6467   
      2386:     71580.000000           1            5.6444   
      2387:     71610.000000           1            5.6459   
      2388:     71640.000000           1            5.6449   
      2389:     71670.000000           1            5.6477   
      2390:     71700.000000           1            5.6480   
      2391:     71730.000000           1            5.6474   
      2392:     71760.000000           1            5.6493   
      2393:     71790.000000           1            5.6524   
      2394:     71820.000000           1            5.6556   
      2395:     71850.000000           1            5.6587   
      2396:     71880.000000           1            5.6625   
      2397:     71910.000000           1            5.6629   
      2398:     71940.000000           1            5.6623   
      2399:     71970.000000           1            5.6629   
      2400:     72000.000000           1            5.6614   
      2401:     72030.000000           1         -370.5360   
      2402:     72060.000000           1         -370.5371   
      2403:     72090.000000           1         -370.5384   
      2404:     72120.000000           1         -370.5393   
      2405:     72150.000000           1         -370.5412   
      2406:     72180.000000           1         -370.5408   
      2407:     72210.000000           1         -370.5419   
      2408:     72240.000000           1         -370.5436   
      2409:     72270.000000           1         -370.5436   
      2410:     72300.000000           1         -370.5445   
      2411:     72330.000000           1         -370.5417   
      2413:     72390.000000           1         -370.5410   
      2422:     72660.000000           1         -370.5535   
      2423:     72690.000000           1         -370.5530   
      2424:     72720.000000           1         -370.5547   
      2425:     72750.000000           1         -370.5557   
      2426:     72780.000000           1         -370.5573   
      2427:     72810.000000           1         -370.5558   
      2428:     72840.000000           1         -370.5581   
      2429:     72870.000000           1         -370.5601   
      2430:     72900.000000           1         -370.5604   
      2431:     72930.000000           1         -370.5618   
      2432:     72960.000000           1            5.6320   
      2433:     72990.000000           1         -370.5605   
      2434:     73020.000000           1            4.7070   
      2435:     73050.000000           1            4.3857   
      2436:     73080.000000           1            4.4414   
      2437:     73110.000000           1            4.4378   
      2438:     73140.000000           1            4.4574   
      2439:     73170.000000           1            4.4593   
      2440:     73200.000000           1            4.4611   
      2441:     73230.000000           1            4.4637   
      2442:     73260.000000           1            4.4643   
      2443:     73290.000000           1            4.4691   
      2444:     73320.000000           1            4.4666   
      2445:     73350.000000           1            4.4549   
      2446:     73380.000000           1            4.4632   
      2447:     73410.000000           1            4.4577   
      2448:     73440.000000           1            4.4481   
      2449:     73470.000000           1            4.4493   
      2450:     73500.000000           1            4.4499   
      2451:     73530.000000           1           13.0874   
      2452:     73560.000000           1           13.0879   
      2453:     73590.000000           1           13.0863   
      2454:     73620.000000           1           13.0858   
      2455:     73650.000000           1           13.0880   
      2456:     73680.000000           1           13.0880   
      2457:     73710.000000           1           13.0901   
      2458:     73740.000000           1           13.0911   
      2459:     73770.000000           1           13.0892   
      2460:     73800.000000           1           13.0906   
      2461:     73830.000000           1           13.0886   
      2462:     73860.000000           1            4.4764   
      2463:     73890.000000           1           13.0822   
      2464:     73920.000000           1           13.0777   
      2465:     73950.000000           1           13.0713   
      2466:     73980.000000           1           13.0664   
      2467:     74010.000000           1           13.0631   
      2468:     74040.000000           1           13.0626   
      2469:     74070.000000           1           13.0619   
      2470:     74100.000000           1           13.0592   
      2471:     74130.000000           1           13.0546   
      2472:     74160.000000           1           13.0504   
      2473:     74190.000000           1           13.0459   
      2474:     74220.000000           1           13.0428   
      2475:     74250.000000           1           13.0424   
      2476:     74280.000000           1           13.0384   
      2477:     74310.000000           1           13.0371   
      2478:     74340.000000           1           13.0322   
      2479:     74370.000000           1           13.0299   
      2480:     74400.000000           1           13.0228   
      2481:     74430.000000           1           13.0169   
      2482:     74460.000000           1           13.0149   
      2483:     74490.000000           1           13.0154   
      2484:     74520.000000           1           13.0158   
      2485:     74550.000000           1           13.0180   
      2486:     74580.000000           1           13.0166   
      2487:     74610.000000           1           13.0164   
      2488:     74640.000000           1           13.0113   
      2489:     74670.000000           1           13.0117   
      2490:     74700.000000           1           13.0108   
      2491:     74730.000000           1           13.0111   
      2492:     74760.000000           1           13.0103   
      2493:     74790.000000           1           13.0088   
      2494:     74820.000000           1           13.0077   
      2495:     74850.000000           1           13.0063   
      2496:     74880.000000           1           13.0035   
      2497:     74910.000000           1           12.9977   
      2498:     74940.000000           1           12.9914   
      2499:     74970.000000           1           12.9882   
      2500:     75000.000000           1           12.9842   
      2501:     75030.000000           1           12.9773   
      2502:     75060.000000           1           12.9727   
      2503:     75090.000000           1           12.9670   
      2504:     75120.000000           1           12.9614   
      2505:     75150.000000           1           12.9587   
      2506:     75180.000000           1           12.9553   
      2507:     75210.000000           1           12.9547   
      2508:     75240.000000           1           12.9571   
      2509:     75270.000000           1           12.9541   
      2510:     75300.000000           1           12.9482   
      2511:     75330.000000           1         -370.6903   
      2512:     75360.000000           1         -370.6912   
      2551:     76530.000000           1         -370.7671   
      2552:     76560.000000           1         -370.7666   
      2553:     76590.000000           1         -370.7677   
      2554:     76620.000000           1         -370.7699   
      2555:     76650.000000           1         -370.7718   
      2556:     76680.000000           1         -370.7738   
      2557:     76710.000000           1         -370.7734   
      2558:     76740.000000           1         -370.7747   
      2559:     76770.000000           1          -30.3581   
      2560:     76800.000000           1          -30.5320   
      2561:     76830.000000           1          -30.6038   
      2562:     76860.000000           1          -30.5837   
      2563:     76890.000000           1          -30.5506   
      2564:     76920.000000           1          -30.5629   
      2565:     76950.000000           1          -30.5507   
      2566:     76980.000000           1           12.8671   
      2567:     77010.000000           1         -370.7950   
      2568:     77040.000000           1           12.8617   
      2569:     77070.000000           1           12.8590   
      2570:     77100.000000           1           12.8562   
      2571:     77130.000000           1           12.8521   
      2572:     77160.000000           1           12.8495   
      2573:     77190.000000           1           12.8442   
      2574:     77220.000000           1           12.8421   
      2575:     77250.000000           1           12.8402   
      2576:     77280.000000           1           12.8379   
      2577:     77310.000000           1           12.8347   
      2578:     77340.000000           1           12.8292   
      2579:     77370.000000           1           12.8237   
      2580:     77400.000000           1           12.8201   
      2581:     77430.000000           1           12.8180   
      2582:     77460.000000           1           12.8141   
      2583:     77490.000000           1           12.8118   
      2584:     77520.000000           1           12.8093   
      2585:     77550.000000           1           12.8087   
      2586:     77580.000000           1           12.8068   
      2587:     77610.000000           1           12.8059   
      2588:     77640.000000           1           12.8050   
      2589:     77670.000000           1           12.8015   
      2590:     77700.000000           1           12.8014   
      2591:     77730.000000           1           12.8003   
      2592:     77760.000000           1           12.7970   
      2593:     77790.000000           1           12.7933   
      2594:     77820.000000           1           12.7917   
      2595:     77850.000000           1           12.7906   
      2596:     77880.000000           1           12.7914   
      2597:     77910.000000           1           12.7888   
      2598:     77940.000000           1           12.7862   
      2599:     77970.000000           1           12.7830   
      2600:     78000.000000           1           12.7806   
      2601:     78030.000000           1           12.7766   
      2602:     78060.000000           1           12.7745   
      2603:     78090.000000           1           12.7711   
      2604:     78120.000000           1           12.7686   
      2605:     78150.000000           1           12.7628   
      2606:     78180.000000           1           12.7579   
      2607:     78210.000000           1           12.7528   
      2608:     78240.000000           1           12.7504   
      2609:     78270.000000           1          -30.6945   
      2610:     78300.000000           1          -30.6967   
      2611:     78330.000000           1          -30.7002   
      2612:     78360.000000           1          -30.7033   
      2613:     78390.000000           1          -30.7030   
      2614:     78420.000000           1          -30.7034   
      2615:     78450.000000           1          -30.7022   
      2616:     78480.000000           1          -30.7094   
      2617:     78510.000000           1          -30.7131   
      2618:     78540.000000           1          -30.7111   
      2619:     78570.000000           1          -30.7052   
      2620:     78600.000000           1          -30.7057   
      2621:     78630.000000           1          -30.7062   
      2622:     78660.000000           1          -30.7069   
      2623:     78690.000000           1          -30.7111   
      2624:     78720.000000           1          -30.7164   
      2625:     78750.000000           1          -30.7215   
      2626:     78780.000000           1          -30.7233   
      2627:     78810.000000           1          -30.7278   
      2628:     78840.000000           1          -30.7345   
      2629:     78870.000000           1          -30.7408   
      2630:     78900.000000           1          -30.7483   
      2631:     78930.000000           1          -30.7523   
      2632:     78960.000000           1          -30.7580   
      2633:     78990.000000           1          -30.7595   
      2634:     79020.000000           1          -30.7632   
      2635:     79050.000000           1          -30.7651   
      2636:     79080.000000           1          -30.7672   
      2637:     79110.000000           1          -30.7713   
      2638:     79140.000000           1          -30.7732   
      2639:     79170.000000           1          -30.7800   
      2640:     79200.000000           1          -30.7865   
      2641:     79230.000000           1          -30.7886   
      2642:     79260.000000           1          -30.7951   
      2643:     79290.000000           1          -30.7989   
      2644:     79320.000000           1          -30.8025   
      2645:     79350.000000           1          -30.8028   
      2646:     79380.000000           1          -30.8048   
      2647:     79410.000000           1          -30.8039   
      2648:     79440.000000           1          -30.8032   
      2649:     79470.000000           1          -30.8044   
      2650:     79500.000000           1          -30.8033   
      2651:     79530.000000           1          -30.8041   
      2652:     79560.000000           1          -30.8046   
      2653:     79590.000000           1          -30.8069   
      2654:     79620.000000           1           12.6129   
      2655:     79650.000000           1           12.6086   
      2656:     79680.000000           1           12.6048   
      2657:     79710.000000           1           12.5986   
      2658:     79740.000000           1           12.5978   
      2659:     79770.000000           1          -30.8310   
      2660:     79800.000000           1          -30.8312   
      2661:     79830.000000           1         -371.0653   
      2662:     79860.000000           1          -30.8390   
      2663:     79890.000000           1          -30.8463   
      2664:     79920.000000           1          -30.8500   
      2665:     79950.000000           1          -30.8534   
      2666:     79980.000000           1          -30.8560   
      2667:     80010.000000           1          -30.8613   
      2668:     80040.000000           1          -30.8636   
      2669:     80070.000000           1          -30.8693   
      2670:     80100.000000           1          -30.8732   
      2671:     80130.000000           1          -30.8745   
      2672:     80160.000000           1          -30.8753   
      2673:     80190.000000           1          -30.8785   
      2674:     80220.000000           1          -30.8794   
      2675:     80250.000000           1          -30.8831   
      2676:     80280.000000           1          -30.8845   
      2677:     80310.000000           1          -30.8872   
      2678:     80340.000000           1          -30.8877   
      2679:     80370.000000           1          -30.8906   
      2680:     80400.000000           1          -30.8931   
      2681:     80430.000000           1          -30.8963   
      2682:     80460.000000           1          -30.9029   
      2683:     80490.000000           1          -30.9042   
      2684:     80520.000000           1          -30.9067   
      2685:     80550.000000           1          -30.9109   
      2686:     80580.000000           1          -30.9131   
      2687:     80610.000000           1          -30.9184   
      2688:     80640.000000           1          -30.9206   
      2689:     80670.000000           1          -30.9220   
      2690:     80700.000000           1          -30.9257   
      2691:     80730.000000           1          -30.9271   
      2692:     80760.000000           1          -30.9311   
      2693:     80790.000000           1         -372.5791   
      2694:     80820.000000           1          -30.9357   
      2696:     80880.000000           1          -30.9410   
      2697:     80910.000000           1          -30.9414   
      2698:     80940.000000           1           12.4725   
      2699:     80970.000000           1           12.4678   
      2700:     81000.000000           1           12.4673   
      2701:     81030.000000           1           12.4649   
      2702:     81060.000000           1           12.4612   
      2703:     81090.000000           1           12.4579   
      2704:     81120.000000           1           12.4536   
      2705:     81150.000000           1           12.4514   
      2706:     81180.000000           1           12.4502   
      2707:     81210.000000           1           12.4491   
      2708:     81240.000000           1           12.4443   
      2709:     81270.000000           1           12.4419   
      2710:     81300.000000           1           12.4417   
      2711:     81330.000000           1           12.4365   
      2712:     81360.000000           1           12.4339   
      2713:     81390.000000           1           12.4304   
      2714:     81420.000000           1           12.4270   
      2715:     81450.000000           1           12.4219   
      2716:     81480.000000           1           12.4188   
      2717:     81510.000000           1          -30.9772   
      2718:     81540.000000           1           12.4142   
      2719:     81570.000000           1           12.4118   
      2720:     81600.000000           1           12.4078   
      2721:     81630.000000           1           12.4044   
      2722:     81660.000000           1           12.4014   
      2723:     81690.000000           1           12.3977   
      2724:     81720.000000           1           12.3921   
      2725:     81750.000000           1           12.3866   
      2726:     81780.000000           1           12.3845   
      2727:     81810.000000           1           12.3811   
      2728:     81840.000000           1           12.3775   
      2729:     81870.000000           1           12.3738   
      2730:     81900.000000           1           12.3723   
      2731:     81930.000000           1           12.3684   
      2732:     81960.000000           1           12.3661   
      2733:     81990.000000           1           12.3629   
      2734:     82020.000000           1          -31.0156   
      2735:     82050.000000           1          -31.0197   
      2736:     82080.000000           1          -31.0225   
      2737:     82110.000000           1          -31.0232   
      2738:     82140.000000           1          -31.0237   
      2739:     82170.000000           1          -31.0268   
      2740:     82200.000000           1          -31.0286   
      2741:     82230.000000           1          -31.0308   
      2742:     82260.000000           1            9.8097   
      2743:     82290.000000           1            9.7864   
      2744:     82320.000000           1            9.7669   
      2745:     82350.000000           1            9.7613   
      2746:     82380.000000           1            9.7832   
      2747:     82410.000000           1            9.7669   
      2748:     82440.000000           1            9.7704   
      2749:     82470.000000           1            9.7530   
      2750:     82500.000000           1            9.7640   
      2751:     82530.000000           1            9.7751   
      2753:     82590.000000           1            9.8361   
      2754:     82620.000000           1            9.9510   
      2755:     82650.000000           1            9.8961   
      2756:     82680.000000           1            9.9172   
      2757:     82710.000000           1            9.9106   
      2758:     82740.000000           1            9.8989   
      2759:     82770.000000           1            9.8916   
      2760:     82800.000000           1            9.8914   
      2761:     82830.000000           1            9.8829   
      2762:     82860.000000           1            9.8705   
      2763:     82890.000000           1            9.8731   
      2764:     82920.000000           1            9.8777   
      2765:     82950.000000           1            9.8812   
      2766:     82980.000000           1            9.8941   
      2774:     83220.000000           1            9.9005   
      2775:     83250.000000           1            9.9002   
      2776:     83280.000000           1            9.8990   
      2777:     83310.000000           1            9.8927   
      2778:     83340.000000           1            9.8867   
      2779:     83370.000000           1            9.8816   
      2780:     83400.000000           1            9.8678   
      2781:     83430.000000           1            9.8633   
      2782:     83460.000000           1            9.8544   
      2783:     83490.000000           1            9.8377   
      2784:     83520.000000           1            9.8242   
      2785:     83550.000000           1            9.8188   
      2786:     83580.000000           1            9.8089   
      2787:     83610.000000           1            9.7961   
      2788:     83640.000000           1            9.7811   
      2789:     83670.000000           1            9.7769   
      2790:     83700.000000           1            9.7655   
      2791:     83730.000000           1            9.7575   
      2792:     83760.000000           1            9.7499   
      2793:     83790.000000           1            9.7442   
      2794:     83820.000000           1            9.7425   
      2795:     83850.000000           1            9.7338   
      2796:     83880.000000           1          -31.1800   
      2797:     83910.000000           1            9.7146   
      2798:     83940.000000           1            9.7092   
      2799:     83970.000000           1          -31.1882   
      2800:     84000.000000           1          -31.1911   
      2801:     84030.000000           1          -31.1906   
      2802:     84060.000000           1          -31.1896   
      2803:     84090.000000           1           12.1516   
      2804:     84120.000000           1           12.1468   
      2805:     84150.000000           1           12.1445   
      2806:     84180.000000           1           12.1434   
      2807:     84210.000000           1           12.1417   
      2808:     84240.000000           1           12.1398   
      2809:     84270.000000           1           12.1371   
      2810:     84300.000000           1           12.1346   
      2811:     84330.000000           1           12.1344   
      2812:     84360.000000           1           12.1323   
      2813:     84390.000000           1           12.1302   
      2814:     84420.000000           1           12.1280   
      2815:     84450.000000           1           12.1236   
      2816:     84480.000000           1           12.1225   
      2817:     84510.000000           1           12.1194   
      2818:     84540.000000           1           12.1144   
      2819:     84570.000000           1          -31.2260   
      2820:     84600.000000           1          -31.2294   
      2821:     84630.000000           1           12.1036   
      2822:     84660.000000           1          -31.2371   
      2823:     84690.000000           1          -31.2387   
      2824:     84720.000000           1          -31.2410   
      2825:     84750.000000           1           12.0945   
      2826:     84780.000000           1          -31.2431   
      2827:     84810.000000           1          -31.2447   
      2828:     84840.000000           1          -31.2445   
      2829:     84870.000000           1           12.0946   
      2830:     84900.000000           1          -31.2472   
      2831:     84930.000000           1          -31.2481   
      2832:     84960.000000           1          -31.2507   
      2833:     84990.000000           1          -31.2533   
      2834:     85020.000000           1          -31.2590   
      2835:     85050.000000           1          -31.2645   
      2836:     85080.000000           1          -31.2670   
      2837:     85110.000000           1          -31.2674   
      2838:     85140.000000           1          -31.2704   
      2839:     85170.000000           1          -31.2725   
      2840:     85200.000000           1          -31.2724   
      2841:     85230.000000           1          -31.2735   
      2842:     85260.000000           1          -31.2747   
      2843:     85290.000000           1          -31.2740   
      2844:     85320.000000           1          -31.2721   
      2845:     85350.000000           1          -31.2725   
      2846:     85380.000000           1          -31.2754   
      2847:     85410.000000           1          -31.2770   
      2848:     85440.000000           1          -31.2799   
      2849:     85470.000000           1          -31.2817   
      2850:     85500.000000           1          -31.2830   
      2851:     85530.000000           1          -31.2845   
      2852:     85560.000000           1          -31.2849   
      2853:     85590.000000           1          -31.2847   
      2854:     85620.000000           1          -31.2869   
      2855:     85650.000000           1          -31.2895   
      2856:     85680.000000           1          -31.2936   
      2857:     85710.000000           1          -31.2954   
      2858:     85740.000000           1          -31.2973   
      2859:     85770.000000           1          -31.3003   
      2860:     85800.000000           1          -31.3036   
      2861:     85830.000000           1          -31.3057   
      2862:     85860.000000           1          -31.3083   
      2863:     85890.000000           1          -31.3102   
      2864:     85920.000000           1          -31.3124   
      2865:     85950.000000           1          -31.3170   
      2866:     85980.000000           1          -31.3209   
      2867:     86010.000000           1          -31.3252   
      2868:     86040.000000           1            9.6133   
      2869:     86070.000000           1          -31.3362   
      2870:     86100.000000           1          -31.3426   
      2871:     86130.000000           1          -31.3475   
      2872:     86160.000000           1          -31.3514   
      2873:     86190.000000           1          -31.3551   
      2874:     86220.000000           1          -31.3591   
      2875:     86250.000000           1           11.9851   
      2876:     86280.000000           1           11.9819   
      2877:     86310.000000           1           11.9786   
      2878:     86340.000000           1           11.9780   
      2879:     86370.000000           1           11.9767   
