       573:     17190.000000           1          112.7806   
       575:     17250.000000           1          112.7870   
       576:     17280.000000           1          112.7862   
       577:     17310.000000           1          112.7918   
       578:     17340.000000           1          112.7957   
       579:     17370.000000           1          112.7967   
       580:     17400.000000           1          112.7970   
       581:     17430.000000           1          112.7907   
       582:     17460.000000           1          112.7868   
       583:     17490.000000           1          112.7873   
       584:     17520.000000           1          112.7958   
       585:     17550.000000           1          112.8023   
       586:     17580.000000           1          112.8112   
       587:     17610.000000           1          112.8278   
       588:     17640.000000           1          112.8255   
       589:     17670.000000           1          112.8080   
       590:     17700.000000           1          112.8027   
       591:     17730.000000           1          112.7935   
       592:     17760.000000           1          112.7953   
       593:     17790.000000           1          112.7939   
       594:     17820.000000           1          112.7886   
       595:     17850.000000           1          112.7867   
       596:     17880.000000           1          112.7984   
       597:     17910.000000           1          112.8084   
       598:     17940.000000           1          112.8100   
       599:     17970.000000           1          112.8315   
       600:     18000.000000           1         -440.2357   
       601:     18030.000000           1         -440.2791   
       602:     18060.000000           1         -440.2827   
       603:     18090.000000           1         -440.2819   
       604:     18120.000000           1         -440.3299   
       605:     18150.000000           1         -440.3355   
       606:     18180.000000           1         -440.3730   
       607:     18210.000000           1         -440.3601   
       608:     18240.000000           1         -440.3922   
       609:     18270.000000           1         -440.3644   
       610:     18300.000000           1         -440.3574   
       611:     18330.000000           1         -440.3648   
       612:     18360.000000           1         -440.3430   
       613:     18390.000000           1         -440.3233   
       614:     18420.000000           1         -440.3162   
       615:     18450.000000           1         -440.3007   
       616:     18480.000000           1         -440.2733   
       617:     18510.000000           1         -440.2537   
       618:     18540.000000           1         -440.2535   
       619:     18570.000000           1         -440.2664   
       620:     18600.000000           1         -440.2540   
       621:     18630.000000           1         -440.2434   
       622:     18660.000000           1         -440.2475   
       623:     18690.000000           1         -440.2379   
       624:     18720.000000           1         -440.2323   
       625:     18750.000000           1         -440.2165   
       626:     18780.000000           1          112.9693   
       627:     18810.000000           1         -440.0951   
       628:     18840.000000           1         -440.0682   
       629:     18870.000000           1          112.9968   
       630:     18900.000000           1          112.9976   
       631:     18930.000000           1          112.9928   
       632:     18960.000000           1          112.9989   
       633:     18990.000000           1          113.0174   
       634:     19020.000000           1          113.0324   
       635:     19050.000000           1          113.0313   
       636:     19080.000000           1          113.0384   
       637:     19110.000000           1          113.0418   
       638:     19140.000000           1          113.0535   
       639:     19170.000000           1          113.0538   
       640:     19200.000000           1          113.0550   
       641:     19230.000000           1          113.0553   
       642:     19260.000000           1          113.0503   
       643:     19290.000000           1          113.0535   
       644:     19320.000000           1          113.0570   
       645:     19350.000000           1          113.0667   
       646:     19380.000000           1          113.0622   
       647:     19410.000000           1          113.0668   
       648:     19440.000000           1          113.0713   
       649:     19470.000000           1          -23.2656   
       650:     19500.000000           1          113.0800   
       651:     19530.000000           1          113.0842   
       652:     19560.000000           1          113.0806   
       653:     19590.000000           1          113.0893   
       654:     19620.000000           1          113.1067   
       655:     19650.000000           1          113.1137   
       656:     19680.000000           1          -23.2282   
       657:     19710.000000           1          113.1324   
       658:     19740.000000           1          113.1514   
       659:     19770.000000           1          113.1642   
       660:     19800.000000           1          113.1634   
       661:     19830.000000           1          113.1682   
       662:     19860.000000           1          113.1797   
       663:     19890.000000           1          113.1909   
       664:     19920.000000           1          113.1977   
       665:     19950.000000           1          113.2077   
       666:     19980.000000           1         -439.6238   
       667:     20010.000000           1         -439.6272   
       668:     20040.000000           1         -439.6385   
       669:     20070.000000           1         -439.6594   
       670:     20100.000000           1         -439.6734   
       671:     20130.000000           1         -439.6782   
       672:     20160.000000           1         -439.6773   
       673:     20190.000000           1         -439.6804   
       674:     20220.000000           1         -439.6812   
       675:     20250.000000           1         -439.6777   
       676:     20280.000000           1         -439.6754   
       677:     20310.000000           1         -439.6758   
       678:     20340.000000           1         -439.6648   
       679:     20370.000000           1         -439.6492   
       680:     20400.000000           1         -439.6543   
       681:     20430.000000           1         -439.6604   
       682:     20460.000000           1         -439.6542   
       683:     20490.000000           1         -439.6508   
       684:     20520.000000           1         -439.6419   
       685:     20550.000000           1          113.3299   
       686:     20580.000000           1          113.3372   
       687:     20610.000000           1          113.3444   
       688:     20640.000000           1          113.3401   
       689:     20670.000000           1          113.3428   
       690:     20700.000000           1          113.3489   
       691:     20730.000000           1          113.3465   
       692:     20760.000000           1          113.3590   
       693:     20790.000000           1          113.3580   
       694:     20820.000000           1          113.3565   
       695:     20850.000000           1          113.3519   
       696:     20880.000000           1          -23.0026   
       697:     20910.000000           1          113.3542   
       698:     20940.000000           1          113.3656   
       699:     20970.000000           1          113.3754   
       700:     21000.000000           1          113.3841   
       701:     21030.000000           1          113.3950   
       702:     21060.000000           1          113.4098   
       703:     21090.000000           1          -22.9338   
       704:     21120.000000           1          113.4362   
       705:     21150.000000           1          113.4470   
       706:     21180.000000           1          113.4514   
       707:     21210.000000           1          113.4660   
       708:     21240.000000           1          113.4675   
       709:     21270.000000           1          113.4761   
       710:     21300.000000           1          113.4780   
       711:     21330.000000           1          113.4729   
       712:     21360.000000           1          113.4825   
       713:     21390.000000           1          113.4809   
       714:     21420.000000           1          113.4989   
       715:     21450.000000           1          113.5102   
       716:     21480.000000           1         -439.5273   
       717:     21510.000000           1         -439.5184   
       718:     21540.000000           1         -439.5187   
       719:     21570.000000           1         -439.5076   
       720:     21600.000000           1         -439.4998   
       721:     21630.000000           1         -439.4925   
       722:     21660.000000           1         -439.4854   
       723:     21690.000000           1         -439.4795   
       724:     21720.000000           1         -439.4719   
       725:     21750.000000           1         -439.4693   
       726:     21780.000000           1         -439.4620   
       727:     21810.000000           1          113.6043   
       728:     21840.000000           1          113.6129   
       729:     21870.000000           1         -439.4294   
       730:     21900.000000           1          113.6436   
       731:     21930.000000           1          113.6552   
       732:     21960.000000           1          113.6565   
       733:     21990.000000           1          113.6558   
       734:     22020.000000           1          113.6690   
       735:     22050.000000           1          113.6694   
       736:     22080.000000           1          113.6761   
       737:     22110.000000           1          113.6839   
       738:     22140.000000           1          113.6882   
       739:     22170.000000           1          113.7061   
       740:     22200.000000           1          113.7157   
       741:     22230.000000           1          113.7258   
       742:     22260.000000           1          113.7338   
       743:     22290.000000           1          113.7382   
       744:     22320.000000           1          113.7441   
       745:     22350.000000           1          113.7538   
       746:     22380.000000           1          113.7588   
       747:     22410.000000           1          113.7641   
       748:     22440.000000           1          113.7747   
       749:     22470.000000           1          113.7889   
       750:     22500.000000           1          113.7985   
       751:     22530.000000           1          113.8089   
       752:     22560.000000           1          113.8151   
       753:     22590.000000           1          113.8287   
       754:     22620.000000           1          113.8411   
       755:     22650.000000           1          113.8491   
       756:     22680.000000           1          113.8565   
       757:     22710.000000           1          113.8703   
       758:     22740.000000           1          113.8749   
       759:     22770.000000           1          113.8812   
       760:     22800.000000           1          113.8850   
       761:     22830.000000           1         -439.1958   
       762:     22860.000000           1         -439.2038   
       763:     22890.000000           1          113.8897   
       764:     22920.000000           1         -439.1800   
       765:     22950.000000           1         -439.1671   
       766:     22980.000000           1         -439.1638   
       767:     23010.000000           1         -439.1545   
       768:     23040.000000           1         -439.1379   
       769:     23070.000000           1         -439.1280   
       770:     23100.000000           1         -439.1245   
       771:     23130.000000           1         -439.1182   
       772:     23160.000000           1         -439.1124   
       773:     23190.000000           1          113.9608   
       774:     23220.000000           1         -439.0924   
       775:     23250.000000           1         -439.0781   
       776:     23280.000000           1         -439.0548   
       777:     23310.000000           1         -439.0287   
       778:     23340.000000           1         -439.0233   
       779:     23370.000000           1         -439.0171   
       780:     23400.000000           1         -439.0098   
       781:     23430.000000           1         -439.0074   
       782:     23460.000000           1         -438.9978   
       783:     23490.000000           1         -438.9818   
       784:     23520.000000           1         -438.9677   
       785:     23550.000000           1         -438.9527   
       786:     23580.000000           1         -438.9399   
       787:     23610.000000           1         -438.9248   
       788:     23640.000000           1          114.1596   
       789:     23670.000000           1          114.1707   
       790:     23700.000000           1          114.1727   
       791:     23730.000000           1          114.1772   
       792:     23760.000000           1          114.1873   
       793:     23790.000000           1          114.2057   
       794:     23820.000000           1          114.2138   
       795:     23850.000000           1          114.2143   
       796:     23880.000000           1          114.2202   
       797:     23910.000000           1          114.2261   
       798:     23940.000000           1          114.2421   
       799:     23970.000000           1          114.2582   
       800:     24000.000000           1          114.2619   
       801:     24030.000000           1          114.2606   
       802:     24060.000000           1          114.2697   
       803:     24090.000000           1          -22.0833   
       804:     24120.000000           1          -22.0809   
       805:     24150.000000           1          -22.0754   
       806:     24180.000000           1          -22.0682   
       807:     24210.000000           1          -22.0520   
       808:     24240.000000           1          -22.0476   
       809:     24270.000000           1         -438.7637   
       810:     24300.000000           1          -22.0405   
       811:     24330.000000           1          -22.0358   
       812:     24360.000000           1          -22.0231   
       813:     24390.000000           1          -22.0254   
       814:     24420.000000           1         -438.7196   
       815:     24450.000000           1         -438.7054   
       816:     24480.000000           1         -438.6915   
       817:     24510.000000           1         -438.6817   
       818:     24540.000000           1         -438.6685   
       819:     24570.000000           1         -438.6583   
       820:     24600.000000           1         -438.6513   
       821:     24630.000000           1         -438.6444   
       822:     24660.000000           1         -438.6302   
       823:     24690.000000           1         -438.6303   
       824:     24720.000000           1         -438.6286   
       825:     24750.000000           1         -438.6221   
       826:     24780.000000           1         -438.6132   
       827:     24810.000000           1         -438.6087   
       828:     24840.000000           1         -438.5909   
       829:     24870.000000           1         -438.5820   
       830:     24900.000000           1         -438.5800   
       831:     24930.000000           1          -21.8449   
       832:     24960.000000           1          -21.8351   
       833:     24990.000000           1         -438.5576   
       834:     25020.000000           1          -21.8206   
       835:     25050.000000           1          -21.7993   
       836:     25080.000000           1          -21.7930   
       837:     25110.000000           1          -21.7811   
       838:     25140.000000           1          -21.7719   
       839:     25170.000000           1          -21.7688   
       840:     25200.000000           1          -21.7608   
       841:     25230.000000           1          -21.7536   
       842:     25260.000000           1          -21.7310   
       843:     25290.000000           1         -339.4856   
       844:     25320.000000           1          -21.7048   
       845:     25350.000000           1          -21.6847   
       846:     25380.000000           1          -21.6721   
       847:     25410.000000           1          -21.6572   
       848:     25440.000000           1          -21.6499   
       849:     25470.000000           1          -21.6438   
       850:     25500.000000           1          -21.6322   
       851:     25530.000000           1          -21.6281   
       852:     25560.000000           1          -21.6157   
       853:     25590.000000           1          -21.6083   
       854:     25620.000000           1          -21.6054   
       855:     25650.000000           1          -21.5905   
       856:     25680.000000           1          -21.5853   
       857:     25710.000000           1          -21.5817   
       858:     25740.000000           1          -21.5871   
       859:     25770.000000           1          -21.5823   
       860:     25800.000000           1          -21.5826   
       861:     25830.000000           1          -21.5713   
       862:     25860.000000           1          -21.5651   
       863:     25890.000000           1          -21.5532   
       864:     25920.000000           1         -438.2742   
       865:     25950.000000           1         -438.2739   
       866:     25980.000000           1         -438.2624   
       867:     26010.000000           1         -438.2523   
       868:     26040.000000           1         -438.2576   
       869:     26070.000000           1         -438.2498   
       870:     26100.000000           1         -438.2469   
       871:     26130.000000           1         -438.2426   
       872:     26160.000000           1         -438.2403   
       873:     26190.000000           1         -438.2333   
       874:     26220.000000           1         -438.2296   
       875:     26250.000000           1         -438.2280   
       876:     26280.000000           1         -438.2219   
       877:     26310.000000           1         -438.2143   
       878:     26340.000000           1         -438.2077   
       879:     26370.000000           1         -438.1973   
       880:     26400.000000           1         -438.1898   
       881:     26430.000000           1         -438.1749   
       882:     26460.000000           1         -438.1558   
       883:     26490.000000           1         -438.1450   
       884:     26520.000000           1         -438.1343   
       885:     26550.000000           1         -438.1268   
       886:     26580.000000           1         -438.1255   
       887:     26610.000000           1         -438.1184   
       888:     26640.000000           1         -438.1067   
       889:     26670.000000           1         -438.1015   
       890:     26700.000000           1         -438.1004   
       891:     26730.000000           1         -438.0925   
       892:     26760.000000           1         -438.0804   
       893:     26790.000000           1         -438.0674   
       894:     26820.000000           1         -438.0517   
       895:     26850.000000           1         -438.0495   
       896:     26880.000000           1         -438.0353   
       897:     26910.000000           1         -438.0189   
       898:     26940.000000           1         -438.0134   
       899:     26970.000000           1         -438.0017   
       900:     27000.000000           1         -437.9937   
       901:     27030.000000           1         -437.9878   
       902:     27060.000000           1         -437.9897   
       903:     27090.000000           1         -437.9856   
       904:     27120.000000           1         -437.9733   
       905:     27150.000000           1         -437.9531   
       906:     27180.000000           1         -437.9338   
       907:     27210.000000           1         -437.9153   
       908:     27240.000000           1         -437.9055   
       909:     27270.000000           1         -437.9043   
       910:     27300.000000           1         -437.9028   
       911:     27330.000000           1         -437.9034   
       912:     27360.000000           1         -437.9033   
       913:     27390.000000           1         -437.8949   
       914:     27420.000000           1         -437.8849   
       915:     27450.000000           1         -437.8736   
       916:     27480.000000           1         -437.8622   
       917:     27510.000000           1         -437.8582   
       918:     27540.000000           1         -437.8450   
       919:     27570.000000           1         -437.8297   
       920:     27600.000000           1         -437.8198   
       921:     27630.000000           1         -437.8135   
       922:     27660.000000           1         -437.8071   
       923:     27690.000000           1         -437.7936   
       924:     27720.000000           1         -437.7813   
       925:     27750.000000           1         -437.7651   
       926:     27780.000000           1         -437.7523   
       927:     27810.000000           1         -437.7486   
       928:     27840.000000           1         -437.7390   
       929:     27870.000000           1         -437.7334   
       930:     27900.000000           1         -437.7263   
       931:     27930.000000           1         -437.7173   
       932:     27960.000000           1         -437.7094   
       933:     27990.000000           1         -437.7099   
       934:     28020.000000           1          -20.9690   
       935:     28050.000000           1          -20.9638   
       936:     28080.000000           1          -20.9600   
       937:     28110.000000           1          -20.9545   
       938:     28140.000000           1          -20.9389   
       939:     28170.000000           1          -20.9203   
       940:     28200.000000           1          -20.9095   
       941:     28230.000000           1          -20.8956   
       942:     28260.000000           1         -338.6038   
       943:     28290.000000           1          -20.8853   
       944:     28320.000000           1         -338.5848   
       945:     28350.000000           1         -338.5767   
       946:     28380.000000           1         -338.5685   
       947:     28410.000000           1         -338.5677   
       948:     28440.000000           1         -338.5592   
       949:     28470.000000           1         -338.5497   
       950:     28500.000000           1         -338.5407   
       951:     28530.000000           1         -338.5278   
       952:     28560.000000           1         -338.5263   
       953:     28590.000000           1         -338.5178   
       954:     28620.000000           1         -338.5172   
       955:     28650.000000           1         -338.5056   
       956:     28680.000000           1         -338.5025   
       957:     28710.000000           1         -338.4952   
       958:     28740.000000           1         -338.4897   
       959:     28770.000000           1         -338.4813   
       960:     28800.000000           1         -338.4701   
       961:     28830.000000           1         -338.4621   
       962:     28860.000000           1         -338.4514   
       963:     28890.000000           1         -338.4358   
       964:     28920.000000           1         -338.4243   
       965:     28950.000000           1          -20.7047   
       966:     28980.000000           1          -20.7023   
       967:     29010.000000           1          -20.6904   
       968:     29040.000000           1          -20.6803   
       969:     29070.000000           1         -437.4068   
       970:     29100.000000           1         -437.4009   
       971:     29130.000000           1         -437.3918   
       972:     29160.000000           1         -437.3843   
       973:     29190.000000           1         -437.3784   
       974:     29220.000000           1         -437.3733   
       975:     29250.000000           1         -437.3639   
       976:     29280.000000           1         -437.3544   
       977:     29310.000000           1         -437.3402   
       978:     29340.000000           1         -437.3305   
       979:     29370.000000           1         -437.3179   
       980:     29400.000000           1         -437.3199   
       981:     29430.000000           1         -437.3086   
       982:     29460.000000           1         -437.3016   
       983:     29490.000000           1         -437.2982   
       984:     29520.000000           1         -437.2904   
       985:     29550.000000           1         -437.2830   
       986:     29580.000000           1         -437.2799   
       987:     29610.000000           1         -437.2711   
       988:     29640.000000           1         -437.2679   
       989:     29670.000000           1         -437.2633   
       990:     29700.000000           1         -437.2513   
       991:     29730.000000           1         -437.2424   
       992:     29760.000000           1         -437.2265   
       993:     29790.000000           1         -437.2180   
       994:     29820.000000           1         -437.2168   
       995:     29850.000000           1         -437.2136   
       996:     29880.000000           1         -437.2143   
       997:     29910.000000           1         -437.2106   
       998:     29940.000000           1         -437.2110   
       999:     29970.000000           1         -437.2035   
      1000:     30000.000000           1         -437.2012   
      1001:     30030.000000           1         -437.1922   
      1002:     30060.000000           1         -437.1921   
      1003:     30090.000000           1         -437.1826   
      1004:     30120.000000           1         -437.1810   
      1005:     30150.000000           1         -437.1766   
      1006:     30180.000000           1         -437.1850   
      1007:     30210.000000           1         -437.1861   
      1008:     30240.000000           1         -437.1791   
      1009:     30270.000000           1         -437.1720   
      1010:     30300.000000           1         -437.1693   
      1011:     30330.000000           1         -437.1615   
      1012:     30360.000000           1         -437.1606   
      1013:     30390.000000           1         -437.1529   
      1014:     30420.000000           1         -437.1385   
      1015:     30450.000000           1         -437.1354   
      1016:     30480.000000           1         -437.1232   
      1017:     30510.000000           1         -437.1165   
      1018:     30540.000000           1         -437.1033   
      1019:     30570.000000           1         -437.0994   
      1020:     30600.000000           1         -437.0979   
      1021:     30630.000000           1         -437.0881   
      1022:     30660.000000           1         -437.0824   
      1023:     30690.000000           1         -437.0774   
      1024:     30720.000000           1         -437.0648   
      1025:     30750.000000           1         -437.0549   
      1026:     30780.000000           1         -437.0414   
      1027:     30810.000000           1         -437.0270   
      1028:     30840.000000           1         -437.0239   
      1029:     30870.000000           1         -437.0147   
      1030:     30900.000000           1         -437.0003   
      1031:     30930.000000           1         -436.9889   
      1032:     30960.000000           1         -436.9801   
      1033:     30990.000000           1         -436.9851   
      1034:     31020.000000           1         -436.9835   
      1035:     31050.000000           1         -436.9835   
      1036:     31080.000000           1         -436.9787   
      1037:     31110.000000           1         -436.9718   
      1038:     31140.000000           1         -436.9682   
      1039:     31170.000000           1         -436.9700   
      1040:     31200.000000           1         -436.9640   
      1041:     31230.000000           1         -436.9561   
      1042:     31260.000000           1         -436.9431   
      1043:     31290.000000           1         -436.9347   
      1044:     31320.000000           1         -436.9274   
      1045:     31350.000000           1         -436.9255   
      1046:     31380.000000           1         -436.9282   
      1047:     31410.000000           1         -436.9222   
      1048:     31440.000000           1         -436.9164   
      1049:     31470.000000           1         -436.9125   
      1050:     31500.000000           1         -436.9121   
      1051:     31530.000000           1         -436.9077   
      1052:     31560.000000           1         -436.8991   
      1053:     31590.000000           1         -436.8834   
      1054:     31620.000000           1         -436.8724   
      1055:     31650.000000           1         -436.8610   
      1056:     31680.000000           1         -436.8567   
      1057:     31710.000000           1         -436.8526   
      1058:     31740.000000           1         -436.8434   
      1059:     31770.000000           1         -436.8376   
      1060:     31800.000000           1         -436.8284   
      1061:     31830.000000           1         -436.8185   
      1062:     31860.000000           1         -436.8073   
      1063:     31890.000000           1         -436.7993   
      1064:     31920.000000           1         -436.7949   
      1065:     31950.000000           1         -436.7915   
      1066:     31980.000000           1         -436.7849   
      1067:     32010.000000           1         -436.7872   
      1068:     32040.000000           1         -436.7898   
      1069:     32070.000000           1         -436.7934   
      1070:     32100.000000           1         -436.7911   
      1071:     32130.000000           1         -436.7822   
      1072:     32160.000000           1         -436.7766   
      1073:     32190.000000           1         -436.7662   
      1074:     32220.000000           1         -436.7643   
      1075:     32250.000000           1         -436.7582   
      1076:     32280.000000           1         -436.7493   
      1077:     32310.000000           1         -436.7465   
      1078:     32340.000000           1         -436.7383   
      1079:     32370.000000           1         -436.7347   
      1080:     32400.000000           1         -436.7329   
      1081:     32430.000000           1         -436.7373   
      1082:     32460.000000           1         -436.7314   
      1083:     32490.000000           1         -436.7284   
      1084:     32520.000000           1         -436.7223   
      1085:     32550.000000           1         -436.7163   
      1086:     32580.000000           1         -436.7077   
      1087:     32610.000000           1         -436.7068   
      1088:     32640.000000           1         -436.7004   
      1089:     32670.000000           1         -436.6952   
      1090:     32700.000000           1         -436.6848   
      1091:     32730.000000           1         -436.6818   
      1092:     32760.000000           1         -436.6687   
      1093:     32790.000000           1         -436.6708   
      1094:     32820.000000           1         -436.6739   
      1095:     32850.000000           1         -436.6724   
      1096:     32880.000000           1         -436.6631   
      1097:     32910.000000           1         -436.6651   
      1098:     32940.000000           1         -436.6560   
      1099:     32970.000000           1         -436.6541   
      1100:     33000.000000           1         -436.6461   
      1101:     33030.000000           1         -436.6393   
      1102:     33060.000000           1         -436.6369   
      1103:     33090.000000           1         -436.6301   
      1104:     33120.000000           1         -436.6281   
      1105:     33150.000000           1         -436.6235   
      1106:     33180.000000           1         -436.6152   
      1107:     33210.000000           1         -436.6087   
      1108:     33240.000000           1         -436.6015   
      1109:     33270.000000           1         -436.5922   
      1110:     33300.000000           1         -436.5839   
      1111:     33330.000000           1         -436.5755   
      1112:     33360.000000           1         -436.5692   
      1113:     33390.000000           1         -436.5604   
      1114:     33420.000000           1         -436.5475   
      1115:     33450.000000           1         -436.5367   
      1116:     33480.000000           1         -436.5241   
      1117:     33510.000000           1         -436.5110   
      1118:     33540.000000           1         -436.5037   
      1119:     33570.000000           1         -436.4925   
      1120:     33600.000000           1         -436.4836   
      1121:     33630.000000           1         -436.4756   
      1122:     33660.000000           1         -436.4761   
      1123:     33690.000000           1         -436.4789   
      1124:     33720.000000           1         -436.4752   
      1125:     33750.000000           1         -436.4676   
      1126:     33780.000000           1         -436.4627   
      1127:     33810.000000           1         -436.4563   
      1128:     33840.000000           1         -436.4584   
      1129:     33870.000000           1         -436.4505   
      1130:     33900.000000           1         -436.4492   
      1131:     33930.000000           1         -436.4479   
      1132:     33960.000000           1         -250.2688   
      1133:     33990.000000           1         -250.2639   
      1134:     34020.000000           1         -250.2537   
      1135:     34050.000000           1         -250.2464   
      1136:     34080.000000           1         -250.2399   
      1137:     34110.000000           1         -250.2380   
      1138:     34140.000000           1         -250.2349   
      1139:     34170.000000           1         -250.2248   
      1140:     34200.000000           1         -250.2149   
      1141:     34230.000000           1         -250.2156   
      1142:     34260.000000           1         -250.2117   
      1143:     34290.000000           1         -250.2101   
      1144:     34320.000000           1         -250.2007   
      1145:     34350.000000           1         -250.1904   
      1146:     34380.000000           1         -250.1831   
      1147:     34410.000000           1         -250.1849   
      1148:     34440.000000           1         -250.1818   
      1149:     34470.000000           1         -250.1738   
      1150:     34500.000000           1         -250.1572   
      1151:     34530.000000           1         -250.1550   
      1152:     34560.000000           1         -250.1411   
      1153:     34590.000000           1         -250.1241   
      1154:     34620.000000           1         -250.1187   
      1155:     34650.000000           1         -250.1171   
      1156:     34680.000000           1         -250.1109   
      1157:     34710.000000           1         -250.1070   
      1158:     34740.000000           1         -250.1052   
      1159:     34770.000000           1         -250.1040   
      1160:     34800.000000           1         -250.1002   
      1161:     34830.000000           1         -250.0944   
      1162:     34860.000000           1         -250.0921   
      1163:     34890.000000           1         -250.0844   
      1164:     34920.000000           1         -250.0790   
      1165:     34950.000000           1         -436.2303   
      1166:     34980.000000           1         -436.2211   
      1167:     35010.000000           1         -436.2173   
      1168:     35040.000000           1         -436.2133   
      1169:     35070.000000           1         -436.2105   
      1170:     35100.000000           1         -250.0504   
      1171:     35130.000000           1         -436.1989   
      1172:     35160.000000           1         -250.0336   
      1173:     35190.000000           1         -436.1871   
      1174:     35220.000000           1         -436.1788   
      1175:     35250.000000           1         -250.0174   
      1176:     35280.000000           1         -250.0091   
      1177:     35310.000000           1         -249.9984   
      1178:     35340.000000           1         -249.9949   
      1179:     35370.000000           1         -249.9879   
      1180:     35400.000000           1         -249.9771   
      1181:     35430.000000           1         -249.9737   
      1182:     35460.000000           1         -249.9664   
      1183:     35490.000000           1         -249.9588   
      1184:     35520.000000           1         -249.9500   
      1185:     35550.000000           1         -249.9422   
      1186:     35580.000000           1         -249.9358   
      1187:     35610.000000           1         -249.9298   
      1188:     35640.000000           1         -249.9223   
      1189:     35670.000000           1         -249.9166   
      1190:     35700.000000           1         -249.9163   
      1191:     35730.000000           1         -249.9097   
      1192:     35760.000000           1         -249.9025   
      1193:     35790.000000           1         -249.8941   
      1194:     35820.000000           1         -249.8824   
      1195:     35850.000000           1         -249.8678   
      1196:     35880.000000           1         -249.8544   
      1197:     35910.000000           1          -13.9575   
      1198:     35940.000000           1         -249.8436   
      1199:     35970.000000           1         -249.8387   
      1200:     36000.000000           1         -249.8253   
      1201:     36030.000000           1         -435.9902   
      1202:     36060.000000           1         -249.8197   
      1203:     36090.000000           1         -249.8226   
      1204:     36120.000000           1         -249.8223   
      1205:     36150.000000           1         -435.9905   
      1206:     36180.000000           1         -435.9885   
      1207:     36210.000000           1         -435.9853   
      1208:     36240.000000           1         -249.8116   
      1209:     36270.000000           1         -435.8170   
      1210:     36300.000000           1         -435.8714   
      1211:     36330.000000           1         -435.8123   
      1212:     36360.000000           1         -435.8391   
      1213:     36390.000000           1         -435.9182   
      1214:     36420.000000           1         -435.9249   
      1215:     36450.000000           1         -435.9674   
      1216:     36480.000000           1         -249.7842   
      1217:     36510.000000           1         -249.7784   
      1218:     36540.000000           1         -435.9519   
      1219:     36570.000000           1          -13.9172   
      1220:     36600.000000           1          -13.9118   
      1221:     36630.000000           1          -13.9010   
      1222:     36660.000000           1          -13.9005   
      1223:     36690.000000           1          -13.8861   
      1224:     36720.000000           1          -13.8863   
      1225:     36750.000000           1          -13.8777   
      1226:     36780.000000           1          -13.8686   
      1227:     36810.000000           1          -13.8612   
      1228:     36840.000000           1          -13.8575   
      1229:     36870.000000           1          -13.8525   
      1230:     36900.000000           1          -13.8450   
      1231:     36930.000000           1          -13.8432   
      1232:     36960.000000           1          -13.8421   
      1233:     36990.000000           1          -13.8365   
      1234:     37020.000000           1          -13.8318   
      1235:     37050.000000           1          -13.8300   
      1236:     37080.000000           1          -13.8288   
      1237:     37110.000000           1          -13.8253   
      1238:     37140.000000           1          -13.8284   
      1239:     37170.000000           1          -13.8293   
      1240:     37200.000000           1          -13.8390   
      1241:     37230.000000           1          -13.8425   
      1242:     37260.000000           1          -13.8421   
      1243:     37290.000000           1          -13.8360   
      1244:     37320.000000           1          -13.8354   
      1245:     37350.000000           1          -13.8279   
      1246:     37380.000000           1          -13.8221   
      1247:     37410.000000           1          -13.8148   
      1248:     37440.000000           1          -13.8182   
      1249:     37470.000000           1          -13.8114   
      1250:     37500.000000           1          -13.8021   
      1251:     37530.000000           1          -13.7977   
      1253:     37590.000000           1          -13.7874   
      1680:     50400.000000           1          -86.9699   
      1682:     50460.000000           1          -86.9689   
      1683:     50490.000000           1          -86.9669   
      1684:     50520.000000           1          -86.9675   
      1685:     50550.000000           1          -86.9710   
      1686:     50580.000000           1          -86.9677   
      1687:     50610.000000           1          -86.9694   
      1688:     50640.000000           1          -86.9746   
      1689:     50670.000000           1          -86.9763   
      1690:     50700.000000           1          -86.9725   
      1691:     50730.000000           1          -86.9681   
      1692:     50760.000000           1          -86.9691   
      1693:     50790.000000           1          -86.9697   
      1694:     50820.000000           1          -86.9687   
      1695:     50850.000000           1          -86.9681   
      1696:     50880.000000           1          -86.9674   
      1698:     50940.000000           1          -86.9641   
      1699:     50970.000000           1          -86.9619   
      1700:     51000.000000           1          -86.9613   
      1701:     51030.000000           1          -86.9626   
      1702:     51060.000000           1          -86.9636   
      1703:     51090.000000           1          -86.9693   
      1704:     51120.000000           1          -86.9707   
      1705:     51150.000000           1          -86.9721   
      1706:     51180.000000           1          -86.9686   
      1707:     51210.000000           1          -86.9671   
      1708:     51240.000000           1          -86.9691   
      1709:     51270.000000           1          -86.9663   
      1710:     51300.000000           1          -86.9646   
      1711:     51330.000000           1          -86.9655   
      1712:     51360.000000           1          -86.9663   
      1713:     51390.000000           1          -86.9651   
      1714:     51420.000000           1          181.0337   
      1715:     51450.000000           1          181.0519   
      1716:     51480.000000           1          181.0617   
      1717:     51510.000000           1          181.0938   
      1718:     51540.000000           1          181.0985   
      1719:     51570.000000           1          181.1112   
      1720:     51600.000000           1          181.1782   
      1721:     51630.000000           1          -86.9644   
      1722:     51660.000000           1          181.3672   
      1723:     51690.000000           1          -86.9596   
      1724:     51720.000000           1          181.5168   
      1725:     51750.000000           1          181.4702   
      1726:     51780.000000           1          181.3822   
      1727:     51810.000000           1          181.3928   
      1728:     51840.000000           1          181.4600   
      1729:     51870.000000           1          181.4398   
      1730:     51900.000000           1          181.4429   
      1731:     51930.000000           1          181.4490   
      1732:     51960.000000           1          181.4603   
      1733:     51990.000000           1          181.4754   
      1734:     52020.000000           1          181.4843   
      1735:     52050.000000           1          181.4833   
      1736:     52080.000000           1          181.5028   
      1737:     52110.000000           1          181.5040   
      1738:     52140.000000           1          181.5194   
      1739:     52170.000000           1          181.5231   
      1740:     52200.000000           1          181.5285   
      1741:     52230.000000           1          181.5410   
      1742:     52260.000000           1          181.5514   
      1743:     52290.000000           1          181.5652   
      1744:     52320.000000           1          181.5860   
      1745:     52350.000000           1          181.6039   
      1746:     52380.000000           1          181.6159   
      1747:     52410.000000           1          181.6416   
      1748:     52440.000000           1          181.6507   
      1749:     52470.000000           1          181.6600   
      1750:     52500.000000           1          181.6779   
      1751:     52530.000000           1          181.6908   
      1752:     52560.000000           1          181.6988   
      1753:     52590.000000           1          181.7087   
      1754:     52620.000000           1          181.7213   
      1755:     52650.000000           1          181.7277   
      1756:     52680.000000           1          181.7351   
      1757:     52710.000000           1          181.7309   
      1758:     52740.000000           1          181.7330   
      1759:     52770.000000           1          181.7316   
      1760:     52800.000000           1          181.7369   
      1761:     52830.000000           1          181.7362   
      1762:     52860.000000           1          181.7508   
      1763:     52890.000000           1          181.7608   
      1764:     52920.000000           1          181.7670   
      1765:     52950.000000           1          181.7756   
      1766:     52980.000000           1          181.7906   
      1767:     53010.000000           1          181.7936   
      1768:     53040.000000           1          181.7908   
      1769:     53070.000000           1          181.7885   
      1770:     53100.000000           1          181.8017   
      1771:     53130.000000           1          181.8114   
      1772:     53160.000000           1          181.8169   
      1773:     53190.000000           1          181.8214   
      1774:     53220.000000           1          -87.0196   
      1775:     53250.000000           1          181.8367   
      1776:     53280.000000           1          181.8456   
      1777:     53310.000000           1          181.8483   
      1778:     53340.000000           1            5.7376   
      1779:     53370.000000           1          -87.0280   
      1780:     53400.000000           1          -87.0304   
      1781:     53430.000000           1          -87.0316   
      1782:     53460.000000           1          -87.0314   
      1783:     53490.000000           1          -87.0323   
      1784:     53520.000000           1          -87.0346   
      1785:     53550.000000           1          -87.0380   
      1786:     53580.000000           1          -87.0424   
      1787:     53610.000000           1          -87.0423   
      1788:     53640.000000           1          -87.0418   
      1789:     53670.000000           1          -87.0414   
      1790:     53700.000000           1          -87.0388   
      1791:     53730.000000           1          -87.0383   
      1792:     53760.000000           1          -87.0373   
      1793:     53790.000000           1          -87.0326   
      1794:     53820.000000           1          -87.0301   
      1795:     53850.000000           1          -87.0344   
      1796:     53880.000000           1          -87.0337   
      1797:     53910.000000           1          -87.0375   
      1798:     53940.000000           1          -87.0407   
      1799:     53970.000000           1          -87.0438   
      1800:     54000.000000           1            5.8800   
      1801:     54030.000000           1          181.8826   
      1802:     54060.000000           1          -87.0566   
      1803:     54090.000000           1          -87.0583   
      1804:     54120.000000           1          -87.0565   
      1805:     54150.000000           1          -87.0535   
      1806:     54180.000000           1            5.8332   
      1807:     54210.000000           1          -87.0485   
      1808:     54240.000000           1          -87.0497   
      1809:     54270.000000           1          -87.0497   
      1810:     54300.000000           1            5.8078   
      1811:     54330.000000           1            5.8010   
      1812:     54360.000000           1            5.7980   
      1813:     54390.000000           1            5.7953   
      1814:     54420.000000           1            5.7838   
      1815:     54450.000000           1            5.7776   
      1816:     54480.000000           1            5.7731   
      1817:     54510.000000           1            5.7689   
      1818:     54540.000000           1            5.7667   
      1819:     54570.000000           1            5.7683   
      1820:     54600.000000           1            5.7735   
      1821:     54630.000000           1            5.7737   
      1822:     54660.000000           1            5.7795   
      1823:     54690.000000           1         -370.5178   
      1824:     54720.000000           1         -370.4618   
      1825:     54750.000000           1         -370.4597   
      1826:     54780.000000           1         -370.4221   
      1827:     54810.000000           1         -370.4030   
      1828:     54840.000000           1         -370.3765   
      1829:     54870.000000           1         -370.3754   
      1830:     54900.000000           1            5.7736   
      1831:     54930.000000           1            5.7757   
      1832:     54960.000000           1          -87.0904   
      1833:     54990.000000           1          -87.0916   
      1834:     55020.000000           1          -87.0875   
      1835:     55050.000000           1          -87.0894   
      1836:     55080.000000           1          -87.0887   
      1837:     55110.000000           1          -87.0869   
      1838:     55140.000000           1          -87.0878   
      1839:     55170.000000           1          -87.0895   
      1840:     55200.000000           1          -87.0936   
      1841:     55230.000000           1          -87.0985   
      1842:     55260.000000           1          -87.1029   
      1843:     55290.000000           1          -87.1034   
      1844:     55320.000000           1          -87.1061   
      1845:     55350.000000           1          -87.1092   
      1846:     55380.000000           1          -87.1142   
      1847:     55410.000000           1          -87.1196   
      1848:     55440.000000           1          -87.1129   
      1849:     55470.000000           1          -87.1102   
      1850:     55500.000000           1          -87.1148   
      1851:     55530.000000           1          -87.1167   
      1852:     55560.000000           1          -87.1187   
      1853:     55590.000000           1          -87.1173   
      1854:     55620.000000           1          -87.1181   
      1855:     55650.000000           1          -87.1168   
      1856:     55680.000000           1          -87.1192   
      1857:     55710.000000           1          -87.1206   
      1858:     55740.000000           1          -87.1185   
      1859:     55770.000000           1            5.9335   
      1860:     55800.000000           1          -87.1176   
      1861:     55830.000000           1          -87.1198   
      1862:     55860.000000           1          -87.1218   
      1863:     55890.000000           1          -87.1207   
      1864:     55920.000000           1          -87.1208   
      1865:     55950.000000           1          -87.1223   
      1866:     55980.000000           1          -87.1249   
      1867:     56010.000000           1          181.8314   
      1868:     56040.000000           1          181.8312   
      1869:     56070.000000           1          181.8313   
      1870:     56100.000000           1          181.8312   
      1871:     56130.000000           1          181.8306   
      1872:     56160.000000           1          181.8328   
      1873:     56190.000000           1          181.8385   
      1874:     56220.000000           1          181.8415   
      1875:     56250.000000           1          181.8368   
      1876:     56280.000000           1          181.8374   
      1877:     56310.000000           1          181.8424   
      1878:     56340.000000           1          181.8475   
      1879:     56370.000000           1          181.8502   
      1880:     56400.000000           1          181.8536   
      1881:     56430.000000           1          181.8580   
      1882:     56460.000000           1          181.8568   
      1883:     56490.000000           1          181.8564   
      1884:     56520.000000           1          181.8565   
      1885:     56550.000000           1          181.8529   
      1886:     56580.000000           1          181.8509   
      1887:     56610.000000           1          181.8504   
      1888:     56640.000000           1          181.8490   
      1889:     56670.000000           1          181.8442   
      1890:     56700.000000           1          181.8430   
      1891:     56730.000000           1          -87.1690   
      1892:     56760.000000           1          181.8368   
      1893:     56790.000000           1          181.8336   
      1894:     56820.000000           1          181.8320   
      1895:     56850.000000           1          181.8297   
      1896:     56880.000000           1          181.8298   
      1897:     56910.000000           1          181.8302   
      1898:     56940.000000           1          181.8277   
      1899:     56970.000000           1          -87.1841   
      1900:     57000.000000           1          -87.1869   
      1901:     57030.000000           1          -87.1872   
      1902:     57060.000000           1          -87.1886   
      1903:     57090.000000           1            5.8013   
      1904:     57120.000000           1            5.7977   
      1905:     57150.000000           1            5.7917   
      1906:     57180.000000           1            5.7937   
      1907:     57210.000000           1            5.7903   
      1908:     57240.000000           1            5.7868   
      1909:     57270.000000           1            5.7898   
      1910:     57300.000000           1            5.7854   
      1911:     57330.000000           1            5.7803   
      1912:     57360.000000           1            5.7815   
      1913:     57390.000000           1            5.7801   
      1914:     57420.000000           1            5.7790   
      1915:     57450.000000           1            5.7815   
      1916:     57480.000000           1            5.7785   
      1917:     57510.000000           1            5.7829   
      1918:     57540.000000           1            5.7810   
      1919:     57570.000000           1            5.7826   
      1920:     57600.000000           1            5.7811   
      1921:     57630.000000           1            5.7800   
      1922:     57660.000000           1            5.7811   
      1923:     57690.000000           1          -87.2120   
      1924:     57720.000000           1            5.7710   
      1925:     57750.000000           1            5.7684   
      1926:     57780.000000           1          -87.2144   
      1927:     57810.000000           1            5.7690   
      1928:     57840.000000           1          -87.2148   
      1929:     57870.000000           1          181.8118   
      1930:     57900.000000           1          181.8085   
      1931:     57930.000000           1          181.8084   
      1932:     57960.000000           1          181.8064   
      1933:     57990.000000           1          181.8025   
      1934:     58020.000000           1          181.7987   
      1935:     58050.000000           1          181.7988   
      1936:     58080.000000           1          181.8012   
      1937:     58110.000000           1          181.7995   
      1938:     58140.000000           1          181.7987   
      1939:     58170.000000           1          181.7968   
      1940:     58200.000000           1          181.7971   
      1941:     58230.000000           1          181.7966   
      1942:     58260.000000           1          181.7971   
      1943:     58290.000000           1          181.7948   
      1944:     58320.000000           1          181.7905   
      1945:     58350.000000           1          181.7899   
      1946:     58380.000000           1          181.7905   
      1947:     58410.000000           1          181.7919   
      1948:     58440.000000           1          181.7916   
      1949:     58470.000000           1          181.7885   
      1950:     58500.000000           1          181.7901   
      1951:     58530.000000           1          181.7890   
      1952:     58560.000000           1          181.7839   
      1953:     58590.000000           1          181.7843   
      1954:     58620.000000           1          181.7825   
      1955:     58650.000000           1          181.7810   
      1956:     58680.000000           1          181.7746   
      1957:     58710.000000           1          181.7680   
      1958:     58740.000000           1          181.7630   
      1959:     58770.000000           1          181.7600   
      1960:     58800.000000           1          181.7592   
      1961:     58830.000000           1          181.7583   
      1962:     58860.000000           1          181.7548   
      1963:     58890.000000           1          181.7498   
      1964:     58920.000000           1          181.7465   
      1965:     58950.000000           1          181.7442   
      1966:     58980.000000           1          181.7405   
      1967:     59010.000000           1          181.7389   
      1968:     59040.000000           1          181.7335   
      1969:     59070.000000           1          181.7289   
      1970:     59100.000000           1          181.7291   
      1971:     59130.000000           1          181.7250   
      1972:     59160.000000           1          181.7181   
      1973:     59190.000000           1          181.7158   
      1974:     59220.000000           1          181.7163   
      1975:     59250.000000           1          181.7155   
      1976:     59280.000000           1          181.7150   
      1977:     59310.000000           1          181.7155   
      1978:     59340.000000           1          181.7169   
      1979:     59370.000000           1          181.7165   
      1980:     59400.000000           1          181.7160   
      1981:     59430.000000           1          181.7171   
      1982:     59460.000000           1          181.7164   
      1983:     59490.000000           1          181.7171   
      1984:     59520.000000           1          181.7130   
      1985:     59550.000000           1          181.7113   
      1986:     59580.000000           1          181.7056   
      1987:     59610.000000           1          181.7041   
      1988:     59640.000000           1          181.7059   
      1989:     59670.000000           1          181.7048   
      1990:     59700.000000           1          181.7038   
      1991:     59730.000000           1          181.7031   
      1992:     59760.000000           1          181.6998   
      1993:     59790.000000           1          181.6991   
      1994:     59820.000000           1          -87.3504   
      1995:     59850.000000           1          181.6982   
      1996:     59880.000000           1          181.6948   
      1997:     59910.000000           1          181.6898   
      1998:     59940.000000           1          -87.3561   
      1999:     59970.000000           1          -87.3573   
      2000:     60000.000000           1          -87.3585   
      2001:     60030.000000           1          -87.3603   
      2002:     60060.000000           1          -87.3593   
      2003:     60090.000000           1          -87.3566   
      2004:     60120.000000           1          -87.3577   
      2005:     60150.000000           1          -87.3531   
      2006:     60180.000000           1          -87.3525   
      2007:     60210.000000           1          -87.3525   
      2008:     60240.000000           1          -87.3503   
      2009:     60270.000000           1          -87.3500   
      2010:     60300.000000           1          -87.3501   
      2011:     60330.000000           1          -87.3490   
      2012:     60360.000000           1          -87.3431   
      2013:     60390.000000           1          -87.3434   
      2014:     60420.000000           1          -87.3439   
      2015:     60450.000000           1          -87.3472   
      2016:     60480.000000           1            5.5714   
      2017:     60510.000000           1            5.5664   
      2018:     60540.000000           1            5.5649   
      2019:     60570.000000           1            5.5625   
      2020:     60600.000000           1            5.5618   
      2021:     60630.000000           1            5.5600   
      2022:     60660.000000           1          -87.3613   
      2023:     60690.000000           1          -87.3599   
      2024:     60720.000000           1            5.5596   
      2025:     60750.000000           1          -87.3561   
      2026:     60780.000000           1            5.5577   
      2027:     60810.000000           1          -87.3606   
      2028:     60840.000000           1          -87.3625   
      2029:     60870.000000           1            5.5525   
      2030:     60900.000000           1            5.5525   
      2031:     60930.000000           1            5.5529   
      2032:     60960.000000           1            5.5558   
      2033:     60990.000000           1            5.5588   
      2034:     61020.000000           1            5.5599   
      2035:     61050.000000           1          -87.3503   
      2036:     61080.000000           1          -87.3522   
      2037:     61110.000000           1          -87.3518   
      2038:     61140.000000           1            5.5556   
      2039:     61170.000000           1          -87.3567   
      2040:     61200.000000           1          -87.3617   
      2041:     61230.000000           1          -87.3642   
      2042:     61260.000000           1          -87.3640   
      2043:     61290.000000           1          181.6968   
      2044:     61320.000000           1          181.6955   
      2045:     61350.000000           1          181.6947   
      2046:     61380.000000           1          -87.3704   
      2047:     61410.000000           1          181.6998   
      2048:     61440.000000           1          181.7045   
      2049:     61470.000000           1          -87.3594   
      2050:     61500.000000           1          181.7091   
      2051:     61530.000000           1          181.7117   
      2052:     61560.000000           1          -87.3625   
      2053:     61590.000000           1          181.7101   
      2054:     61620.000000           1          -87.3658   
      2055:     61650.000000           1          181.7071   
      2056:     61680.000000           1          181.7083   
      2057:     61710.000000           1          181.7117   
      2058:     61740.000000           1          181.7139   
      2059:     61770.000000           1          181.7140   
      2060:     61800.000000           1          181.7172   
      2061:     61830.000000           1          181.7185   
      2062:     61860.000000           1          -87.3556   
      2063:     61890.000000           1          -87.3535   
      2064:     61920.000000           1          -87.3519   
      2065:     61950.000000           1          -87.3506   
      2066:     61980.000000           1          -87.3487   
      2067:     62010.000000           1          181.7287   
      2068:     62040.000000           1          181.7325   
      2069:     62070.000000           1          -87.3409   
      2070:     62100.000000           1            5.5652   
      2071:     62130.000000           1         -370.5644   
      2072:     62160.000000           1            5.5696   
      2073:     62190.000000           1            5.5721   
      2074:     62220.000000           1            5.5743   
      2075:     62250.000000           1          -87.3324   
      2076:     62280.000000           1            5.5684   
      2077:     62310.000000           1            5.5667   
      2078:     62340.000000           1          -87.3351   
      2079:     62370.000000           1         -370.5616   
      2080:     62400.000000           1            5.5666   
      2081:     62430.000000           1            5.5629   
      2082:     62460.000000           1            5.5627   
      2083:     62490.000000           1            5.5630   
      2084:     62520.000000           1            5.5626   
      2085:     62550.000000           1            5.5577   
      2086:     62580.000000           1            5.5555   
      2087:     62610.000000           1            5.5545   
      2088:     62640.000000           1            5.5548   
      2089:     62670.000000           1            5.5536   
      2090:     62700.000000           1            5.5571   
      2091:     62730.000000           1          -87.3449   
      2092:     62760.000000           1            5.5568   
      2093:     62790.000000           1         -370.5646   
      2094:     62820.000000           1            5.5568   
      2095:     62850.000000           1         -370.5664   
      2096:     62880.000000           1         -370.5683   
      2097:     62910.000000           1         -370.5676   
      2098:     62940.000000           1         -370.5694   
      2099:     62970.000000           1         -370.5663   
      2100:     63000.000000           1         -370.5652   
      2101:     63030.000000           1         -370.5634   
      2102:     63060.000000           1           91.4607   
      2103:     63090.000000           1         -370.5617   
      2104:     63120.000000           1         -370.5567   
      2105:     63150.000000           1         -370.5575   
      2106:     63180.000000           1         -370.5557   
      2107:     63210.000000           1         -370.5543   
      2108:     63240.000000           1         -370.5525   
      2109:     63270.000000           1         -370.5510   
      2110:     63300.000000           1         -370.5502   
      2111:     63330.000000           1         -370.5474   
      2112:     63360.000000           1         -370.5437   
      2113:     63390.000000           1         -370.5432   
      2114:     63420.000000           1            5.5818   
      2115:     63450.000000           1            5.5830   
      2116:     63480.000000           1            5.5852   
      2117:     63510.000000           1            5.5886   
      2118:     63540.000000           1            5.5915   
      2119:     63570.000000           1          -87.3055   
      2120:     63600.000000           1          -87.3042   
      2121:     63630.000000           1            5.5969   
      2122:     63660.000000           1            5.6012   
      2123:     63690.000000           1            5.6056   
      2124:     63720.000000           1            5.6030   
      2125:     63750.000000           1            5.6039   
      2126:     63780.000000           1            5.6045   
      2127:     63810.000000           1            5.6038   
      2128:     63840.000000           1            5.6028   
      2129:     63870.000000           1            5.6007   
      2130:     63900.000000           1            5.6002   
      2131:     63930.000000           1            5.5974   
      2132:     63960.000000           1            5.5974   
      2133:     63990.000000           1            5.5965   
      2134:     64020.000000           1            5.5949   
      2135:     64050.000000           1            5.5970   
      2136:     64080.000000           1            5.5972   
      2137:     64110.000000           1            5.5983   
      2138:     64140.000000           1            5.5994   
      2139:     64170.000000           1            5.5994   
      2140:     64200.000000           1            5.6024   
      2141:     64230.000000           1            5.6041   
      2142:     64260.000000           1            5.6077   
      2143:     64290.000000           1         -370.5222   
      2144:     64320.000000           1            5.6105   
      2145:     64350.000000           1            5.6096   
      2146:     64380.000000           1          -87.2966   
      2147:     64410.000000           1            5.6072   
      2148:     64440.000000           1          -87.2988   
      2149:     64470.000000           1          -87.2982   
      2150:     64500.000000           1          -87.2963   
