         0:         0.000000           1          -97.0746   
         1:        30.000000           1          -96.1106   
         2:        60.000000           1          -99.1869   
         3:        90.000000           1          -96.9762   
         4:       120.000000           1          -96.3433   
         5:       150.000000           1          -92.4787   
         6:       180.000000           1          -90.5527   
         7:       210.000000           1          -86.9020   
         8:       240.000000           1          -86.4551   
         9:       270.000000           1          -86.8426   
        10:       300.000000           1          -86.7256   
        11:       330.000000           1          -86.6924   
        12:       360.000000           1          -86.7872   
        13:       390.000000           1          -87.6542   
        14:       420.000000           1          -87.2240   
        15:       450.000000           1          -86.4667   
        16:       480.000000           1          -86.4759   
        17:       510.000000           1          -86.7292   
        18:       540.000000           1          -86.2735   
        19:       570.000000           1          -87.2151   
        20:       600.000000           1          -87.3680   
        21:       630.000000           1          -87.3536   
        22:       660.000000           1          -87.0505   
        23:       690.000000           1          -87.3564   
        24:       720.000000           1          -87.1133   
        25:       750.000000           1          -87.2815   
        26:       780.000000           1          -87.0140   
        27:       810.000000           1          -87.2141   
        28:       840.000000           1          -87.3400   
        29:       870.000000           1          -87.4496   
        30:       900.000000           1          -87.3356   
        31:       930.000000           1          -87.3143   
        32:       960.000000           1          -87.3427   
        33:       990.000000           1          -87.3302   
        34:      1020.000000           1          -87.4930   
        35:      1050.000000           1          -87.6044   
        36:      1080.000000           1          -87.8437   
        37:      1110.000000           1           52.6658   
        38:      1140.000000           1          -87.6983   
        39:      1170.000000           1          -87.7270   
        40:      1200.000000           1          -87.6999   
        41:      1230.000000           1          -87.4012   
        42:      1260.000000           1          -87.2607   
        43:      1290.000000           1          -87.2924   
        44:      1320.000000           1          -87.2929   
        45:      1350.000000           1          348.3788   
        46:      1380.000000           1          -87.3046   
        47:      1410.000000           1          -87.3853   
        48:      1440.000000           1          348.1428   
        49:      1470.000000           1          -87.2978   
        50:      1500.000000           1          -87.4908   
        51:      1530.000000           1          -87.4896   
        52:      1560.000000           1          -87.4354   
        53:      1590.000000           1          -87.2930   
        54:      1620.000000           1          -87.1946   
        55:      1650.000000           1          -87.2295   
        56:      1680.000000           1          -87.3661   
        57:      1710.000000           1          -87.3234   
        58:      1740.000000           1          -87.4549   
        59:      1770.000000           1          -87.3482   
        60:      1800.000000           1          -87.4180   
        61:      1830.000000           1          -87.5035   
        62:      1860.000000           1          -87.5033   
        63:      1890.000000           1          -87.5777   
        64:      1920.000000           1          -87.6860   
        65:      1950.000000           1          -87.6669   
        66:      1980.000000           1          -87.7593   
        67:      2010.000000           1          -87.8384   
        68:      2040.000000           1          -87.8736   
        69:      2070.000000           1          -87.9943   
        70:      2100.000000           1          -87.9859   
        71:      2130.000000           1          -88.0480   
        72:      2160.000000           1          -88.1053   
        73:      2190.000000           1          -88.1761   
        74:      2220.000000           1          -88.3228   
        75:      2250.000000           1          -88.3227   
        76:      2280.000000           1          -88.3880   
        77:      2310.000000           1          -88.3702   
        78:      2340.000000           1          -88.4705   
        79:      2370.000000           1          -88.5333   
        80:      2400.000000           1          347.7483   
        81:      2430.000000           1          347.7792   
        82:      2460.000000           1          347.7992   
        83:      2490.000000           1          347.7723   
        84:      2520.000000           1          347.8155   
        85:      2550.000000           1          347.9718   
        86:      2580.000000           1          348.0418   
        87:      2610.000000           1          348.1371   
        88:      2640.000000           1          348.0900   
        89:      2670.000000           1          348.1745   
        90:      2700.000000           1          348.1472   
        91:      2730.000000           1          348.1748   
        92:      2760.000000           1          348.1819   
        93:      2790.000000           1          348.1979   
        94:      2820.000000           1          348.1197   
        95:      2850.000000           1          348.1898   
        96:      2880.000000           1          348.1735   
        97:      2910.000000           1          348.1705   
        98:      2940.000000           1          348.1681   
        99:      2970.000000           1          348.1659   
       100:      3000.000000           1          348.0558   
       101:      3030.000000           1          348.0187   
       102:      3060.000000           1          348.0335   
       103:      3090.000000           1          348.0088   
       104:      3120.000000           1          348.0276   
       105:      3150.000000           1          348.0763   
       106:      3180.000000           1          348.0575   
      1407:     42210.000000           1          -76.8861   
      1408:     42240.000000           1          -76.8870   
      1409:     42270.000000           1          -76.8926   
      1410:     42300.000000           1          -76.8947   
      1411:     42330.000000           1          -76.8926   
      1413:     42390.000000           1          -76.9032   
      1415:     42450.000000           1          -76.9077   
      1416:     42480.000000           1          -76.9099   
      1417:     42510.000000           1          -76.9130   
      1418:     42540.000000           1          -76.9111   
      1419:     42570.000000           1          -76.9097   
      1420:     42600.000000           1          -76.9091   
      1421:     42630.000000           1          -76.9050   
      1422:     42660.000000           1          -76.8994   
      1423:     42690.000000           1          -76.8971   
      1424:     42720.000000           1          -76.8988   
      1425:     42750.000000           1          -76.8927   
      1426:     42780.000000           1          -76.8823   
      1427:     42810.000000           1          -76.8782   
      1428:     42840.000000           1          -76.8768   
      1429:     42870.000000           1          -76.8767   
      1430:     42900.000000           1          -76.8767   
      1431:     42930.000000           1          -76.8729   
      1432:     42960.000000           1          -76.8736   
      1433:     42990.000000           1          -76.8751   
      1434:     43020.000000           1          -76.8722   
      1435:     43050.000000           1          -76.8738   
      1436:     43080.000000           1          -76.8733   
      1437:     43110.000000           1          -76.8701   
      1438:     43140.000000           1           42.6354   
      1439:     43170.000000           1           42.7605   
      1440:     43200.000000           1           42.8065   
      1441:     43230.000000           1           42.8515   
      1442:     43260.000000           1           42.8515   
      1443:     43290.000000           1           42.8373   
      1444:     43320.000000           1           42.8257   
      1445:     43350.000000           1          -76.9115   
      1446:     43380.000000           1          -76.9025   
      1447:     43410.000000           1          -76.8854   
      1448:     43440.000000           1          -76.8859   
      1449:     43470.000000           1          -76.8802   
      1450:     43500.000000           1          -76.8817   
      1451:     43530.000000           1          -76.8678   
      1452:     43560.000000           1          -76.8518   
      1453:     43590.000000           1          -76.8423   
      1454:     43620.000000           1          -76.8407   
      1455:     43650.000000           1          -76.8365   
      1456:     43680.000000           1          -76.8392   
      1457:     43710.000000           1          -76.8399   
      1458:     43740.000000           1         -249.1887   
      1459:     43770.000000           1          -76.6348   
      1460:     43800.000000           1          -76.7235   
      1461:     43830.000000           1          -76.6169   
      1462:     43860.000000           1          -76.6286   
      1463:     43890.000000           1          -76.6262   
      1464:     43920.000000           1          -76.6155   
      1465:     43950.000000           1          -76.6115   
      1466:     43980.000000           1          -76.6013   
      1467:     44010.000000           1          -76.5842   
      1468:     44040.000000           1          -76.5875   
      1469:     44070.000000           1          -76.5925   
      1470:     44100.000000           1          -76.5898   
      1471:     44130.000000           1          -76.5811   
      1472:     44160.000000           1           42.7917   
      1473:     44190.000000           1           42.7878   
      1474:     44220.000000           1           42.7804   
      1475:     44250.000000           1           42.7770   
      1476:     44280.000000           1           42.7766   
      1477:     44310.000000           1           42.7801   
      1478:     44340.000000           1           42.7846   
      1479:     44370.000000           1           42.7880   
      1480:     44400.000000           1           42.7899   
      1481:     44430.000000           1           42.7861   
      1482:     44460.000000           1           42.7801   
      1483:     44490.000000           1           42.7799   
      1484:     44520.000000           1           42.7679   
      1485:     44550.000000           1           42.7659   
      1486:     44580.000000           1           42.7591   
      1487:     44610.000000           1           42.7596   
      1488:     44640.000000           1           42.7612   
      1489:     44670.000000           1           42.7637   
      1490:     44700.000000           1           42.7652   
      1491:     44730.000000           1           42.7602   
      1492:     44760.000000           1           42.7582   
      1493:     44790.000000           1           42.7649   
      1494:     44820.000000           1           42.7722   
      1495:     44850.000000           1           42.7787   
      1496:     44880.000000           1           42.7785   
      1497:     44910.000000           1           42.7826   
      1498:     44940.000000           1           42.7895   
      1499:     44970.000000           1           42.7842   
      1500:     45000.000000           1           42.7906   
      1501:     45030.000000           1           42.7793   
      1502:     45060.000000           1           42.7681   
      1503:     45090.000000           1           42.7552   
      1504:     45120.000000           1           42.7433   
      1505:     45150.000000           1           42.7319   
      1506:     45180.000000           1           42.7217   
      1507:     45210.000000           1           42.7177   
      1508:     45240.000000           1           42.7044   
      1509:     45270.000000           1           42.7064   
      1510:     45300.000000           1           42.6956   
      1511:     45330.000000           1           42.6896   
      1512:     45360.000000           1         -328.8121   
      1513:     45390.000000           1           42.6354   
      1514:     45420.000000           1           42.7107   
      1515:     45450.000000           1           42.6920   
      1516:     45480.000000           1           42.6881   
      1517:     45510.000000           1           42.6825   
      1518:     45540.000000           1           42.6869   
      1519:     45570.000000           1           42.6727   
      1520:     45600.000000           1           42.6712   
      1521:     45630.000000           1           42.6785   
      1522:     45660.000000           1           42.6887   
      1523:     45690.000000           1           42.6989   
      1524:     45720.000000           1           42.7002   
      1525:     45750.000000           1           42.7150   
      1526:     45780.000000           1           42.7176   
      1527:     45810.000000           1         -328.8491   
      1528:     45840.000000           1           42.7419   
      1529:     45870.000000           1         -328.8632   
      1530:     45900.000000           1           42.7508   
      1531:     45930.000000           1           42.7638   
      1532:     45960.000000           1           42.7789   
      1533:     45990.000000           1           42.7789   
      1534:     46020.000000           1           42.7793   
      1535:     46050.000000           1           42.7765   
      1536:     46080.000000           1           42.7723   
      1537:     46110.000000           1         -328.8653   
      1538:     46140.000000           1           42.7761   
      1539:     46170.000000           1           42.7768   
      1540:     46200.000000           1           42.7784   
      1541:     46230.000000           1           42.7816   
      1542:     46260.000000           1           42.7870   
      1543:     46290.000000           1           42.7838   
      1544:     46320.000000           1           42.7854   
      1545:     46350.000000           1         -328.8591   
      1546:     46380.000000           1           42.7764   
      1547:     46410.000000           1           42.7698   
      1548:     46440.000000           1           42.7598   
      1549:     46470.000000           1           42.7541   
      1550:     46500.000000           1           42.7499   
      1551:     46530.000000           1           42.7441   
      1552:     46560.000000           1           42.7326   
      1553:     46590.000000           1           42.7268   
      1554:     46620.000000           1           42.7187   
      1555:     46650.000000           1           42.7129   
      1556:     46680.000000           1           42.7027   
      1557:     46710.000000           1           42.7013   
      1558:     46740.000000           1           42.6978   
      1559:     46770.000000           1           42.6957   
      1560:     46800.000000           1         -328.9409   
      1561:     46830.000000           1           42.6748   
      1562:     46860.000000           1           42.6751   
      1563:     46890.000000           1           42.6652   
      1564:     46920.000000           1           42.6588   
      1565:     46950.000000           1           42.6506   
      1566:     46980.000000           1           42.6438   
      1567:     47010.000000           1           42.6413   
      1568:     47040.000000           1           42.6354   
      1569:     47070.000000           1           42.6350   
      1570:     47100.000000           1           42.6316   
      1571:     47130.000000           1           42.6290   
      1572:     47160.000000           1           42.6297   
      1573:     47190.000000           1           42.6271   
      1574:     47220.000000           1         -328.9830   
      1575:     47250.000000           1           42.6298   
      1576:     47280.000000           1           42.6221   
      1577:     47310.000000           1           42.6232   
      1578:     47340.000000           1           42.6224   
      1579:     47370.000000           1           42.6194   
      1580:     47400.000000           1           42.6176   
      1581:     47430.000000           1         -329.0067   
      1582:     47460.000000           1         -329.0145   
      1583:     47490.000000           1         -329.0222   
      1584:     47520.000000           1         -329.0277   
      1585:     47550.000000           1         -329.0386   
      1586:     47580.000000           1         -329.0450   
      1587:     47610.000000           1         -329.0486   
      1588:     47640.000000           1         -329.0559   
      1589:     47670.000000           1         -329.0612   
      1590:     47700.000000           1         -329.0617   
      1591:     47730.000000           1         -329.0677   
      1592:     47760.000000           1         -329.0712   
      1593:     47790.000000           1         -329.0716   
      1594:     47820.000000           1         -329.0689   
      1595:     47850.000000           1         -329.0674   
      1596:     47880.000000           1         -329.0675   
      1597:     47910.000000           1         -329.0691   
      1598:     47940.000000           1         -329.0649   
      1599:     47970.000000           1         -329.0653   
      1600:     48000.000000           1         -329.0626   
      1601:     48030.000000           1         -329.0596   
      1602:     48060.000000           1           42.5603   
      1603:     48090.000000           1         -329.0533   
      1604:     48120.000000           1         -329.0541   
      1605:     48150.000000           1         -329.0529   
      1606:     48180.000000           1         -329.0586   
      1607:     48210.000000           1         -329.0664   
      1608:     48240.000000           1           42.5440   
      1609:     48270.000000           1           42.5438   
      1610:     48300.000000           1           42.5439   
      1611:     48330.000000           1           42.5416   
      1612:     48360.000000           1         -329.0779   
      1613:     48390.000000           1         -329.0791   
      1614:     48420.000000           1         -329.0754   
      1615:     48450.000000           1         -329.0798   
      1616:     48480.000000           1         -329.0861   
      1617:     48510.000000           1         -329.0891   
      1618:     48540.000000           1         -329.0907   
      1619:     48570.000000           1         -329.0913   
      1620:     48600.000000           1         -329.0951   
      1621:     48630.000000           1         -329.0934   
      1622:     48660.000000           1         -329.0920   
      1623:     48690.000000           1         -329.0953   
      1624:     48720.000000           1         -329.0967   
      1625:     48750.000000           1         -329.0985   
      1626:     48780.000000           1         -329.1038   
      1627:     48810.000000           1         -329.1062   
      1628:     48840.000000           1         -329.1067   
      1629:     48870.000000           1         -329.1038   
      1630:     48900.000000           1         -329.1015   
      1631:     48930.000000           1         -329.1000   
      1632:     48960.000000           1         -329.0964   
      1633:     48990.000000           1         -329.0935   
      1634:     49020.000000           1         -329.0966   
      1635:     49050.000000           1         -329.1035   
      1636:     49080.000000           1         -329.1059   
      1637:     49110.000000           1         -329.1085   
      1638:     49140.000000           1         -329.1077   
      1639:     49170.000000           1         -329.1086   
      1640:     49200.000000           1           42.5072   
      1641:     49230.000000           1           42.5050   
      1642:     49260.000000           1           42.5085   
      1643:     49290.000000           1           42.5076   
      1644:     49320.000000           1           42.5087   
      1645:     49350.000000           1           42.5070   
      1646:     49380.000000           1           42.5045   
      1647:     49410.000000           1           42.5006   
      1648:     49440.000000           1           42.4951   
      1649:     49470.000000           1           42.4906   
      1650:     49500.000000           1           42.4909   
      1651:     49530.000000           1           42.4916   
      1652:     49560.000000           1           42.4891   
      1653:     49590.000000           1           42.4851   
      1654:     49620.000000           1           42.4810   
      1655:     49650.000000           1           42.4785   
      1656:     49680.000000           1           42.4754   
      1657:     49710.000000           1           42.4750   
      1658:     49740.000000           1           42.4727   
      1659:     49770.000000           1           42.4721   
      1660:     49800.000000           1           42.4743   
      1661:     49830.000000           1           42.4730   
      1662:     49860.000000           1           42.4734   
      1663:     49890.000000           1           42.4737   
      1664:     49920.000000           1           42.4711   
      1665:     49950.000000           1           42.4645   
      1666:     49980.000000           1           42.4602   
      1667:     50010.000000           1           42.4569   
      1668:     50040.000000           1           42.4558   
      1669:     50070.000000           1           42.4573   
      1670:     50100.000000           1           42.4595   
      1671:     50130.000000           1           42.4653   
      1672:     50160.000000           1           42.4702   
      1673:     50190.000000           1           42.4747   
      1674:     50220.000000           1           42.4730   
      1675:     50250.000000           1           42.4755   
      1676:     50280.000000           1           42.4723   
      1677:     50310.000000           1           42.4775   
      1678:     50340.000000           1           42.4742   
      1679:     50370.000000           1           42.4737   
      1680:     50400.000000           1           42.4789   
      1681:     50430.000000           1           42.4798   
      1682:     50460.000000           1           42.4814   
      1683:     50490.000000           1           42.4833   
      1684:     50520.000000           1           42.4819   
      1685:     50550.000000           1           42.4784   
      1686:     50580.000000           1           42.4833   
      1687:     50610.000000           1           42.4818   
      1688:     50640.000000           1           42.4766   
      1689:     50670.000000           1           42.4748   
      1690:     50700.000000           1           42.4790   
      1691:     50730.000000           1           42.4835   
      1692:     50760.000000           1           42.4824   
      1693:     50790.000000           1           42.4810   
      1694:     50820.000000           1           42.4819   
      1695:     50850.000000           1           42.4821   
      1696:     50880.000000           1           42.4823   
      1697:     50910.000000           1         -329.1097   
      1698:     50940.000000           1           42.4828   
      1699:     50970.000000           1           42.4847   
      1700:     51000.000000           1           42.4851   
      1701:     51030.000000           1           42.4847   
      1702:     51060.000000           1           42.4838   
      1703:     51090.000000           1           42.4795   
      1704:     51120.000000           1           42.4797   
      1705:     51150.000000           1           42.4794   
      1706:     51180.000000           1           42.4846   
      1707:     51210.000000           1           42.4872   
      1708:     51240.000000           1           42.4858   
      1709:     51270.000000           1           42.4890   
      1710:     51300.000000           1           42.4907   
      1711:     51330.000000           1           42.4897   
      1712:     51360.000000           1           42.4883   
      1713:     51390.000000           1           42.4886   
      1714:     51420.000000           1           42.4893   
      1715:     51450.000000           1           42.4881   
      1716:     51480.000000           1           42.4863   
      1717:     51510.000000           1           42.4848   
      1718:     51540.000000           1           42.4884   
      1719:     51570.000000           1           42.4907   
      1720:     51600.000000           1           42.4922   
      1721:     51630.000000           1           42.4945   
      1722:     51660.000000           1           42.4948   
      1723:     51690.000000           1           42.4992   
      1724:     51720.000000           1           42.5018   
      1725:     51750.000000           1           42.4994   
      1726:     51780.000000           1           42.4955   
      1727:     51810.000000           1           42.4921   
      1728:     51840.000000           1           42.4897   
      1729:     51870.000000           1           42.4936   
      1730:     51900.000000           1           42.4945   
      1731:     51930.000000           1           42.4961   
      1732:     51960.000000           1           42.4947   
      1733:     51990.000000           1           42.4964   
      1734:     52020.000000           1           42.4950   
      1735:     52050.000000           1           42.4925   
      1736:     52080.000000           1           42.4923   
      1737:     52110.000000           1           42.4938   
      1738:     52140.000000           1           42.4931   
      1739:     52170.000000           1           42.4936   
      1740:     52200.000000           1           42.4925   
      1741:     52230.000000           1           42.4915   
      1742:     52260.000000           1           42.4883   
      1743:     52290.000000           1           42.4877   
      1744:     52320.000000           1           42.4891   
      1745:     52350.000000           1           42.4869   
      1746:     52380.000000           1           42.4835   
      1747:     52410.000000           1           42.4863   
      1748:     52440.000000           1           42.4880   
      1749:     52470.000000           1           42.4870   
      1750:     52500.000000           1           42.4917   
      1751:     52530.000000           1           42.4964   
      1752:     52560.000000           1           42.4969   
      1753:     52590.000000           1           42.4989   
      1754:     52620.000000           1           42.4998   
      1755:     52650.000000           1           42.5021   
      1756:     52680.000000           1           42.5039   
      1757:     52710.000000           1           42.5022   
      1758:     52740.000000           1           42.4979   
      1759:     52770.000000           1           42.4957   
      1760:     52800.000000           1           42.4949   
      1761:     52830.000000           1           42.4963   
      1762:     52860.000000           1           42.5011   
      1763:     52890.000000           1           42.5015   
      1764:     52920.000000           1           42.4972   
      1765:     52950.000000           1           42.4994   
      1766:     52980.000000           1           42.4999   
      1767:     53010.000000           1           42.4982   
      1768:     53040.000000           1           42.4915   
      1769:     53070.000000           1           42.4849   
      1770:     53100.000000           1           42.4829   
      1771:     53130.000000           1           42.4831   
      1772:     53160.000000           1           42.4835   
      1773:     53190.000000           1           42.4842   
      1774:     53220.000000           1         -329.1424   
      1775:     53250.000000           1           42.5350   
      1776:     53280.000000           1           42.5987   
      1777:     53310.000000           1           42.5445   
      1778:     53340.000000           1         -249.5668   
      1779:     53370.000000           1         -329.1503   
      1780:     53400.000000           1         -329.1522   
      1781:     53430.000000           1         -329.1530   
      1782:     53460.000000           1         -329.1525   
      1783:     53490.000000           1         -329.1533   
      1784:     53520.000000           1         -329.1554   
      1785:     53550.000000           1         -329.1588   
      1786:     53580.000000           1         -329.1630   
      1787:     53610.000000           1         -329.1628   
      1788:     53640.000000           1         -329.1618   
      1789:     53670.000000           1         -329.1612   
      1790:     53700.000000           1         -329.1585   
      1791:     53730.000000           1         -329.1577   
      1792:     53760.000000           1         -329.1564   
      1793:     53790.000000           1         -329.1514   
      1794:     53820.000000           1         -329.1486   
      1795:     53850.000000           1         -329.1530   
      1796:     53880.000000           1         -329.1522   
      1797:     53910.000000           1         -329.1561   
      1798:     53940.000000           1         -329.1597   
      1799:     53970.000000           1         -329.1628   
      1800:     54000.000000           1         -329.1649   
      1801:     54030.000000           1           42.5214   
      1802:     54060.000000           1         -329.1765   
      1803:     54090.000000           1           42.4976   
      1804:     54120.000000           1           42.4925   
      1805:     54150.000000           1           42.4939   
      1806:     54180.000000           1         -329.1707   
      1807:     54210.000000           1           42.4856   
      1808:     54240.000000           1           42.4768   
      1809:     54270.000000           1           42.4688   
      1810:     54300.000000           1         -329.1698   
      1811:     54330.000000           1         -329.1705   
      1812:     54360.000000           1         -329.1702   
      1813:     54390.000000           1         -329.1706   
      1814:     54420.000000           1         -329.1794   
      1815:     54450.000000           1         -329.1873   
      1816:     54480.000000           1         -329.1912   
      1817:     54510.000000           1         -329.1961   
      1818:     54540.000000           1         -329.1993   
      1819:     54570.000000           1         -329.1997   
      1820:     54600.000000           1         -329.1997   
      1821:     54630.000000           1         -329.1978   
      1822:     54660.000000           1         -329.1948   
      1823:     54690.000000           1          -13.8243   
      1824:     54720.000000           1          -13.8240   
      1825:     54750.000000           1          -13.8231   
      1826:     54780.000000           1          -13.8269   
      1827:     54810.000000           1          -13.8297   
      1828:     54840.000000           1          -13.8309   
      1829:     54870.000000           1          -13.8372   
      1830:     54900.000000           1         -329.2114   
      1831:     54930.000000           1         -329.2109   
      1832:     54960.000000           1         -329.2123   
      1833:     54990.000000           1         -329.2136   
      1834:     55020.000000           1         -329.2093   
      1835:     55050.000000           1         -329.2114   
      1836:     55080.000000           1         -329.2106   
      1837:     55110.000000           1         -329.2088   
      1838:     55140.000000           1         -329.2099   
      1839:     55170.000000           1         -329.2119   
      1840:     55200.000000           1         -329.2165   
      1841:     55230.000000           1         -329.2217   
      1842:     55260.000000           1         -329.2264   
      1843:     55290.000000           1         -329.2273   
      1844:     55320.000000           1         -329.2301   
      1845:     55350.000000           1         -329.2336   
      1846:     55380.000000           1         -329.2387   
      1847:     55410.000000           1         -329.2443   
      1848:     55440.000000           1         -329.2504   
      1849:     55470.000000           1         -329.2511   
      1850:     55500.000000           1         -329.2481   
      1851:     55530.000000           1         -329.2509   
      1852:     55560.000000           1         -329.2541   
      1853:     55590.000000           1         -329.2581   
      1854:     55620.000000           1         -329.2642   
      1855:     55650.000000           1         -329.2662   
      1856:     55680.000000           1         -329.2724   
      1857:     55710.000000           1         -329.2766   
      1858:     55740.000000           1         -329.2765   
      1859:     55770.000000           1          -13.8775   
      1860:     55800.000000           1         -329.2774   
      1861:     55830.000000           1         -329.2795   
      1862:     55860.000000           1         -329.2815   
      1863:     55890.000000           1         -329.2801   
      1864:     55920.000000           1         -329.2802   
      1865:     55950.000000           1         -329.2820   
      1866:     55980.000000           1         -329.2848   
      2287:     68610.000000           1          -18.4136   
      2288:     68640.000000           1          -18.4087   
      2289:     68670.000000           1          -18.4090   
      2290:     68700.000000           1          -18.4115   
      2291:     68730.000000           1          -18.4154   
      2292:     68760.000000           1          -18.4159   
      2293:     68790.000000           1          -18.4153   
      2294:     68820.000000           1          -18.4142   
      2295:     68850.000000           1          -18.4116   
      2296:     68880.000000           1          -18.4105   
      2297:     68910.000000           1          -18.4082   
      2298:     68940.000000           1          -18.4082   
      2299:     68970.000000           1          -18.4071   
      2300:     69000.000000           1          -18.4050   
      2301:     69030.000000           1          -18.4006   
      2302:     69060.000000           1          -18.3965   
      2303:     69090.000000           1          -18.3919   
      2304:     69120.000000           1          -18.3913   
      2305:     69150.000000           1          -18.3946   
      2306:     69180.000000           1          -18.3990   
      2307:     69210.000000           1          -18.4014   
      2308:     69240.000000           1          -18.4014   
      2309:     69270.000000           1          -18.4017   
      2310:     69300.000000           1          -18.4020   
      2311:     69330.000000           1          -18.4012   
      2312:     69360.000000           1          -18.4010   
      2313:     69390.000000           1          -18.4010   
      2314:     69420.000000           1          -18.4026   
      2315:     69450.000000           1          -18.4055   
      2316:     69480.000000           1          -18.4068   
      2317:     69510.000000           1          -18.4052   
      2318:     69540.000000           1          -18.4047   
      2319:     69570.000000           1          -18.4060   
      2320:     69600.000000           1          -18.4059   
      2321:     69630.000000           1           15.8396   
      2322:     69660.000000           1           15.9250   
      2323:     69690.000000           1           15.9038   
      2324:     69720.000000           1           15.8140   
      2325:     69750.000000           1           15.8418   
      2326:     69780.000000           1           15.8594   
      2327:     69810.000000           1           15.8609   
      2328:     69840.000000           1           15.8862   
      2329:     69870.000000           1           15.8689   
      2330:     69900.000000           1           15.8436   
      2331:     69930.000000           1           15.8174   
      2332:     69960.000000           1           15.8083   
      2333:     69990.000000           1           15.7979   
      2334:     70020.000000           1           15.7813   
      2335:     70050.000000           1           15.7835   
      2336:     70080.000000           1           15.7663   
      2337:     70110.000000           1           15.7617   
      2338:     70140.000000           1          -18.4005   
      2339:     70170.000000           1           15.6764   
      2340:     70200.000000           1           15.7397   
      2341:     70230.000000           1           15.7473   
      2342:     70260.000000           1           15.7746   
      2343:     70290.000000           1           15.7510   
      2344:     70320.000000           1           15.7902   
      2345:     70350.000000           1           15.8425   
      2346:     70380.000000           1           15.8349   
      2347:     70410.000000           1           15.8402   
      2348:     70440.000000           1           15.8524   
      2349:     70470.000000           1           15.8367   
      2350:     70500.000000           1           15.8360   
      2351:     70530.000000           1           15.8350   
      2352:     70560.000000           1          -18.4125   
      2353:     70590.000000           1          -18.4121   
      2354:     70620.000000           1          -18.4104   
      2355:     70650.000000           1          -18.4082   
      2356:     70680.000000           1          -18.4049   
      2357:     70710.000000           1          -18.4032   
      2358:     70740.000000           1          -18.4017   
      2359:     70770.000000           1          -18.4012   
      2360:     70800.000000           1          -18.4028   
      2361:     70830.000000           1          -18.4038   
      2362:     70860.000000           1          -18.4086   
      2363:     70890.000000           1          -18.4096   
      2364:     70920.000000           1          -18.4115   
      2365:     70950.000000           1          -18.4117   
      2366:     70980.000000           1          -18.4126   
      2367:     71010.000000           1          -18.4109   
      2368:     71040.000000           1          -18.4140   
      2369:     71070.000000           1          -18.4155   
      2370:     71100.000000           1          -18.4175   
      2371:     71130.000000           1          -18.4176   
      2372:     71160.000000           1          -18.4158   
      2373:     71190.000000           1          -18.4135   
      2374:     71220.000000           1          -18.4115   
      2375:     71250.000000           1          -18.4085   
      2376:     71280.000000           1          -18.4059   
      2377:     71310.000000           1          -18.4060   
      2378:     71340.000000           1          -18.4039   
      2379:     71370.000000           1          -18.4017   
      2380:     71400.000000           1          -18.4037   
      2381:     71430.000000           1          -18.4051   
      2382:     71460.000000           1          -18.4078   
      2383:     71490.000000           1          -18.4090   
      2384:     71520.000000           1          -18.4092   
      2385:     71550.000000           1          -18.4100   
      2386:     71580.000000           1          -18.4123   
      2387:     71610.000000           1          -18.4107   
      2388:     71640.000000           1          -18.4115   
      2389:     71670.000000           1          -18.4086   
      2390:     71700.000000           1          -18.4081   
      2391:     71730.000000           1          -18.4086   
      2392:     71760.000000           1          -18.4067   
      2393:     71790.000000           1          -18.4036   
      2394:     71820.000000           1          -18.4005   
      2395:     71850.000000           1          -18.3974   
      2396:     71880.000000           1          -18.3938   
      2397:     71910.000000           1          -18.3934   
      2398:     71940.000000           1          -18.3942   
      2399:     71970.000000           1          -18.3938   
      2400:     72000.000000           1          -18.3956   
      2401:     72030.000000           1          -18.3954   
      2402:     72060.000000           1          -18.3969   
      2403:     72090.000000           1          -18.3982   
      2404:     72120.000000           1          -18.3994   
      2405:     72150.000000           1          -18.4014   
      2406:     72180.000000           1          -18.4011   
      2407:     72210.000000           1          -18.4025   
      2408:     72240.000000           1          -18.4043   
      2409:     72270.000000           1          -18.4043   
      2410:     72300.000000           1          -18.4053   
      2411:     72330.000000           1          -18.4027   
      2412:     72360.000000           1          -18.4026   
      2413:     72390.000000           1          -18.4021   
      2414:     72420.000000           1          -18.4023   
      2415:     72450.000000           1          -18.4003   
      2416:     72480.000000           1          -18.3993   
      2417:     72510.000000           1          -18.4009   
      2418:     72540.000000           1          -18.4015   
      2419:     72570.000000           1          -18.4067   
      2420:     72600.000000           1          -18.4089   
      2421:     72630.000000           1          -18.4100   
      2422:     72660.000000           1           15.8597   
      2423:     72690.000000           1           15.8610   
      2424:     72720.000000           1           15.8608   
      2425:     72750.000000           1           15.8601   
      2426:     72780.000000           1           15.8576   
      2427:     72810.000000           1           15.8576   
      2428:     72840.000000           1           15.8525   
      2429:     72870.000000           1           15.8487   
      2430:     72900.000000           1           15.8462   
      2431:     72930.000000           1           15.8421   
      2432:     72960.000000           1           15.8416   
      2433:     72990.000000           1           15.8424   
      2434:     73020.000000           1           15.8393   
      2435:     73050.000000           1           15.7959   
      2436:     73080.000000           1           15.8047   
      2437:     73110.000000           1           15.8052   
      2438:     73140.000000           1           15.8100   
      2439:     73170.000000           1           15.8105   
      2440:     73200.000000           1           15.8114   
      2441:     73230.000000           1           15.8141   
      2442:     73260.000000           1           15.8153   
      2443:     73290.000000           1           15.8189   
      2444:     73320.000000           1           15.8182   
      2445:     73350.000000           1           15.8170   
      2446:     73380.000000           1           15.8165   
      2447:     73410.000000           1           15.8152   
      2448:     73440.000000           1           15.8139   
      2449:     73470.000000           1           15.8150   
      2450:     73500.000000           1           15.8179   
      2451:     73530.000000           1           15.8214   
      2452:     73560.000000           1           15.8209   
      2453:     73590.000000           1           15.8185   
      2454:     73620.000000           1           15.8177   
      2455:     73650.000000           1           15.8188   
      2456:     73680.000000           1           15.8200   
      2457:     73710.000000           1           15.8199   
      2458:     73740.000000           1           15.8197   
      2459:     73770.000000           1           15.8160   
      2460:     73800.000000           1           15.8157   
      2461:     73830.000000           1           15.8141   
      2462:     73860.000000           1           15.8108   
      2463:     73890.000000           1           15.8095   
      2464:     73920.000000           1           15.8068   
      2465:     73950.000000           1           15.8021   
      2466:     73980.000000           1           15.7993   
      2467:     74010.000000           1           15.7989   
      2468:     74040.000000           1           15.8020   
      2469:     74070.000000           1           15.8048   
      2470:     74100.000000           1           15.8062   
      2471:     74130.000000           1           15.8059   
      2472:     74160.000000           1           15.8059   
      2473:     74190.000000           1           15.8047   
      2474:     74220.000000           1           15.8050   
      2475:     74250.000000           1           15.8082   
      2476:     74280.000000           1           15.8077   
      2477:     74310.000000           1           15.8099   
      2478:     74340.000000           1           15.8073   
      2479:     74370.000000           1           15.8070   
      2480:     74400.000000           1           15.8010   
      2481:     74430.000000           1           15.7976   
      2482:     74460.000000           1           15.7960   
      2483:     74490.000000           1           15.7966   
      2484:     74520.000000           1           15.7975   
      2485:     74550.000000           1           15.8005   
      2486:     74580.000000           1           15.7982   
      2487:     74610.000000           1           15.7971   
      2488:     74640.000000           1           15.7921   
      2489:     74670.000000           1           15.7906   
      2490:     74700.000000           1           15.7887   
      2491:     74730.000000           1           15.7891   
      2492:     74760.000000           1           15.7878   
      2493:     74790.000000           1           15.7856   
      2494:     74820.000000           1           15.7851   
      2495:     74850.000000           1           15.7860   
      2496:     74880.000000           1           15.7864   
      2497:     74910.000000           1           15.7843   
      2498:     74940.000000           1           15.7818   
      2499:     74970.000000           1           15.7829   
      2500:     75000.000000           1           15.7840   
      2501:     75030.000000           1           15.7828   
      2502:     75060.000000           1           15.7828   
      2503:     75090.000000           1           15.7817   
      2504:     75120.000000           1           15.7782   
      2505:     75150.000000           1           15.7788   
      2506:     75180.000000           1           15.7781   
      2507:     75210.000000           1           15.7777   
      2508:     75240.000000           1           15.7812   
      2509:     75270.000000           1           15.7811   
      2510:     75300.000000           1           15.7755   
      2511:     75330.000000           1           15.7727   
      2512:     75360.000000           1           15.7746   
      2513:     75390.000000           1          -18.5570   
      2514:     75420.000000           1           15.7652   
      2515:     75450.000000           1           15.8373   
      2516:     75480.000000           1           15.8604   
      2517:     75510.000000           1           15.8123   
      2518:     75540.000000           1           15.8111   
      2519:     75570.000000           1           15.8220   
      2520:     75600.000000           1           15.8026   
      2521:     75630.000000           1           15.8000   
      2522:     75660.000000           1           15.8048   
      2523:     75690.000000           1           15.7965   
      2524:     75720.000000           1           15.8012   
      2525:     75750.000000           1           15.8055   
      2526:     75780.000000           1           15.8039   
      2527:     75810.000000           1           15.8054   
      2528:     75840.000000           1           15.8143   
      2529:     75870.000000           1           15.8137   
      2530:     75900.000000           1           15.8218   
      2531:     75930.000000           1           15.8234   
      2532:     75960.000000           1           15.8278   
      2533:     75990.000000           1           15.8375   
      2534:     76020.000000           1           15.8346   
      2535:     76050.000000           1           15.8397   
      2536:     76080.000000           1           15.8373   
      2537:     76110.000000           1           15.8361   
      2538:     76140.000000           1           15.8347   
      2539:     76170.000000           1           15.8364   
      2540:     76200.000000           1           15.8370   
      2541:     76230.000000           1           15.8290   
      2542:     76260.000000           1           15.8277   
      2543:     76290.000000           1           15.8251   
      2544:     76320.000000           1           15.8240   
      2545:     76350.000000           1           15.8213   
      2546:     76380.000000           1           15.8175   
      2547:     76410.000000           1           15.8134   
      2548:     76440.000000           1           15.8099   
      2549:     76470.000000           1           15.8044   
      2550:     76500.000000           1           15.7979   
      2551:     76530.000000           1           15.7968   
      2552:     76560.000000           1           15.7959   
      2553:     76590.000000           1           15.7958   
      2554:     76620.000000           1           15.7948   
      2555:     76650.000000           1           15.7938   
      2556:     76680.000000           1           15.7917   
      2557:     76710.000000           1           15.7937   
      2558:     76740.000000           1           15.7935   
      2559:     76770.000000           1           15.7946   
      2560:     76800.000000           1           15.7922   
      2561:     76830.000000           1           15.7915   
      2562:     76860.000000           1           15.7890   
      2563:     76890.000000           1           15.7915   
      2564:     76920.000000           1           15.7887   
      2565:     76950.000000           1           15.7877   
      2566:     76980.000000           1           15.7857   
      2567:     77010.000000           1           15.7863   
      2568:     77040.000000           1           15.7836   
      2569:     77070.000000           1           15.7772   
      2570:     77100.000000           1           15.7751   
      2571:     77130.000000           1           15.7701   
      2572:     77160.000000           1           15.7676   
      2573:     77190.000000           1           15.7626   
      2574:     77220.000000           1           15.7603   
      2575:     77250.000000           1           15.7576   
      2576:     77280.000000           1           15.7545   
      2577:     77310.000000           1           15.7493   
      2578:     77340.000000           1           15.7416   
      2579:     77370.000000           1           15.7349   
      2580:     77400.000000           1           15.7281   
      2581:     77430.000000           1           15.7238   
      2582:     77460.000000           1           15.7186   
      2583:     77490.000000           1           15.7157   
      2584:     77520.000000           1           15.7128   
      2585:     77550.000000           1           15.7116   
      2586:     77580.000000           1           15.7096   
      2587:     77610.000000           1           15.7082   
      2588:     77640.000000           1           15.7081   
      2589:     77670.000000           1           15.7061   
      2590:     77700.000000           1           15.7072   
      2591:     77730.000000           1           15.7075   
      2592:     77760.000000           1           15.7054   
      2593:     77790.000000           1           15.7023   
      2594:     77820.000000           1           15.7011   
      2595:     77850.000000           1           15.6998   
      2596:     77880.000000           1           15.7006   
      2597:     77910.000000           1           15.6983   
      2598:     77940.000000           1           15.6961   
      2599:     77970.000000           1           15.6930   
      2600:     78000.000000           1           15.6901   
      2601:     78030.000000           1           15.6863   
      2602:     78060.000000           1           15.6836   
      2603:     78090.000000           1           15.6794   
      2604:     78120.000000           1           15.6772   
      2605:     78150.000000           1           15.6712   
      2606:     78180.000000           1           15.6653   
      2607:     78210.000000           1           15.6598   
      2608:     78240.000000           1           15.6567   
      2609:     78270.000000           1           15.6544   
      2610:     78300.000000           1           15.6499   
      2611:     78330.000000           1           15.6460   
      2612:     78360.000000           1           15.6435   
      2613:     78390.000000           1           15.6433   
      2614:     78420.000000           1           15.6431   
      2615:     78450.000000           1           15.6431   
      2616:     78480.000000           1           15.6410   
      2617:     78510.000000           1           15.6400   
      2618:     78540.000000           1           15.6389   
      2619:     78570.000000           1           15.6375   
      2620:     78600.000000           1           15.6331   
      2621:     78630.000000           1           15.6289   
      2622:     78660.000000           1           15.6243   
      2623:     78690.000000           1           15.6208   
      2624:     78720.000000           1           15.6157   
      2625:     78750.000000           1           15.6105   
      2626:     78780.000000           1           15.6062   
      2627:     78810.000000           1           15.6016   
      2628:     78840.000000           1           15.5987   
      2629:     78870.000000           1           15.5947   
      2630:     78900.000000           1           15.5906   
      2631:     78930.000000           1           15.5879   
      2632:     78960.000000           1           15.5859   
      2633:     78990.000000           1           15.5850   
      2634:     79020.000000           1           15.5846   
      2635:     79050.000000           1           15.5827   
      2636:     79080.000000           1           15.5815   
      2637:     79110.000000           1           15.5796   
      2638:     79140.000000           1           15.5785   
      2639:     79170.000000           1           15.5753   
      2640:     79200.000000           1           15.5698   
      2641:     79230.000000           1           15.5667   
      2642:     79260.000000           1           15.5619   
      2643:     79290.000000           1           15.5563   
      2644:     79320.000000           1           15.5526   
      2645:     79350.000000           1           15.5482   
      2646:     79380.000000           1           15.5443   
      2647:     79410.000000           1           15.5409   
      2648:     79440.000000           1           15.5372   
      2649:     79470.000000           1           15.5328   
      2650:     79500.000000           1           15.5303   
      2651:     79530.000000           1           15.5267   
      2652:     79560.000000           1           15.5233   
      2653:     79590.000000           1           15.5203   
      2654:     79620.000000           1           15.5163   
      2655:     79650.000000           1           15.5113   
      2656:     79680.000000           1           15.5072   
      2657:     79710.000000           1           15.5009   
      2658:     79740.000000           1           15.4994   
      2659:     79770.000000           1           15.4963   
      2660:     79800.000000           1           15.4945   
      2661:     79830.000000           1           15.4901   
      2662:     79860.000000           1           15.4872   
      2663:     79890.000000           1           15.4812   
      2664:     79920.000000           1           15.4776   
      2665:     79950.000000           1           15.4749   
      2666:     79980.000000           1           15.4721   
      2667:     80010.000000           1           15.4682   
      2668:     80040.000000           1           15.4658   
      2669:     80070.000000           1           15.4613   
      2670:     80100.000000           1           15.4599   
      2671:     80130.000000           1           15.4577   
      2672:     80160.000000           1           15.4565   
      2673:     80190.000000           1           15.4522   
      2674:     80220.000000           1           15.4506   
      2675:     80250.000000           1           15.4452   
      2676:     80280.000000           1           15.4421   
      2677:     80310.000000           1           15.4377   
      2678:     80340.000000           1           15.4358   
      2679:     80370.000000           1           15.4321   
      2680:     80400.000000           1           15.4284   
      2681:     80430.000000           1           15.4251   
      2682:     80460.000000           1           15.4202   
      2683:     80490.000000           1           15.4187   
      2684:     80520.000000           1           15.4155   
      2685:     80550.000000           1           15.4124   
      2686:     80580.000000           1           15.4090   
      2687:     80610.000000           1           15.4040   
      2688:     80640.000000           1           15.4010   
      2689:     80670.000000           1           15.3986   
      2690:     80700.000000           1           15.3954   
      2691:     80730.000000           1           15.3931   
      2692:     80760.000000           1           15.3879   
      2693:     80790.000000           1           15.3833   
      2694:     80820.000000           1           15.3814   
      2695:     80850.000000           1           15.3767   
      2696:     80880.000000           1           15.3744   
      2697:     80910.000000           1           15.3725   
      2698:     80940.000000           1           15.3697   
      2699:     80970.000000           1           15.3654   
      2700:     81000.000000           1           15.3650   
      2701:     81030.000000           1           15.3627   
      2702:     81060.000000           1           15.3587   
      2703:     81090.000000           1           15.3549   
      2704:     81120.000000           1           15.3503   
      2705:     81150.000000           1           15.3475   
      2706:     81180.000000           1           15.3457   
      2707:     81210.000000           1           15.3441   
      2708:     81240.000000           1           15.3390   
      2709:     81270.000000           1           15.3363   
      2710:     81300.000000           1           15.3356   
      2711:     81330.000000           1           15.3301   
      2712:     81360.000000           1           15.3268   
      2713:     81390.000000           1           15.3231   
      2714:     81420.000000           1           15.3194   
      2715:     81450.000000           1           15.3142   
      2716:     81480.000000           1           15.3105   
      2717:     81510.000000           1           15.3063   
      2718:     81540.000000           1           15.3046   
      2719:     81570.000000           1           15.3007   
      2720:     81600.000000           1           15.2971   
      2721:     81630.000000           1           15.2939   
      2722:     81660.000000           1           15.2909   
      2723:     81690.000000           1           15.2872   
      2724:     81720.000000           1           15.2822   
      2725:     81750.000000           1           15.2770   
      2726:     81780.000000           1           15.2752   
      2727:     81810.000000           1           15.2718   
      2728:     81840.000000           1           15.2685   
      2729:     81870.000000           1           15.2653   
      2730:     81900.000000           1           15.2640   
      2731:     81930.000000           1           15.2604   
      2732:     81960.000000           1           15.2582   
      2733:     81990.000000           1           15.2551   
      2734:     82020.000000           1           15.2523   
      2735:     82050.000000           1           15.2478   
      2736:     82080.000000           1           15.2448   
      2737:     82110.000000           1           15.2431   
      2738:     82140.000000           1           15.2410   
      2739:     82170.000000           1           15.2362   
      2740:     82200.000000           1           15.2325   
      2741:     82230.000000           1           15.2289   
      2742:     82260.000000           1           15.2278   
      2743:     82290.000000           1           15.2279   
      2744:     82320.000000           1           15.2272   
      2745:     82350.000000           1           15.2264   
      2746:     82380.000000           1           15.2246   
      2747:     82410.000000           1           15.2229   
      2748:     82440.000000           1           15.2220   
      2749:     82470.000000           1           15.2163   
      2750:     82500.000000           1           15.2133   
      2751:     82530.000000           1           15.2083   
      2752:     82560.000000           1           15.2043   
      2753:     82590.000000           1           15.2021   
      2754:     82620.000000           1           15.2000   
      2755:     82650.000000           1           15.1970   
      2756:     82680.000000           1           15.1951   
      2757:     82710.000000           1           15.1940   
      2758:     82740.000000           1           15.1912   
      2759:     82770.000000           1           15.1892   
      2760:     82800.000000           1           15.1850   
      2761:     82830.000000           1           15.1829   
      2762:     82860.000000           1           15.1798   
      2763:     82890.000000           1           15.1752   
      2764:     82920.000000           1           15.1735   
      2765:     82950.000000           1           15.1669   
      2766:     82980.000000           1           15.1634   
      2767:     83010.000000           1          -30.5561   
      2768:     83040.000000           1          -30.5599   
      2769:     83070.000000           1          -30.5632   
      2770:     83100.000000           1          -30.5699   
      2771:     83130.000000           1          -30.5733   
      2772:     83160.000000           1          -30.5798   
      2773:     83190.000000           1          -30.5831   
      2774:     83220.000000           1          -30.5903   
      2775:     83250.000000           1          -30.5961   
      2776:     83280.000000           1          -30.5997   
      2777:     83310.000000           1          -30.6037   
      2778:     83340.000000           1          -30.6091   
      2779:     83370.000000           1          -30.6103   
      2780:     83400.000000           1          -30.6163   
      2781:     83430.000000           1          -30.6199   
      2782:     83460.000000           1          -30.6233   
      2783:     83490.000000           1          -30.6268   
      2784:     83520.000000           1          -30.6314   
      2785:     83550.000000           1          -30.6334   
      2786:     83580.000000           1          -30.6385   
      2787:     83610.000000           1          -30.6409   
      2788:     83640.000000           1          -30.6469   
      2789:     83670.000000           1          -30.6489   
      2790:     83700.000000           1          -30.6525   
      2791:     83730.000000           1          -30.6538   
      2792:     83760.000000           1          -30.6592   
      2793:     83790.000000           1          -30.6616   
      2794:     83820.000000           1          -30.6623   
      2795:     83850.000000           1          -30.6655   
      2796:     83880.000000           1          -30.6695   
      2797:     83910.000000           1          -30.6738   
      2798:     83940.000000           1          -30.6744   
      2799:     83970.000000           1           15.0569   
      2800:     84000.000000           1           15.0532   
      2801:     84030.000000           1           15.0531   
      2802:     84060.000000           1           15.0518   
      2803:     84090.000000           1           15.0517   
      2804:     84120.000000           1           15.0471   
      2805:     84150.000000           1           15.0447   
      2806:     84180.000000           1           15.0436   
      2807:     84210.000000           1           15.0417   
      2808:     84240.000000           1           15.0400   
      2809:     84270.000000           1           15.0376   
      2810:     84300.000000           1           15.0354   
      2811:     84330.000000           1           15.0353   
      2812:     84360.000000           1           15.0336   
      2813:     84390.000000           1           15.0315   
      2814:     84420.000000           1           15.0295   
      2815:     84450.000000           1           15.0254   
      2816:     84480.000000           1           15.0245   
      2817:     84510.000000           1           15.0220   
      2818:     84540.000000           1           15.0175   
      2819:     84570.000000           1          -30.7281   
      2820:     84600.000000           1          -30.7314   
      2821:     84630.000000           1           15.0085   
      2822:     84660.000000           1          -30.7387   
      2823:     84690.000000           1          -30.7398   
      2824:     84720.000000           1          -30.7416   
      2825:     84750.000000           1           15.0004   
      2826:     84780.000000           1          -30.7433   
      2827:     84810.000000           1          -30.7446   
      2828:     84840.000000           1          -30.7447   
      2829:     84870.000000           1           15.0009   
      2830:     84900.000000           1          -30.7487   
      2831:     84930.000000           1          -30.7503   
      2832:     84960.000000           1          -30.7534   
      2833:     84990.000000           1          -30.7569   
      2834:     85020.000000           1          -30.7637   
      2835:     85050.000000           1          -30.7701   
      2836:     85080.000000           1          -30.7733   
      2837:     85110.000000           1          -30.7744   
      2838:     85140.000000           1          -30.7778   
      2839:     85170.000000           1          -30.7805   
      2840:     85200.000000           1          -30.7817   
      2841:     85230.000000           1          -30.7845   
      2842:     85260.000000           1          -30.7871   
      2843:     85290.000000           1          -30.7876   
      2844:     85320.000000           1          -30.7865   
      2845:     85350.000000           1          -30.7877   
      2846:     85380.000000           1          -30.7912   
      2847:     85410.000000           1          -30.7934   
      2848:     85440.000000           1          -30.7965   
      2849:     85470.000000           1           14.9576   
      2850:     85500.000000           1           14.9565   
      2851:     85530.000000           1           14.9550   
      2852:     85560.000000           1           14.9543   
      2853:     85590.000000           1           14.9543   
      2854:     85620.000000           1           14.9526   
      2855:     85650.000000           1           14.9509   
      2856:     85680.000000           1           14.9475   
      2857:     85710.000000           1           14.9460   
      2858:     85740.000000           1           14.9447   
      2859:     85770.000000           1           14.9428   
      2860:     85800.000000           1           14.9406   
      2861:     85830.000000           1           14.9396   
      2862:     85860.000000           1           14.9379   
      2863:     85890.000000           1           14.9372   
      2864:     85920.000000           1           14.9365   
      2865:     85950.000000           1           14.9338   
      2866:     85980.000000           1           14.9318   
      2867:     86010.000000           1           14.9294   
      2868:     86040.000000           1          -30.8397   
      2869:     86070.000000           1           14.9211   
      2870:     86100.000000           1           14.9165   
      2871:     86130.000000           1           14.9132   
      2872:     86160.000000           1           14.9102   
      2873:     86190.000000           1           14.9079   
      2874:     86220.000000           1           14.9053   
      2875:     86250.000000           1           14.9045   
      2876:     86280.000000           1           14.9015   
      2877:     86310.000000           1           14.8982   
      2878:     86340.000000           1           14.8977   
      2879:     86370.000000           1           14.8963   
