       442:     13260.000000           1         -167.6820   
       444:     13320.000000           1         -167.6907   
       445:     13350.000000           1         -167.6885   
       446:     13380.000000           1         -167.6830   
       447:     13410.000000           1         -167.6973   
       448:     13440.000000           1         -167.6990   
       449:     13470.000000           1         -167.6975   
       450:     13500.000000           1         -167.6956   
       451:     13530.000000           1         -167.6842   
       452:     13560.000000           1         -167.6903   
       453:     13590.000000           1         -167.7041   
       454:     13620.000000           1         -167.7027   
       455:     13650.000000           1         -167.7073   
       456:     13680.000000           1         -167.7162   
       457:     13710.000000           1         -167.7310   
       458:     13740.000000           1         -167.7525   
       459:     13770.000000           1         -167.7584   
       460:     13800.000000           1         -167.7495   
       461:     13830.000000           1         -167.7481   
       462:     13860.000000           1         -167.7412   
       463:     13890.000000           1         -167.7332   
       464:     13920.000000           1         -167.7274   
       465:     13950.000000           1         -167.7289   
       466:     13980.000000           1         -167.7404   
       467:     14010.000000           1         -167.7307   
       468:     14040.000000           1         -167.7155   
       469:     14070.000000           1         -167.7239   
       470:     14100.000000           1         -167.7082   
       471:     14130.000000           1         -167.6697   
       472:     14160.000000           1         -167.6763   
       473:     14190.000000           1         -167.6787   
       474:     14220.000000           1         -167.6802   
       475:     14250.000000           1         -167.6853   
       476:     14280.000000           1         -167.6743   
       477:     14310.000000           1         -167.6769   
       478:     14340.000000           1         -167.6806   
       479:     14370.000000           1         -167.6774   
       480:     14400.000000           1        -1052.7946   
       481:     14430.000000           1         -167.6945   
       482:     14460.000000           1        -1052.7608   
       483:     14490.000000           1         -167.7162   
       484:     14520.000000           1        -1039.2117   
       485:     14550.000000           1        -1039.4687   
       486:     14580.000000           1        -1039.3619   
       487:     14610.000000           1        -1039.3210   
       488:     14640.000000           1        -1039.3840   
       489:     14670.000000           1         -167.7252   
       490:     14700.000000           1         -167.7180   
       491:     14730.000000           1        -1138.2230   
       492:     14760.000000           1        -1138.4343   
       493:     14790.000000           1        -1138.4461   
       494:     14820.000000           1        -1138.3899   
       495:     14850.000000           1        -1138.4233   
       496:     14880.000000           1        -1138.4472   
       497:     14910.000000           1        -1138.4771   
       498:     14940.000000           1        -1138.5213   
       499:     14970.000000           1        -1138.5375   
       500:     15000.000000           1        -1138.5440   
       501:     15030.000000           1        -1138.5549   
       502:     15060.000000           1        -1138.5729   
       503:     15090.000000           1        -1138.5988   
       504:     15120.000000           1         -167.7344   
       505:     15150.000000           1          157.7566   
       506:     15180.000000           1          157.7849   
       507:     15210.000000           1          157.7364   
       508:     15240.000000           1          157.7432   
       509:     15270.000000           1          157.7236   
       510:     15300.000000           1          157.7186   
       511:     15330.000000           1          157.7064   
       512:     15360.000000           1          157.6561   
       513:     15390.000000           1          157.6322   
       514:     15420.000000           1          157.6424   
       515:     15450.000000           1          157.6201   
       516:     15480.000000           1          157.6040   
       517:     15510.000000           1          157.6142   
       518:     15540.000000           1          157.6133   
       519:     15570.000000           1          157.6102   
       520:     15600.000000           1          157.5972   
       521:     15630.000000           1          157.5898   
       522:     15660.000000           1          157.6041   
       523:     15690.000000           1          157.5990   
       524:     15720.000000           1          157.6060   
       525:     15750.000000           1          157.6071   
       526:     15780.000000           1          157.6327   
       527:     15810.000000           1          157.6302   
       528:     15840.000000           1          157.6533   
       529:     15870.000000           1          157.6714   
       530:     15900.000000           1          157.6780   
       531:     15930.000000           1          157.6711   
       532:     15960.000000           1          157.6621   
       533:     15990.000000           1          157.6604   
       534:     16020.000000           1          157.6484   
       535:     16050.000000           1          157.6450   
       536:     16080.000000           1          157.6499   
       537:     16110.000000           1          157.6272   
       538:     16140.000000           1          157.6244   
       539:     16170.000000           1          157.6072   
       540:     16200.000000           1          157.6145   
       541:     16230.000000           1          157.6047   
       542:     16260.000000           1          157.5964   
       543:     16290.000000           1          157.5788   
       544:     16320.000000           1          157.5535   
       545:     16350.000000           1          157.5503   
       546:     16380.000000           1          157.5462   
       547:     16410.000000           1          157.5402   
       548:     16440.000000           1          157.5599   
       549:     16470.000000           1          157.5588   
       550:     16500.000000           1          157.5754   
       551:     16530.000000           1          157.5783   
       552:     16560.000000           1          157.5778   
       553:     16590.000000           1          157.5745   
       554:     16620.000000           1          157.5833   
       555:     16650.000000           1          157.5808   
       556:     16680.000000           1          157.5890   
       557:     16710.000000           1          157.5957   
       558:     16740.000000           1          157.5957   
       559:     16770.000000           1          157.5924   
       560:     16800.000000           1          157.5912   
       561:     16830.000000           1          157.5916   
       562:     16860.000000           1          157.6040   
       563:     16890.000000           1          157.5917   
       564:     16920.000000           1          157.5970   
       565:     16950.000000           1          157.5904   
       566:     16980.000000           1          157.5901   
       567:     17010.000000           1          157.5919   
       568:     17040.000000           1          157.5898   
       569:     17070.000000           1          157.5977   
       570:     17100.000000           1          157.5936   
       571:     17130.000000           1          157.5902   
       572:     17160.000000           1          157.5928   
       573:     17190.000000           1          157.5890   
       574:     17220.000000           1          157.5905   
       575:     17250.000000           1          157.5867   
       576:     17280.000000           1          157.5838   
       577:     17310.000000           1          157.5873   
       578:     17340.000000           1          157.5882   
       579:     17370.000000           1          157.5871   
       580:     17400.000000           1          157.5834   
       581:     17430.000000           1          157.5748   
       582:     17460.000000           1          157.5685   
       583:     17490.000000           1          157.5666   
       584:     17520.000000           1          157.5735   
       585:     17550.000000           1          157.5789   
       586:     17580.000000           1          157.5851   
       587:     17610.000000           1          157.5969   
       588:     17640.000000           1          157.5898   
       589:     17670.000000           1          157.5674   
       590:     17700.000000           1          157.5581   
       591:     17730.000000           1          157.5459   
       592:     17760.000000           1          157.5470   
       593:     17790.000000           1          157.5431   
       594:     17820.000000           1          157.5345   
       595:     17850.000000           1          157.5283   
       596:     17880.000000           1          157.5367   
       597:     17910.000000           1          157.5430   
       598:     17940.000000           1          157.5392   
       599:     17970.000000           1          157.5578   
       600:     18000.000000           1          157.5726   
       601:     18030.000000           1          157.5788   
       602:     18060.000000           1          157.5887   
       603:     18090.000000           1          157.5939   
       604:     18120.000000           1          157.5919   
       605:     18150.000000           1          157.5973   
       606:     18180.000000           1          157.5955   
       607:     18210.000000           1          157.5943   
       608:     18240.000000           1          157.5853   
       609:     18270.000000           1          157.5890   
       610:     18300.000000           1          157.5908   
       611:     18330.000000           1          157.5823   
       612:     18360.000000           1          157.5787   
       613:     18390.000000           1          157.5737   
       614:     18420.000000           1          157.5712   
       615:     18450.000000           1          157.5704   
       616:     18480.000000           1          157.5832   
       617:     18510.000000           1          157.5872   
       618:     18540.000000           1          157.5772   
       619:     18570.000000           1          157.5815   
       620:     18600.000000           1          157.5895   
       621:     18630.000000           1          157.5996   
       622:     18660.000000           1          157.5933   
       623:     18690.000000           1          157.6009   
       624:     18720.000000           1          157.6059   
       625:     18750.000000           1          157.6207   
       626:     18780.000000           1          157.6331   
       627:     18810.000000           1          157.6400   
       628:     18840.000000           1          157.6500   
       629:     18870.000000           1          157.6571   
       630:     18900.000000           1          157.6563   
       631:     18930.000000           1          157.6491   
       632:     18960.000000           1          157.6536   
       633:     18990.000000           1          157.6700   
       634:     19020.000000           1          157.6839   
       635:     19050.000000           1          157.6824   
       636:     19080.000000           1          157.6894   
       637:     19110.000000           1          157.6925   
       638:     19140.000000           1          157.7040   
       639:     19170.000000           1          157.7045   
       640:     19200.000000           1          157.7049   
       641:     19230.000000           1          157.7042   
       642:     19260.000000           1          157.6982   
       643:     19290.000000           1          157.6994   
       644:     19320.000000           1          157.7018   
       645:     19350.000000           1          157.7107   
       646:     19380.000000           1          157.7057   
       647:     19410.000000           1          157.7099   
       648:     19440.000000           1          157.7136   
       649:     19470.000000           1          157.7206   
       650:     19500.000000           1          157.7224   
       651:     19530.000000           1          157.7228   
       652:     19560.000000           1          157.7152   
       653:     19590.000000           1          157.7223   
       654:     19620.000000           1          157.7401   
       655:     19650.000000           1          157.7487   
       656:     19680.000000           1          157.7513   
       657:     19710.000000           1          157.7645   
       658:     19740.000000           1          157.7781   
       659:     19770.000000           1          157.7895   
       660:     19800.000000           1          157.7879   
       661:     19830.000000           1          157.7908   
       662:     19860.000000           1          157.8010   
       663:     19890.000000           1          157.8111   
       664:     19920.000000           1          157.8174   
       665:     19950.000000           1          157.8276   
       666:     19980.000000           1          157.8326   
       667:     20010.000000           1          157.8413   
       668:     20040.000000           1          157.8436   
       669:     20070.000000           1          157.8460   
       670:     20100.000000           1          157.8473   
       671:     20130.000000           1          157.8567   
       672:     20160.000000           1          157.8632   
       673:     20190.000000           1          157.8666   
       674:     20220.000000           1          157.8709   
       675:     20250.000000           1          157.8739   
       676:     20280.000000           1          157.8813   
       677:     20310.000000           1          157.8819   
       678:     20340.000000           1          157.8895   
       679:     20370.000000           1          157.9091   
       680:     20400.000000           1          157.9082   
       681:     20430.000000           1          157.9049   
       682:     20460.000000           1          157.9100   
       683:     20490.000000           1          157.9142   
       684:     20520.000000           1          157.9224   
       685:     20550.000000           1          157.9331   
       686:     20580.000000           1          157.9389   
       687:     20610.000000           1          157.9446   
       688:     20640.000000           1          157.9389   
       689:     20670.000000           1          157.9400   
       690:     20700.000000           1          157.9443   
       691:     20730.000000           1          157.9403   
       692:     20760.000000           1          157.9512   
       693:     20790.000000           1          157.9494   
       694:     20820.000000           1          157.9462   
       695:     20850.000000           1          157.9409   
       696:     20880.000000           1          157.9388   
       697:     20910.000000           1          157.9414   
       698:     20940.000000           1          157.9525   
       699:     20970.000000           1          157.9625   
       700:     21000.000000           1          157.9714   
       701:     21030.000000           1          157.9821   
       702:     21060.000000           1          157.9971   
       703:     21090.000000           1          158.0096   
       704:     21120.000000           1          158.0243   
       705:     21150.000000           1          158.0355   
       706:     21180.000000           1          158.0394   
       707:     21210.000000           1          158.0531   
       708:     21240.000000           1          158.0548   
       709:     21270.000000           1          158.0622   
       710:     21300.000000           1          158.0638   
       711:     21330.000000           1          158.0577   
       712:     21360.000000           1          158.0667   
       713:     21390.000000           1          158.0644   
       714:     21420.000000           1          158.0815   
       715:     21450.000000           1          158.0922   
       716:     21480.000000           1          158.0979   
       717:     21510.000000           1          158.1062   
       718:     21540.000000           1          158.1048   
       719:     21570.000000           1          158.1135   
       720:     21600.000000           1          158.1194   
       721:     21630.000000           1          158.1283   
       722:     21660.000000           1          158.1379   
       723:     21690.000000           1          158.1445   
       724:     21720.000000           1          158.1528   
       725:     21750.000000           1          158.1591   
       726:     21780.000000           1          158.1653   
       727:     21810.000000           1          158.1759   
       728:     21840.000000           1          158.1843   
       729:     21870.000000           1          158.1995   
       730:     21900.000000           1          158.2155   
       731:     21930.000000           1          158.2276   
       732:     21960.000000           1          158.2296   
       733:     21990.000000           1          158.2292   
       734:     22020.000000           1          158.2430   
       735:     22050.000000           1          158.2437   
       736:     22080.000000           1          158.2507   
       737:     22110.000000           1          158.2590   
       738:     22140.000000           1          158.2636   
       739:     22170.000000           1          158.2821   
       740:     22200.000000           1          158.2918   
       741:     22230.000000           1          158.3023   
       742:     22260.000000           1          158.3106   
       743:     22290.000000           1          158.3150   
       744:     22320.000000           1          158.3206   
       745:     22350.000000           1          158.3298   
       746:     22380.000000           1          158.3343   
       747:     22410.000000           1          158.3391   
       748:     22440.000000           1          158.3493   
       749:     22470.000000           1          158.3631   
       750:     22500.000000           1          158.3725   
       751:     22530.000000           1          158.3830   
       752:     22560.000000           1          158.3893   
       753:     22590.000000           1          158.4032   
       754:     22620.000000           1          158.4159   
       755:     22650.000000           1          158.4244   
       756:     22680.000000           1          158.4321   
       757:     22710.000000           1          158.4459   
       758:     22740.000000           1          158.4506   
       759:     22770.000000           1          158.4574   
       760:     22800.000000           1          158.4617   
       761:     22830.000000           1          158.4638   
       762:     22860.000000           1          158.4556   
       763:     22890.000000           1          158.4678   
       764:     22920.000000           1          158.4786   
       765:     22950.000000           1          158.4915   
       766:     22980.000000           1          158.4941   
       767:     23010.000000           1          158.5023   
       768:     23040.000000           1          158.5184   
       769:     23070.000000           1          158.5283   
       770:     23100.000000           1          158.5311   
       771:     23130.000000           1          158.5367   
       772:     23160.000000           1          158.5421   
       773:     23190.000000           1          158.5416   
       774:     23220.000000           1          158.5585   
       775:     23250.000000           1          158.5703   
       776:     23280.000000           1          158.5913   
       777:     23310.000000           1          158.6162   
       778:     23340.000000           1          158.6211   
       779:     23370.000000           1          158.6260   
       780:     23400.000000           1          158.6329   
       781:     23430.000000           1          158.6352   
       782:     23460.000000           1          158.6445   
       783:     23490.000000           1          158.6605   
       784:     23520.000000           1          158.6752   
       785:     23550.000000           1          158.6914   
       786:     23580.000000           1          158.7063   
       787:     23610.000000           1          158.7234   
       788:     23640.000000           1          158.7422   
       789:     23670.000000           1          158.7536   
       790:     23700.000000           1          158.7562   
       791:     23730.000000           1          158.7615   
       792:     23760.000000           1          158.7725   
       793:     23790.000000           1          158.7912   
       794:     23820.000000           1          158.7997   
       795:     23850.000000           1          158.8004   
       796:     23880.000000           1          158.8065   
       797:     23910.000000           1          158.8128   
       798:     23940.000000           1          158.8291   
       799:     23970.000000           1          158.8455   
       800:     24000.000000           1          158.8494   
       801:     24030.000000           1          158.8486   
       802:     24060.000000           1          158.8583   
       803:     24090.000000           1          158.8653   
       804:     24120.000000           1          158.8682   
       805:     24150.000000           1          158.8740   
       806:     24180.000000           1          158.8813   
       807:     24210.000000           1          158.8977   
       808:     24240.000000           1          158.9021   
       809:     24270.000000           1          158.9028   
       810:     24300.000000           1          158.9098   
       811:     24330.000000           1          158.9149   
       812:     24360.000000           1          158.9279   
       813:     24390.000000           1          158.9261   
       814:     24420.000000           1          158.9470   
       815:     24450.000000           1          158.9619   
       816:     24480.000000           1          158.9765   
       817:     24510.000000           1          158.9870   
       818:     24540.000000           1          159.0014   
       819:     24570.000000           1          159.0129   
       820:     24600.000000           1          159.0216   
       821:     24630.000000           1          159.0299   
       822:     24660.000000           1          159.0452   
       823:     24690.000000           1          159.0465   
       824:     24720.000000           1          159.0489   
       825:     24750.000000           1          159.0564   
       826:     24780.000000           1          159.0662   
       827:     24810.000000           1          159.0717   
       828:     24840.000000           1          159.0900   
       829:     24870.000000           1          159.1000   
       830:     24900.000000           1          159.1033   
       831:     24930.000000           1          159.1146   
       832:     24960.000000           1          159.1247   
       833:     24990.000000           1          159.1279   
       834:     25020.000000           1          159.1401   
       835:     25050.000000           1          159.1615   
       836:     25080.000000           1          159.1680   
       837:     25110.000000           1          159.1804   
       838:     25140.000000           1          159.1896   
       839:     25170.000000           1          159.1928   
       840:     25200.000000           1          159.2009   
       841:     25230.000000           1          159.2081   
       842:     25260.000000           1          159.2308   
       843:     25290.000000           1          159.2477   
       844:     25320.000000           1          159.2574   
       845:     25350.000000           1          159.2777   
       846:     25380.000000           1          159.2905   
       847:     25410.000000           1          159.3057   
       848:     25440.000000           1          159.3131   
       849:     25470.000000           1          159.3194   
       850:     25500.000000           1          159.3314   
       851:     25530.000000           1          159.3359   
       852:     25560.000000           1          159.3488   
       853:     25590.000000           1          159.3564   
       854:     25620.000000           1          159.3596   
       855:     25650.000000           1          159.3748   
       856:     25680.000000           1          159.3800   
       857:     25710.000000           1          159.3838   
       858:     25740.000000           1          159.3786   
       859:     25770.000000           1          159.3838   
       860:     25800.000000           1          159.3838   
       861:     25830.000000           1          159.3954   
       862:     25860.000000           1          159.4017   
       863:     25890.000000           1          159.4139   
       864:     25920.000000           1          159.4232   
       865:     25950.000000           1          159.4241   
       866:     25980.000000           1          159.4356   
       867:     26010.000000           1          159.4459   
       868:     26040.000000           1          159.4407   
       869:     26070.000000           1          159.4488   
       870:     26100.000000           1          159.4520   
       871:     26130.000000           1          159.4564   
       872:     26160.000000           1          159.4591   
       873:     26190.000000           1          159.4664   
       874:     26220.000000           1          159.4706   
       875:     26250.000000           1          159.4721   
       876:     26280.000000           1          159.4778   
       877:     26310.000000           1          159.4845   
       878:     26340.000000           1          159.4908   
       879:     26370.000000           1          159.5011   
       880:     26400.000000           1          159.5085   
       881:     26430.000000           1          159.5234   
       882:     26460.000000           1          159.5422   
       883:     26490.000000           1          159.5529   
       884:     26520.000000           1          159.5638   
       885:     26550.000000           1          159.5717   
       886:     26580.000000           1          159.5734   
       887:     26610.000000           1          159.5810   
       888:     26640.000000           1          159.5931   
       889:     26670.000000           1          159.5990   
       890:     26700.000000           1          159.6011   
       891:     26730.000000           1          159.6098   
       892:     26760.000000           1          159.6221   
       893:     26790.000000           1          159.6351   
       894:     26820.000000           1          159.6507   
       895:     26850.000000           1          159.6535   
       896:     26880.000000           1          159.6679   
       897:     26910.000000           1          159.6847   
       898:     26940.000000           1          159.6911   
       899:     26970.000000           1          159.7036   
       900:     27000.000000           1          159.7127   
       901:     27030.000000           1          159.7193   
       902:     27060.000000           1          159.7178   
       903:     27090.000000           1          159.7219   
       904:     27120.000000           1          159.7340   
       905:     27150.000000           1          159.7540   
       906:     27180.000000           1          159.7733   
       907:     27210.000000           1          159.7922   
       908:     27240.000000           1          159.8027   
       909:     27270.000000           1          159.8049   
       910:     27300.000000           1          159.8072   
       911:     27330.000000           1          159.8070   
       912:     27360.000000           1          159.8071   
       913:     27390.000000           1          159.8151   
       914:     27420.000000           1          159.8247   
       915:     27450.000000           1          159.8354   
       916:     27480.000000           1          159.8464   
       917:     27510.000000           1          159.8506   
       918:     27540.000000           1          159.8635   
       919:     27570.000000           1          159.8785   
       920:     27600.000000           1          159.8878   
       921:     27630.000000           1          159.8933   
       922:     27660.000000           1          159.8990   
       923:     27690.000000           1          159.9119   
       924:     27720.000000           1          159.9238   
       925:     27750.000000           1          159.9400   
       926:     27780.000000           1          159.9529   
       927:     27810.000000           1          159.9571   
       928:     27840.000000           1          159.9667   
       929:     27870.000000           1          159.9731   
       930:     27900.000000           1          159.9803   
       931:     27930.000000           1          159.9896   
       932:     27960.000000           1          159.9980   
       933:     27990.000000           1          159.9979   
       934:     28020.000000           1          160.0028   
       935:     28050.000000           1          160.0081   
       936:     28080.000000           1          160.0119   
       937:     28110.000000           1          160.0174   
       938:     28140.000000           1          160.0328   
       939:     28170.000000           1          160.0515   
       940:     28200.000000           1          160.0622   
       941:     28230.000000           1          160.0761   
       942:     28260.000000           1         -126.1829   
       943:     28290.000000           1          160.0860   
       944:     28320.000000           1         -126.1734   
       945:     28350.000000           1         -126.1731   
       946:     28380.000000           1         -126.1746   
       947:     28410.000000           1         -126.1795   
       948:     28440.000000           1         -126.1735   
       949:     28470.000000           1         -126.1696   
       950:     28500.000000           1         -126.1691   
       951:     28530.000000           1         -126.1626   
       952:     28560.000000           1         -126.1689   
       953:     28590.000000           1         -126.1678   
       954:     28620.000000           1         -126.1795   
       955:     28650.000000           1         -126.1746   
       956:     28680.000000           1         -126.1770   
       957:     28710.000000           1         -126.1785   
       958:     28740.000000           1         -126.1836   
       959:     28770.000000           1         -126.1802   
       960:     28800.000000           1         -126.1716   
       961:     28830.000000           1         -126.1656   
       962:     28860.000000           1         -126.1570   
       963:     28890.000000           1         -126.1433   
       964:     28920.000000           1         -126.1355   
       965:     28950.000000           1         -126.1214   
       966:     28980.000000           1         -126.1215   
       967:     29010.000000           1         -126.1100   
       968:     29040.000000           1         -126.1010   
       969:     29070.000000           1          160.3024   
       970:     29100.000000           1          160.3085   
       971:     29130.000000           1          160.3179   
       972:     29160.000000           1          160.3255   
       973:     29190.000000           1          160.3316   
       974:     29220.000000           1          160.3368   
       975:     29250.000000           1          160.3461   
       976:     29280.000000           1          160.3557   
       977:     29310.000000           1          160.3698   
       978:     29340.000000           1          160.3798   
       979:     29370.000000           1          160.3926   
       980:     29400.000000           1          160.3909   
       981:     29430.000000           1          160.4025   
       982:     29460.000000           1          160.4099   
       983:     29490.000000           1          160.4142   
       984:     29520.000000           1          160.4226   
       985:     29550.000000           1          160.4306   
       986:     29580.000000           1          160.4344   
       987:     29610.000000           1          160.4434   
       988:     29640.000000           1          160.4471   
       989:     29670.000000           1          160.4523   
       990:     29700.000000           1          160.4647   
       991:     29730.000000           1          160.4736   
       992:     29760.000000           1          160.4897   
       993:     29790.000000           1          160.4984   
       994:     29820.000000           1          160.5000   
       995:     29850.000000           1          160.5033   
       996:     29880.000000           1          160.5028   
       997:     29910.000000           1          160.5066   
       998:     29940.000000           1          160.5063   
       999:     29970.000000           1          160.5138   
      1000:     30000.000000           1          160.5161   
      1001:     30030.000000           1          160.5249   
      1002:     30060.000000           1          160.5252   
      1003:     30090.000000           1          160.5346   
      1004:     30120.000000           1          160.5367   
      1005:     30150.000000           1          160.5413   
      1006:     30180.000000           1          160.5332   
      1007:     30210.000000           1          160.5319   
      1008:     30240.000000           1          160.5386   
      1009:     30270.000000           1          160.5453   
      1010:     30300.000000           1          160.5482   
      1011:     30330.000000           1          160.5557   
      1012:     30360.000000           1          160.5566   
      1013:     30390.000000           1          160.5641   
      1014:     30420.000000           1          160.5780   
      1015:     30450.000000           1          160.5811   
      1016:     30480.000000           1          160.5926   
      1017:     30510.000000           1          160.5988   
      1018:     30540.000000           1          160.6114   
      1019:     30570.000000           1          160.6152   
      1020:     30600.000000           1          160.6168   
      1021:     30630.000000           1          160.6265   
      1022:     30660.000000           1          160.6321   
      1023:     30690.000000           1          160.6371   
      1024:     30720.000000           1          160.6494   
      1025:     30750.000000           1          160.6594   
      1026:     30780.000000           1          160.6726   
      1027:     30810.000000           1          160.6870   
      1028:     30840.000000           1          160.6903   
      1029:     30870.000000           1          160.6995   
      1030:     30900.000000           1          160.7137   
      1031:     30930.000000           1          160.7250   
      1032:     30960.000000           1          160.7335   
      1033:     30990.000000           1          160.7288   
      1034:     31020.000000           1          160.7306   
      1035:     31050.000000           1          160.7306   
      1036:     31080.000000           1          160.7352   
      1037:     31110.000000           1          160.7422   
      1038:     31140.000000           1          160.7458   
      1039:     31170.000000           1          160.7442   
      1040:     31200.000000           1          160.7502   
      1041:     31230.000000           1          160.7577   
      1042:     31260.000000           1          160.7703   
      1043:     31290.000000           1          160.7784   
      1044:     31320.000000           1          160.7857   
      1045:     31350.000000           1          160.7876   
      1046:     31380.000000           1          160.7849   
      1047:     31410.000000           1          160.7907   
      1048:     31440.000000           1          160.7963   
      1049:     31470.000000           1          160.8003   
      1050:     31500.000000           1          160.8009   
      1051:     31530.000000           1          160.8053   
      1052:     31560.000000           1          160.8136   
      1053:     31590.000000           1          160.8289   
      1054:     31620.000000           1          160.8396   
      1055:     31650.000000           1          160.8509   
      1056:     31680.000000           1          160.8554   
      1057:     31710.000000           1          160.8596   
      1058:     31740.000000           1          160.8686   
      1059:     31770.000000           1          160.8739   
      1060:     31800.000000           1          160.8828   
      1061:     31830.000000           1          160.8925   
      1062:     31860.000000           1          160.9036   
      1063:     31890.000000           1          160.9116   
      1064:     31920.000000           1          160.9158   
      1065:     31950.000000           1          160.9191   
      1066:     31980.000000           1          160.9256   
      1067:     32010.000000           1          160.9236   
      1068:     32040.000000           1          160.9212   
      1069:     32070.000000           1          160.9176   
      1070:     32100.000000           1          160.9198   
      1071:     32130.000000           1          160.9286   
      1072:     32160.000000           1          160.9343   
      1073:     32190.000000           1          160.9448   
      1074:     32220.000000           1          160.9468   
      1075:     32250.000000           1          160.9529   
      1076:     32280.000000           1          160.9617   
      1077:     32310.000000           1          160.9647   
      1078:     32340.000000           1          160.9728   
      1079:     32370.000000           1          160.9763   
      1080:     32400.000000           1          160.9783   
      1081:     32430.000000           1          160.9741   
      1082:     32460.000000           1          160.9802   
      1083:     32490.000000           1          160.9833   
      1084:     32520.000000           1          160.9895   
      1085:     32550.000000           1          160.9954   
      1086:     32580.000000           1          161.0038   
      1087:     32610.000000           1          161.0046   
      1088:     32640.000000           1          161.0110   
      1089:     32670.000000           1          161.0161   
      1090:     32700.000000           1          161.0263   
      1091:     32730.000000           1          161.0291   
      1092:     32760.000000           1          161.0420   
      1093:     32790.000000           1          161.0399   
      1094:     32820.000000           1          161.0370   
      1095:     32850.000000           1          161.0385   
      1096:     32880.000000           1          161.0476   
      1097:     32910.000000           1          161.0456   
      1098:     32940.000000           1          161.0545   
      1099:     32970.000000           1          161.0567   
      1100:     33000.000000           1          161.0645   
      1101:     33030.000000           1          161.0713   
      1102:     33060.000000           1          161.0738   
      1103:     33090.000000           1          161.0805   
      1104:     33120.000000           1          161.0826   
      1105:     33150.000000           1          161.0872   
      1106:     33180.000000           1          161.0953   
      1107:     33210.000000           1          161.1018   
      1108:     33240.000000           1          161.1090   
      1109:     33270.000000           1          161.1181   
      1110:     33300.000000           1          161.1263   
      1111:     33330.000000           1          161.1346   
      1112:     33360.000000           1          161.1407   
      1113:     33390.000000           1          161.1493   
      1114:     33420.000000           1          161.1619   
      1115:     33450.000000           1          161.1725   
      1116:     33480.000000           1          161.1848   
      1117:     33510.000000           1          161.1976   
      1118:     33540.000000           1          161.2048   
      1119:     33570.000000           1          161.2157   
      1120:     33600.000000           1          161.2244   
      1121:     33630.000000           1          161.2322   
      1122:     33660.000000           1          161.2318   
      1123:     33690.000000           1          161.2291   
      1124:     33720.000000           1          161.2329   
      1125:     33750.000000           1          161.2403   
      1126:     33780.000000           1          161.2451   
      1127:     33810.000000           1          161.2514   
      1128:     33840.000000           1          161.2495   
      1129:     33870.000000           1          161.2573   
      1130:     33900.000000           1          161.2587   
      1131:     33930.000000           1          161.2601   
      1132:     33960.000000           1          161.2721   
      1133:     33990.000000           1          161.2787   
      1134:     34020.000000           1          161.2906   
      1135:     34050.000000           1          161.2983   
      1136:     34080.000000           1          161.3063   
      1137:     34110.000000           1          161.3087   
      1138:     34140.000000           1          161.3106   
      1139:     34170.000000           1          161.3192   
      1140:     34200.000000           1          161.3283   
      1141:     34230.000000           1          161.3272   
      1142:     34260.000000           1          161.3291   
      1143:     34290.000000           1          161.3292   
      1144:     34320.000000           1          161.3383   
      1145:     34350.000000           1          161.3476   
      1146:     34380.000000           1          161.3556   
      1147:     34410.000000           1          161.3549   
      1148:     34440.000000           1          161.3583   
      1149:     34470.000000           1          161.3665   
      1150:     34500.000000           1          161.3838   
      1151:     34530.000000           1          161.3871   
      1152:     34560.000000           1          161.4007   
      1153:     34590.000000           1          161.4169   
      1154:     34620.000000           1          161.4220   
      1155:     34650.000000           1          161.4244   
      1156:     34680.000000           1          161.4305   
      1157:     34710.000000           1          161.4349   
      1158:     34740.000000           1          161.4362   
      1159:     34770.000000           1          161.4384   
      1160:     34800.000000           1          161.4436   
      1161:     34830.000000           1          161.4501   
      1162:     34860.000000           1          161.4537   
      1163:     34890.000000           1          161.4619   
      1164:     34920.000000           1          161.4677   
      1165:     34950.000000           1          161.4748   
      1166:     34980.000000           1          161.4838   
      1167:     35010.000000           1          161.4876   
      1168:     35040.000000           1          161.4915   
      1169:     35070.000000           1          161.4943   
      1170:     35100.000000           1           33.5741   
      1171:     35130.000000           1          161.2588   
      1172:     35160.000000           1           33.5644   
      1173:     35190.000000           1         -655.5193   
      1174:     35220.000000           1         -655.1286   
      1175:     35250.000000           1           33.6138   
      1176:     35280.000000           1           33.6271   
      1177:     35310.000000           1           33.6521   
      1178:     35340.000000           1           33.6616   
      1179:     35370.000000           1           33.6700   
      1180:     35400.000000           1           33.7034   
      1181:     35430.000000           1           33.7131   
      1182:     35460.000000           1           33.7140   
      1183:     35490.000000           1           33.7391   
      1184:     35520.000000           1           33.7629   
      1185:     35550.000000           1           33.7890   
      1186:     35580.000000           1           33.8035   
      1187:     35610.000000           1           33.8213   
      1188:     35640.000000           1           33.8427   
      1189:     35670.000000           1           33.8445   
      1190:     35700.000000           1           33.8434   
      1191:     35730.000000           1           33.8482   
      1192:     35760.000000           1           33.8619   
      1193:     35790.000000           1           33.8620   
      1194:     35820.000000           1           33.8669   
      1195:     35850.000000           1           33.8731   
      1196:     35880.000000           1           33.8756   
      1197:     35910.000000           1           33.8698   
      1198:     35940.000000           1           33.8738   
      1199:     35970.000000           1           33.8874   
      1200:     36000.000000           1           33.8861   
      1202:     36060.000000           1           33.8724   
      1203:     36090.000000           1           33.8670   
      1204:     36120.000000           1           33.8706   
      2511:     75330.000000           1           12.9472   
      2514:     75420.000000           1         -370.6950   
      2515:     75450.000000           1         -370.6976   
      2516:     75480.000000           1         -370.7002   
      2517:     75510.000000           1         -370.7009   
      2518:     75540.000000           1         -370.7000   
      2519:     75570.000000           1         -370.7030   
      2520:     75600.000000           1         -370.7054   
      2521:     75630.000000           1         -370.7058   
      2522:     75660.000000           1         -370.7066   
      2523:     75690.000000           1         -370.7090   
      2524:     75720.000000           1         -370.7112   
      2525:     75750.000000           1         -370.7144   
      2526:     75780.000000           1         -370.7168   
      2527:     75810.000000           1         -370.7180   
      2528:     75840.000000           1         -370.7195   
      2529:     75870.000000           1         -370.7231   
      2530:     75900.000000           1         -370.7233   
      2531:     75930.000000           1         -370.7272   
      2532:     75960.000000           1         -370.7272   
      2533:     75990.000000           1         -370.7277   
      2534:     76020.000000           1         -370.7325   
      2535:     76050.000000           1         -370.7336   
      2536:     76080.000000           1         -370.7364   
      2537:     76110.000000           1         -370.7376   
      2538:     76140.000000           1         -370.7404   
      2539:     76170.000000           1         -370.7394   
      2540:     76200.000000           1         -370.7417   
      2541:     76230.000000           1         -370.7488   
      2542:     76260.000000           1         -370.7508   
      2543:     76290.000000           1         -370.7538   
      2544:     76320.000000           1         -370.7544   
      2545:     76350.000000           1         -370.7568   
      2546:     76380.000000           1         -370.7587   
      2547:     76410.000000           1         -370.7596   
      2548:     76440.000000           1         -370.7598   
      2549:     76470.000000           1         -370.7633   
      2550:     76500.000000           1         -370.7668   
      2551:     76530.000000           1           12.8967   
      2552:     76560.000000           1           12.8982   
      2553:     76590.000000           1           12.8978   
      2554:     76620.000000           1           12.8955   
      2555:     76650.000000           1           12.8938   
      2556:     76680.000000           1           12.8918   
      2557:     76710.000000           1           12.8921   
      2558:     76740.000000           1           12.8899   
      2559:     76770.000000           1           12.8887   
      2560:     76800.000000           1           12.8852   
      2561:     76830.000000           1           12.8817   
      2562:     76860.000000           1           12.8775   
      2563:     76890.000000           1           12.8770   
      2564:     76920.000000           1           12.8728   
      2565:     76950.000000           1           12.8701   
      2566:     76980.000000           1         -297.0787   
      2567:     77010.000000           1           12.8652   
      2568:     77040.000000           1         -318.6075   
      2569:     77070.000000           1         -318.5785   
      2570:     77100.000000           1         -318.5523   
      2571:     77130.000000           1         -318.4978   
      2572:     77160.000000           1         -318.5355   
      2573:     77190.000000           1         -318.5529   
      2574:     77220.000000           1         -318.5627   
      2575:     77250.000000           1         -318.5434   
      2576:     77280.000000           1         -318.5267   
      2577:     77310.000000           1         -318.5092   
      2578:     77340.000000           1         -318.5021   
      2579:     77370.000000           1         -318.4987   
      2580:     77400.000000           1         -318.4846   
      2581:     77430.000000           1         -318.4844   
      2582:     77460.000000           1         -318.4924   
      2583:     77490.000000           1         -318.4867   
      2584:     77520.000000           1         -318.4820   
      2585:     77550.000000           1         -318.4971   
      2586:     77580.000000           1         -318.5036   
      2587:     77610.000000           1         -318.5114   
      2588:     77640.000000           1         -318.5209   
      2589:     77670.000000           1         -318.5267   
      2590:     77700.000000           1         -318.5280   
      2591:     77730.000000           1         -318.5333   
      2592:     77760.000000           1         -318.5439   
      2593:     77790.000000           1         -318.5568   
      2594:     77820.000000           1         -318.5597   
      2595:     77850.000000           1         -318.5689   
      2596:     77880.000000           1         -318.5777   
      2597:     77910.000000           1         -318.5961   
      2598:     77940.000000           1         -318.6024   
      2599:     77970.000000           1         -318.6131   
      2600:     78000.000000           1         -318.6202   
      2601:     78030.000000           1         -318.6261   
      2602:     78060.000000           1         -318.6384   
      2603:     78090.000000           1         -318.6509   
      2604:     78120.000000           1         -318.6563   
      2605:     78150.000000           1         -318.6663   
      2606:     78180.000000           1         -318.6754   
      2607:     78210.000000           1         -318.6834   
      2608:     78240.000000           1         -318.6874   
      2609:     78270.000000           1           12.7490   
      2610:     78300.000000           1           12.7457   
      2611:     78330.000000           1           12.7425   
      2612:     78360.000000           1           12.7402   
      2613:     78390.000000           1           12.7403   
      2614:     78420.000000           1           12.7409   
      2615:     78450.000000           1           12.7418   
      2616:     78480.000000           1           12.7399   
      2617:     78510.000000           1           12.7384   
      2618:     78540.000000           1           12.7371   
      2619:     78570.000000           1           12.7355   
      2620:     78600.000000           1           12.7306   
      2621:     78630.000000           1           12.7259   
      2622:     78660.000000           1           12.7205   
      2623:     78690.000000           1           12.7162   
      2624:     78720.000000           1           12.7099   
      2625:     78750.000000           1           12.7039   
      2626:     78780.000000           1           12.6984   
      2627:     78810.000000           1           12.6931   
      2628:     78840.000000           1           12.6897   
      2629:     78870.000000           1           12.6848   
      2630:     78900.000000           1           12.6803   
      2631:     78930.000000           1           12.6776   
      2632:     78960.000000           1           12.6757   
      2633:     78990.000000           1           12.6749   
      2634:     79020.000000           1           12.6746   
      2635:     79050.000000           1           12.6726   
      2636:     79080.000000           1           12.6717   
      2637:     79110.000000           1           12.6696   
      2638:     79140.000000           1           12.6690   
      2639:     79170.000000           1           12.6661   
      2640:     79200.000000           1           12.6607   
      2641:     79230.000000           1           12.6581   
      2642:     79260.000000           1           12.6531   
      2643:     79290.000000           1           12.6473   
      2644:     79320.000000           1           12.6440   
      2645:     79350.000000           1           12.6401   
      2646:     79380.000000           1           12.6369   
      2647:     79410.000000           1           12.6344   
      2648:     79440.000000           1           12.6313   
      2649:     79470.000000           1           12.6273   
      2650:     79500.000000           1           12.6253   
      2651:     79530.000000           1           12.6224   
      2652:     79560.000000           1           12.6194   
      2653:     79590.000000           1           12.6164   
      2654:     79620.000000           1         -318.9407   
      2655:     79650.000000           1         -318.9433   
      2656:     79680.000000           1         -318.9464   
      2657:     79710.000000           1         -318.9518   
      2658:     79740.000000           1         -318.9503   
      2659:     79770.000000           1           12.5951   
      2660:     79800.000000           1           12.5936   
      2661:     79830.000000           1          -30.8357   
      2662:     79860.000000           1           12.5860   
      2663:     79890.000000           1           12.5799   
      2664:     79920.000000           1           12.5763   
      2665:     79950.000000           1           12.5734   
      2666:     79980.000000           1           12.5705   
      2667:     80010.000000           1           12.5661   
      2668:     80040.000000           1           12.5640   
      2669:     80070.000000           1           12.5596   
      2670:     80100.000000           1           12.5580   
      2671:     80130.000000           1           12.5557   
      2672:     80160.000000           1           12.5544   
      2673:     80190.000000           1           12.5505   
      2674:     80220.000000           1           12.5491   
      2675:     80250.000000           1           12.5439   
      2676:     80280.000000           1           12.5413   
      2677:     80310.000000           1           12.5372   
      2678:     80340.000000           1           12.5356   
      2679:     80370.000000           1           12.5324   
      2680:     80400.000000           1           12.5292   
      2681:     80430.000000           1           12.5265   
      2682:     80460.000000           1           12.5220   
      2683:     80490.000000           1           12.5206   
      2684:     80520.000000           1           12.5180   
      2685:     80550.000000           1           12.5154   
      2686:     80580.000000           1           12.5123   
      2687:     80610.000000           1           12.5075   
      2688:     80640.000000           1           12.5046   
      2689:     80670.000000           1           12.5023   
      2690:     80700.000000           1           12.4988   
      2691:     80730.000000           1           12.4966   
      2692:     80760.000000           1           12.4916   
      2693:     80790.000000           1          -30.9350   
      2694:     80820.000000           1           12.4849   
      2695:     80850.000000           1          -30.9399   
      2696:     80880.000000           1           12.4773   
      2697:     80910.000000           1           12.4754   
      2698:     80940.000000           1         -272.5979   
      2699:     80970.000000           1         -272.6049   
      2700:     81000.000000           1         -272.6103   
      2701:     81030.000000           1         -272.6009   
      2702:     81060.000000           1         -272.6219   
      2703:     81090.000000           1         -272.5959   
      2704:     81120.000000           1         -272.5782   
      2705:     81150.000000           1         -272.5675   
      2706:     81180.000000           1         -272.5713   
      2707:     81210.000000           1         -272.5850   
      2708:     81240.000000           1         -272.5886   
      2709:     81270.000000           1         -272.5789   
      2710:     81300.000000           1         -272.5735   
      2711:     81330.000000           1         -272.5734   
      2712:     81360.000000           1         -272.5716   
      2713:     81390.000000           1         -272.5779   
      2714:     81420.000000           1         -272.5932   
      2715:     81450.000000           1         -272.5962   
      2716:     81480.000000           1         -272.6073   
      2717:     81510.000000           1           12.4152   
      2718:     81540.000000           1         -272.6151   
      2719:     81570.000000           1         -272.6156   
      2720:     81600.000000           1         -272.6268   
      2721:     81630.000000           1         -272.6292   
      2722:     81660.000000           1         -272.6262   
      2723:     81690.000000           1         -272.6377   
      2724:     81720.000000           1         -272.6469   
      2725:     81750.000000           1         -272.6503   
      2726:     81780.000000           1         -272.6491   
      2727:     81810.000000           1         -272.6577   
      2728:     81840.000000           1         -272.6666   
      2729:     81870.000000           1         -272.6691   
      2730:     81900.000000           1         -272.6720   
      2731:     81930.000000           1         -272.6741   
      2732:     81960.000000           1         -272.6749   
      2733:     81990.000000           1         -272.6767   
      2734:     82020.000000           1           12.3599   
      2735:     82050.000000           1           12.3554   
      2736:     82080.000000           1           12.3525   
      2737:     82110.000000           1           12.3508   
      2738:     82140.000000           1           12.3491   
      2739:     82170.000000           1           12.3445   
      2740:     82200.000000           1           12.3411   
      2741:     82230.000000           1           12.3379   
      2742:     82260.000000           1          -31.0312   
      2743:     82290.000000           1          -31.0301   
      2744:     82320.000000           1          -31.0291   
      2745:     82350.000000           1          -31.0285   
      2746:     82380.000000           1          -31.0285   
      2747:     82410.000000           1          -31.0283   
      2748:     82440.000000           1          -31.0271   
      2749:     82470.000000           1          -31.0328   
      2750:     82500.000000           1          -31.0355   
      2751:     82530.000000           1          -31.0404   
      2752:     82560.000000           1          -31.0438   
      2753:     82590.000000           1          -31.0450   
      2754:     82620.000000           1          -31.0456   
      2755:     82650.000000           1          -31.0475   
      2756:     82680.000000           1          -31.0495   
      2757:     82710.000000           1          -31.0507   
      2758:     82740.000000           1          -31.0539   
      2759:     82770.000000           1          -31.0563   
      2760:     82800.000000           1          -31.0601   
      2761:     82830.000000           1          -31.0613   
      2762:     82860.000000           1          -31.0635   
      2763:     82890.000000           1          -31.0676   
      2764:     82920.000000           1          -31.0696   
      2765:     82950.000000           1          -31.0774   
      2766:     82980.000000           1          -31.0812   
      2767:     83010.000000           1            9.9044   
      2768:     83040.000000           1            9.9155   
      2769:     83070.000000           1            9.9170   
      2770:     83100.000000           1            9.9106   
      2771:     83130.000000           1            9.9126   
      2772:     83160.000000           1            9.9116   
      2773:     83190.000000           1            9.9068   
      2774:     83220.000000           1          -31.1101   
      2775:     83250.000000           1          -31.1138   
      2776:     83280.000000           1          -31.1150   
      2777:     83310.000000           1          -31.1169   
      2778:     83340.000000           1          -31.1207   
      2779:     83370.000000           1          -31.1211   
      2780:     83400.000000           1          -31.1269   
      2781:     83430.000000           1          -31.1303   
      2782:     83460.000000           1          -31.1337   
      2783:     83490.000000           1          -31.1363   
      2784:     83520.000000           1          -31.1408   
      2785:     83550.000000           1          -31.1429   
      2786:     83580.000000           1          -31.1484   
      2787:     83610.000000           1          -31.1511   
      2788:     83640.000000           1          -31.1579   
      2789:     83670.000000           1          -31.1602   
      2790:     83700.000000           1          -31.1636   
      2791:     83730.000000           1          -31.1647   
      2792:     83760.000000           1          -31.1696   
      2793:     83790.000000           1          -31.1716   
      2794:     83820.000000           1          -31.1729   
      2795:     83850.000000           1          -31.1764   
      2797:     83910.000000           1          -31.1839   
      2798:     83940.000000           1          -31.1837   
      2799:     83970.000000           1           12.1565   
      2800:     84000.000000           1           12.1531   
      2801:     84030.000000           1           12.1531   
      2802:     84060.000000           1           12.1517   
