       831:     24930.000000           1          350.4855   
       832:     24960.000000           1          350.4954   
       834:     25020.000000           1          350.5100   
       835:     25050.000000           1          350.5311   
       836:     25080.000000           1          350.5372   
       837:     25110.000000           1          350.5491   
       838:     25140.000000           1          350.5581   
       839:     25170.000000           1          350.5610   
       840:     25200.000000           1          350.5688   
       841:     25230.000000           1          350.5760   
       842:     25260.000000           1          350.5984   
       843:     25290.000000           1          -37.6022   
       844:     25320.000000           1          350.5028   
       845:     25350.000000           1          350.6236   
       846:     25380.000000           1          350.6001   
       847:     25410.000000           1          350.6200   
       848:     25440.000000           1          350.6301   
       849:     25470.000000           1          350.6463   
       850:     25500.000000           1          350.6621   
       851:     25530.000000           1          350.6597   
       852:     25560.000000           1          350.6771   
       853:     25590.000000           1          350.6834   
       854:     25620.000000           1          350.6911   
       855:     25650.000000           1          350.7038   
       856:     25680.000000           1          350.7075   
       857:     25710.000000           1          350.7125   
       858:     25740.000000           1          350.7065   
       859:     25770.000000           1          350.7141   
       860:     25800.000000           1          350.7102   
       861:     25830.000000           1          350.7205   
       862:     25860.000000           1          350.7255   
       863:     25890.000000           1          350.7330   
       864:     25920.000000           1         -125.5570   
       865:     25950.000000           1         -125.8344   
       866:     25980.000000           1         -125.9416   
       867:     26010.000000           1         -125.9291   
       868:     26040.000000           1         -125.9256   
       869:     26070.000000           1         -125.9137   
       870:     26100.000000           1         -125.9402   
       871:     26130.000000           1         -125.9409   
       872:     26160.000000           1         -125.9579   
       873:     26190.000000           1         -125.9699   
       874:     26220.000000           1         -125.9839   
       875:     26250.000000           1         -126.0084   
       876:     26280.000000           1         -126.0207   
       877:     26310.000000           1         -126.0459   
       878:     26340.000000           1         -126.0746   
       879:     26370.000000           1         -126.0837   
       880:     26400.000000           1         -126.0974   
       881:     26430.000000           1         -126.0981   
       882:     26460.000000           1         -126.1092   
       883:     26490.000000           1         -126.1132   
       884:     26520.000000           1         -126.1130   
       885:     26550.000000           1         -126.1265   
       886:     26580.000000           1         -126.1401   
       887:     26610.000000           1         -126.1489   
       888:     26640.000000           1         -126.1568   
       889:     26670.000000           1         -126.1678   
       890:     26700.000000           1         -126.1956   
       891:     26730.000000           1         -126.2154   
       892:     26760.000000           1         -126.2241   
       893:     26790.000000           1         -126.2337   
       894:     26820.000000           1         -126.2325   
       895:     26850.000000           1         -126.2504   
       896:     26880.000000           1         -126.2519   
       897:     26910.000000           1         -126.2534   
       898:     26940.000000           1         -126.2606   
       899:     26970.000000           1         -126.2597   
       900:     27000.000000           1         -126.2544   
       901:     27030.000000           1         -126.2550   
       902:     27060.000000           1         -126.2649   
       903:     27090.000000           1         -126.2669   
       904:     27120.000000           1         -126.2603   
       905:     27150.000000           1         -126.2404   
       906:     27180.000000           1         -126.2251   
       907:     27210.000000           1         -126.2178   
       908:     27240.000000           1         -126.2138   
       909:     27270.000000           1         -126.2196   
       910:     27300.000000           1         -126.2294   
       911:     27330.000000           1         -126.2378   
       912:     27360.000000           1         -126.2502   
       913:     27390.000000           1         -126.2514   
       914:     27420.000000           1         -126.2425   
       915:     27450.000000           1         -126.2381   
       916:     27480.000000           1         -126.2349   
       917:     27510.000000           1         -126.2394   
       918:     27540.000000           1         -126.2375   
       919:     27570.000000           1         -126.2291   
       920:     27600.000000           1         -126.2250   
       921:     27630.000000           1         -126.2270   
       922:     27660.000000           1         -126.2332   
       923:     27690.000000           1         -126.2253   
       924:     27720.000000           1         -126.2260   
       925:     27750.000000           1         -126.2193   
       926:     27780.000000           1         -126.2162   
       927:     27810.000000           1         -126.2194   
       928:     27840.000000           1         -126.2162   
       929:     27870.000000           1         -126.2181   
       930:     27900.000000           1         -126.2113   
       931:     27930.000000           1         -126.2009   
       932:     27960.000000           1         -126.1942   
       933:     27990.000000           1         -126.2020   
       934:     28020.000000           1         -126.2010   
       935:     28050.000000           1         -126.2013   
       936:     28080.000000           1         -126.2001   
       937:     28110.000000           1         -126.1993   
       938:     28140.000000           1         -126.1935   
       939:     28170.000000           1         -126.1844   
       940:     28200.000000           1         -126.1853   
       941:     28230.000000           1         -126.1804   
       942:     28260.000000           1          -36.8499   
       943:     28290.000000           1         -126.1804   
       944:     28320.000000           1          -36.8335   
       945:     28350.000000           1          -36.8267   
       946:     28380.000000           1          -36.8198   
       947:     28410.000000           1          -36.8203   
       948:     28440.000000           1          -36.8130   
       949:     28470.000000           1          -36.8044   
       950:     28500.000000           1          -36.7960   
       951:     28530.000000           1          -36.7844   
       952:     28560.000000           1          -36.7844   
       953:     28590.000000           1          -36.7767   
       954:     28620.000000           1          -36.7771   
       955:     28650.000000           1          -36.7663   
       956:     28680.000000           1          -36.7639   
       957:     28710.000000           1          -36.7576   
       958:     28740.000000           1          -36.7527   
       959:     28770.000000           1          -36.7442   
       960:     28800.000000           1          -36.7323   
       961:     28830.000000           1          -36.7243   
       962:     28860.000000           1          -36.7139   
       963:     28890.000000           1          -36.6989   
       964:     28920.000000           1          -36.6883   
       965:     28950.000000           1          -36.6697   
       966:     28980.000000           1          -36.6678   
       967:     29010.000000           1          -36.6559   
       968:     29040.000000           1          -36.6460   
       969:     29070.000000           1         -126.0939   
       970:     29100.000000           1         -126.0918   
       971:     29130.000000           1         -126.0899   
       972:     29160.000000           1         -126.0887   
       973:     29190.000000           1         -126.0889   
       974:     29220.000000           1         -126.0899   
       975:     29250.000000           1         -126.0875   
       976:     29280.000000           1         -126.0845   
       977:     29310.000000           1         -126.0775   
       978:     29340.000000           1         -126.0754   
       979:     29370.000000           1         -126.0669   
       980:     29400.000000           1         -126.0736   
       981:     29430.000000           1         -126.0656   
       982:     29460.000000           1         -126.0625   
       983:     29490.000000           1         -126.0612   
       984:     29520.000000           1         -126.0560   
       985:     29550.000000           1         -126.0506   
       986:     29580.000000           1         -126.0491   
       987:     29610.000000           1         -126.0410   
       988:     29640.000000           1         -126.0384   
       989:     29670.000000           1         -126.0352   
       990:     29700.000000           1         -126.0237   
       991:     29730.000000           1         -126.0165   
       992:     29760.000000           1         -126.0031   
       993:     29790.000000           1         -125.9982   
       994:     29820.000000           1         -126.0012   
       995:     29850.000000           1         -126.0028   
       996:     29880.000000           1         -126.0078   
       997:     29910.000000           1         -126.0077   
       998:     29940.000000           1         -126.0138   
       999:     29970.000000           1         -126.0107   
      1000:     30000.000000           1         -126.0145   
      1001:     30030.000000           1         -126.0124   
      1002:     30060.000000           1         -126.0178   
      1003:     30090.000000           1         -126.0147   
      1004:     30120.000000           1         -126.0189   
      1005:     30150.000000           1         -126.0199   
      1006:     30180.000000           1         -126.0327   
      1007:     30210.000000           1         -126.0384   
      1008:     30240.000000           1         -126.0356   
      1009:     30270.000000           1         -126.0311   
      1010:     30300.000000           1         -126.0322   
      1011:     30330.000000           1         -126.0257   
      1012:     30360.000000           1         -126.0270   
      1013:     30390.000000           1         -126.0203   
      1014:     30420.000000           1         -126.0059   
      1015:     30450.000000           1         -126.0029   
      1016:     30480.000000           1         -125.9909   
      1017:     30510.000000           1         -125.9842   
      1018:     30540.000000           1         -125.9702   
      1019:     30570.000000           1         -125.9661   
      1020:     30600.000000           1         -125.9652   
      1021:     30630.000000           1         -125.9554   
      1022:     30660.000000           1         -125.9502   
      1023:     30690.000000           1         -125.9466   
      1024:     30720.000000           1         -125.9349   
      1025:     30750.000000           1         -125.9277   
      1026:     30780.000000           1         -125.9164   
      1027:     30810.000000           1         -125.9046   
      1028:     30840.000000           1         -125.9053   
      1029:     30870.000000           1         -125.8998   
      1030:     30900.000000           1         -125.8887   
      1031:     30930.000000           1         -125.8799   
      1032:     30960.000000           1         -125.8738   
      1033:     30990.000000           1         -125.8823   
      1034:     31020.000000           1         -125.8834   
      1035:     31050.000000           1         -125.8864   
      1036:     31080.000000           1         -125.8842   
      1037:     31110.000000           1         -125.8801   
      1038:     31140.000000           1         -125.8786   
      1039:     31170.000000           1         -125.8831   
      1040:     31200.000000           1         -125.8779   
      1041:     31230.000000           1         -125.8698   
      1042:     31260.000000           1         -125.8568   
      1043:     31290.000000           1         -125.8481   
      1044:     31320.000000           1         -125.8411   
      1045:     31350.000000           1         -125.8387   
      1046:     31380.000000           1         -125.8409   
      1047:     31410.000000           1         -125.8347   
      1048:     31440.000000           1         -125.8283   
      1049:     31470.000000           1         -125.8229   
      1050:     31500.000000           1         -125.8222   
      1051:     31530.000000           1         -125.8170   
      1052:     31560.000000           1         -125.8069   
      1053:     31590.000000           1         -125.7903   
      1054:     31620.000000           1         -125.7793   
      1055:     31650.000000           1         -125.7694   
      1056:     31680.000000           1         -125.7667   
      1057:     31710.000000           1         -125.7634   
      1058:     31740.000000           1         -125.7542   
      1059:     31770.000000           1         -125.7485   
      1060:     31800.000000           1         -125.7396   
      1061:     31830.000000           1         -125.7305   
      1062:     31860.000000           1         -125.7206   
      1063:     31890.000000           1         -125.7138   
      1064:     31920.000000           1         -125.7113   
      1065:     31950.000000           1         -125.7096   
      1066:     31980.000000           1         -125.7044   
      1067:     32010.000000           1         -125.7076   
      1068:     32040.000000           1         -125.7102   
      1069:     32070.000000           1         -125.7136   
      1070:     32100.000000           1         -125.7113   
      1071:     32130.000000           1         -125.7031   
      1072:     32160.000000           1         -125.6980   
      1073:     32190.000000           1         -125.6885   
      1074:     32220.000000           1         -125.6870   
      1075:     32250.000000           1         -125.6815   
      1076:     32280.000000           1         -125.6734   
      1077:     32310.000000           1         -125.6711   
      1078:     32340.000000           1         -125.6631   
      1079:     32370.000000           1         -125.6599   
      1080:     32400.000000           1         -125.6587   
      1081:     32430.000000           1         -125.6637   
      1082:     32460.000000           1         -125.6588   
      1083:     32490.000000           1         -125.6567   
      1084:     32520.000000           1         -125.6514   
      1085:     32550.000000           1         -125.6468   
      1086:     32580.000000           1         -125.6392   
      1087:     32610.000000           1         -125.6395   
      1088:     32640.000000           1         -125.6341   
      1089:     32670.000000           1         -125.6304   
      1090:     32700.000000           1         -125.6211   
      1091:     32730.000000           1         -125.6200   
      1092:     32760.000000           1         -125.6082   
      1093:     32790.000000           1         -125.6119   
      1094:     32820.000000           1         -125.6162   
      1095:     32850.000000           1         -125.6154   
      1096:     32880.000000           1         -125.6067   
      1097:     32910.000000           1         -125.6096   
      1098:     32940.000000           1         -125.6007   
      1099:     32970.000000           1         -125.5992   
      1100:     33000.000000           1         -125.5918   
      1101:     33030.000000           1         -125.5855   
      1102:     33060.000000           1         -125.5840   
      1103:     33090.000000           1         -125.5780   
      1104:     33120.000000           1         -125.5765   
      1105:     33150.000000           1         -125.5723   
      1106:     33180.000000           1         -125.5640   
      1107:     33210.000000           1         -125.5574   
      1108:     33240.000000           1         -125.5498   
      1109:     33270.000000           1         -125.5399   
      1110:     33300.000000           1         -125.5315   
      1111:     33330.000000           1         -125.5227   
      1112:     33360.000000           1         -125.5161   
      1113:     33390.000000           1         -125.5074   
      1114:     33420.000000           1         -125.4949   
      1115:     33450.000000           1         -125.4846   
      1116:     33480.000000           1         -125.4729   
      1117:     33510.000000           1         -125.4606   
      1118:     33540.000000           1         -125.4545   
      1119:     33570.000000           1         -125.4444   
      1120:     33600.000000           1         -125.4372   
      1121:     33630.000000           1         -125.4307   
      1122:     33660.000000           1         -125.4326   
      1123:     33690.000000           1         -125.4367   
      1124:     33720.000000           1         -125.4336   
      1125:     33750.000000           1         -125.4271   
      1126:     33780.000000           1         -125.4233   
      1127:     33810.000000           1         -125.4183   
      1128:     33840.000000           1         -125.4212   
      1129:     33870.000000           1         -125.4140   
      1130:     33900.000000           1         -125.4130   
      1131:     33930.000000           1         -125.4116   
      1132:     33960.000000           1          -35.6812   
      1133:     33990.000000           1          -35.6746   
      1134:     34020.000000           1          -35.6627   
      1135:     34050.000000           1          -35.6549   
      1136:     34080.000000           1          -35.6469   
      1137:     34110.000000           1          -35.6446   
      1138:     34140.000000           1          -35.6428   
      1139:     34170.000000           1          -35.6343   
      1140:     34200.000000           1          -35.6250   
      1141:     34230.000000           1          -35.6262   
      1142:     34260.000000           1          -35.6244   
      1143:     34290.000000           1          -35.6244   
      1144:     34320.000000           1          -35.6151   
      1145:     34350.000000           1          -35.6056   
      1146:     34380.000000           1          -35.5975   
      1147:     34410.000000           1          -35.5982   
      1148:     34440.000000           1          -35.5949   
      1149:     34470.000000           1          -35.5864   
      1150:     34500.000000           1          -35.5685   
      1151:     34530.000000           1          -35.5650   
      1152:     34560.000000           1          -35.5508   
      1153:     34590.000000           1          -35.5340   
      1154:     34620.000000           1          -35.5288   
      1155:     34650.000000           1          -35.5259   
      1156:     34680.000000           1          -35.5194   
      1157:     34710.000000           1          -35.5145   
      1158:     34740.000000           1          -35.5129   
      1159:     34770.000000           1          -35.5106   
      1160:     34800.000000           1          -35.5050   
      1161:     34830.000000           1          -35.4985   
      1162:     34860.000000           1          -35.4948   
      1163:     34890.000000           1          -35.4866   
      1164:     34920.000000           1          -35.4809   
      1165:     34950.000000           1         -125.2080   
      1166:     34980.000000           1         -125.1989   
      1167:     35010.000000           1         -125.1956   
      1168:     35040.000000           1         -125.1918   
      1169:     35070.000000           1         -125.1893   
      1170:     35100.000000           1          -35.4547   
      1171:     35130.000000           1         -125.1784   
      1172:     35160.000000           1          -35.4358   
      1173:     35190.000000           1         -125.1668   
      1174:     35220.000000           1         -125.1587   
      1175:     35250.000000           1          -35.4189   
      1176:     35280.000000           1          -35.4112   
      1177:     35310.000000           1          -35.4002   
      1178:     35340.000000           1          -35.3965   
      1179:     35370.000000           1          -35.3889   
      1180:     35400.000000           1          -35.3766   
      1181:     35430.000000           1          -35.3718   
      1182:     35460.000000           1          -35.3626   
      1183:     35490.000000           1          -35.3537   
      1184:     35520.000000           1          -35.3428   
      1185:     35550.000000           1          -35.3333   
      1186:     35580.000000           1          -35.3252   
      1187:     35610.000000           1          -35.3176   
      1188:     35640.000000           1          -35.3085   
      1189:     35670.000000           1          -35.3005   
      1190:     35700.000000           1          -35.2975   
      1191:     35730.000000           1          -35.2899   
      1192:     35760.000000           1          -35.2817   
      1193:     35790.000000           1          -35.2730   
      1194:     35820.000000           1          -35.2610   
      1195:     35850.000000           1          -35.2463   
      1196:     35880.000000           1          -35.2329   
      1197:     35910.000000           1          -35.2272   
      1198:     35940.000000           1          -35.2207   
      1199:     35970.000000           1          -35.2156   
      1200:     36000.000000           1          -35.2024   
      1201:     36030.000000           1         -124.9319   
      1202:     36060.000000           1          -35.1962   
      1203:     36090.000000           1          -35.1991   
      1204:     36120.000000           1          -35.1987   
      1205:     36150.000000           1         -124.9183   
      1206:     36180.000000           1         -124.9196   
      1207:     36210.000000           1         -124.9241   
      1208:     36240.000000           1         -124.9201   
      1209:     36270.000000           1         -124.9258   
      1210:     36300.000000           1         -124.9159   
      1211:     36330.000000           1         -124.9134   
      1212:     36360.000000           1         -124.9159   
      1213:     36390.000000           1         -124.9114   
      1214:     36420.000000           1         -124.9037   
      1215:     36450.000000           1         -124.8986   
      1216:     36480.000000           1          -35.1681   
      1217:     36510.000000           1          -35.1625   
      1218:     36540.000000           1         -124.8881   
      1219:     36570.000000           1          -35.1582   
      1220:     36600.000000           1          -35.1511   
      1221:     36630.000000           1          -35.1426   
      1222:     36660.000000           1          -35.1421   
      1223:     36690.000000           1          -35.1294   
      1224:     36720.000000           1          -35.1289   
      1225:     36750.000000           1          -35.1218   
      1226:     36780.000000           1          -35.1158   
      1227:     36810.000000           1          -35.1114   
      1228:     36840.000000           1          -35.1096   
      1229:     36870.000000           1          -35.1049   
      1230:     36900.000000           1          -35.0968   
      1231:     36930.000000           1          -35.0964   
      1232:     36960.000000           1          -35.0945   
      1233:     36990.000000           1          -35.0893   
      1234:     37020.000000           1          -35.0841   
      1235:     37050.000000           1          -35.0827   
      1236:     37080.000000           1          -35.0795   
      1237:     37110.000000           1          -35.0735   
      1238:     37140.000000           1          -35.0729   
      1239:     37170.000000           1          -35.0731   
      1240:     37200.000000           1          -35.0793   
      1241:     37230.000000           1          -35.0801   
      1242:     37260.000000           1          -35.0764   
      1243:     37290.000000           1          -35.0680   
      1244:     37320.000000           1          -35.0660   
      1245:     37350.000000           1          -35.0555   
      1246:     37380.000000           1          -35.0491   
      1247:     37410.000000           1          -35.0404   
      1248:     37440.000000           1          -35.0401   
      1249:     37470.000000           1          -35.0314   
      1250:     37500.000000           1          -35.0212   
      1251:     37530.000000           1          -35.0165   
      1252:     37560.000000           1          -35.0178   
      1253:     37590.000000           1          -35.0099   
      1254:     37620.000000           1          -35.0055   
      1255:     37650.000000           1          -35.0006   
      1256:     37680.000000           1         -124.7199   
      1257:     37710.000000           1         -124.7184   
      1258:     37740.000000           1          -34.9899   
      1259:     37770.000000           1         -124.7032   
      1260:     37800.000000           1         -124.6932   
      1261:     37830.000000           1         -124.6867   
      1262:     37860.000000           1         -124.6809   
      1263:     37890.000000           1         -124.6739   
      1264:     37920.000000           1          -34.9510   
      1265:     37950.000000           1         -124.6604   
      1266:     37980.000000           1         -124.6542   
      1267:     38010.000000           1         -124.6529   
      1268:     38040.000000           1         -124.6455   
      1269:     38070.000000           1         -124.6433   
      1270:     38100.000000           1         -124.6313   
      1271:     38130.000000           1         -124.6259   
      1272:     38160.000000           1         -124.6294   
      1273:     38190.000000           1         -124.6214   
      1274:     38220.000000           1         -124.6207   
      1275:     38250.000000           1         -124.6196   
      1276:     38280.000000           1         -124.6146   
      1277:     38310.000000           1         -124.6062   
      1278:     38340.000000           1         -124.6027   
      1279:     38370.000000           1         -124.6000   
      1280:     38400.000000           1         -124.6063   
      1281:     38430.000000           1         -124.6037   
      1282:     38460.000000           1         -124.6041   
      1283:     38490.000000           1         -124.6026   
      1284:     38520.000000           1         -124.5988   
      1285:     38550.000000           1         -124.5867   
      1286:     38580.000000           1         -124.5826   
      1287:     38610.000000           1         -124.5819   
      1288:     38640.000000           1         -124.5757   
      1289:     38670.000000           1         -124.5765   
      1290:     38700.000000           1         -124.5765   
      1291:     38730.000000           1         -124.5678   
      1292:     38760.000000           1         -124.5633   
      1293:     38790.000000           1         -124.5622   
      1294:     38820.000000           1         -124.5685   
      1295:     38850.000000           1         -124.5619   
      1296:     38880.000000           1         -124.5544   
      1297:     38910.000000           1         -124.5506   
      1298:     38940.000000           1         -124.5470   
      1299:     38970.000000           1         -124.5415   
      1300:     39000.000000           1         -124.5368   
      1301:     39030.000000           1         -124.5355   
      1302:     39060.000000           1         -124.5298   
      1303:     39090.000000           1         -124.5265   
      1304:     39120.000000           1         -124.5115   
      1305:     39150.000000           1         -124.5081   
      1306:     39180.000000           1         -124.5099   
      1307:     39210.000000           1         -124.5099   
      1308:     39240.000000           1         -124.5032   
      1309:     39270.000000           1         -124.5055   
      1310:     39300.000000           1         -124.5047   
      1311:     39330.000000           1         -124.5023   
      1312:     39360.000000           1         -124.4987   
      1313:     39390.000000           1         -124.4990   
      1314:     39420.000000           1         -124.4988   
      1315:     39450.000000           1         -124.4975   
      1316:     39480.000000           1         -124.4979   
      1317:     39510.000000           1         -124.4904   
      1318:     39540.000000           1         -124.4898   
      1319:     39570.000000           1         -124.4833   
      1320:     39600.000000           1         -124.4810   
      1321:     39630.000000           1         -124.4731   
      1322:     39660.000000           1         -124.4707   
      1323:     39690.000000           1         -124.4690   
      1324:     39720.000000           1         -124.4698   
      1325:     39750.000000           1         -124.4667   
      1326:     39780.000000           1         -124.4636   
      1327:     39810.000000           1         -124.4576   
      1328:     39840.000000           1         -124.4525   
      1329:     39870.000000           1         -124.4501   
      1330:     39900.000000           1         -124.4484   
      1331:     39930.000000           1         -124.4445   
      1332:     39960.000000           1         -124.4394   
      1333:     39990.000000           1         -124.4424   
      1334:     40020.000000           1         -124.4470   
      1335:     40050.000000           1         -124.4415   
      1336:     40080.000000           1         -124.4400   
      1337:     40110.000000           1         -124.4312   
      1338:     40140.000000           1         -124.4339   
      1339:     40170.000000           1         -124.4331   
      1340:     40200.000000           1         -124.4291   
      1341:     40230.000000           1         -124.4246   
      1342:     40260.000000           1         -124.4183   
      1343:     40290.000000           1         -124.4173   
      1344:     40320.000000           1         -124.4116   
      1345:     40350.000000           1         -124.4094   
      1346:     40380.000000           1         -124.4068   
      1347:     40410.000000           1         -124.3996   
      1348:     40440.000000           1         -124.4009   
      1349:     40470.000000           1         -124.3970   
      1350:     40500.000000           1         -124.3922   
      1351:     40530.000000           1         -124.3865   
      1352:     40560.000000           1         -124.3817   
      1353:     40590.000000           1         -124.3813   
      1354:     40620.000000           1         -124.3769   
      1355:     40650.000000           1         -124.3712   
      1356:     40680.000000           1         -124.3672   
      1357:     40710.000000           1         -124.3602   
      1358:     40740.000000           1         -124.3569   
      1359:     40770.000000           1         -124.3582   
      1360:     40800.000000           1         -124.3543   
      1361:     40830.000000           1         -124.3545   
      1362:     40860.000000           1         -124.3531   
      1363:     40890.000000           1         -124.3499   
      1364:     40920.000000           1         -124.3479   
      1365:     40950.000000           1         -124.3441   
      1366:     40980.000000           1         -124.3413   
      1367:     41010.000000           1         -124.3355   
      1368:     41040.000000           1         -124.3325   
      1369:     41070.000000           1         -124.3294   
      1370:     41100.000000           1         -124.3276   
      1371:     41130.000000           1         -124.3221   
      1372:     41160.000000           1         -124.3201   
      1373:     41190.000000           1         -124.3163   
      1374:     41220.000000           1         -124.3196   
      1375:     41250.000000           1         -124.3202   
      1376:     41280.000000           1         -124.3213   
      1377:     41310.000000           1         -124.3171   
      1378:     41340.000000           1         -124.3177   
      1379:     41370.000000           1         -124.3220   
      1380:     41400.000000           1         -124.3244   
      1381:     41430.000000           1         -124.3219   
      1382:     41460.000000           1         -124.3203   
      1383:     41490.000000           1         -124.3136   
      1384:     41520.000000           1         -124.3136   
      1385:     41550.000000           1         -124.3131   
      1386:     41580.000000           1         -124.3143   
      1387:     41610.000000           1         -124.3146   
      1388:     41640.000000           1         -124.3139   
      1389:     41670.000000           1         -124.3131   
      1390:     41700.000000           1         -124.3112   
      1391:     41730.000000           1         -124.3168   
      1392:     41760.000000           1         -124.3210   
      1393:     41790.000000           1         -124.3240   
      1394:     41820.000000           1         -124.3220   
      1395:     41850.000000           1         -124.3257   
      1396:     41880.000000           1         -124.3268   
      1397:     41910.000000           1         -124.3243   
      1398:     41940.000000           1         -124.3222   
      1399:     41970.000000           1         -124.3249   
      1400:     42000.000000           1         -124.3229   
      1401:     42030.000000           1         -124.3204   
      1402:     42060.000000           1         -124.3205   
      1403:     42090.000000           1         -124.3214   
      1404:     42120.000000           1         -124.3228   
      1405:     42150.000000           1         -124.3280   
      1406:     42180.000000           1         -124.3291   
      1407:     42210.000000           1         -124.3306   
      1408:     42240.000000           1         -124.3316   
      1409:     42270.000000           1         -124.3375   
      1410:     42300.000000           1         -124.3397   
      1411:     42330.000000           1         -124.3377   
      1412:     42360.000000           1         -124.3401   
      1413:     42390.000000           1         -124.3485   
      1414:     42420.000000           1         -124.3506   
      1415:     42450.000000           1         -124.3532   
      1416:     42480.000000           1         -124.3553   
      1417:     42510.000000           1         -124.3585   
      1418:     42540.000000           1         -124.3566   
      1419:     42570.000000           1         -124.3553   
      1420:     42600.000000           1         -124.3548   
      1421:     42630.000000           1         -124.3505   
      1422:     42660.000000           1         -124.3449   
      1423:     42690.000000           1         -124.3426   
      1424:     42720.000000           1         -124.3443   
      1425:     42750.000000           1         -124.3380   
      1426:     42780.000000           1         -124.3276   
      1427:     42810.000000           1         -124.3233   
      1428:     42840.000000           1         -124.3220   
      1429:     42870.000000           1         -124.3220   
      1430:     42900.000000           1         -124.3221   
      1431:     42930.000000           1         -124.3184   
      1432:     42960.000000           1         -124.3192   
      1433:     42990.000000           1         -124.3209   
      1434:     43020.000000           1         -124.3180   
      1435:     43050.000000           1         -124.3198   
      1436:     43080.000000           1         -124.3194   
      1437:     43110.000000           1         -124.3163   
      1438:     43140.000000           1         -124.3135   
      1439:     43170.000000           1         -124.3108   
      1440:     43200.000000           1         -124.3056   
      1441:     43230.000000           1         -124.2998   
      1442:     43260.000000           1         -124.2985   
      1443:     43290.000000           1         -124.2950   
      1444:     43320.000000           1         -124.2955   
      1445:     43350.000000           1         -124.2954   
      1446:     43380.000000           1         -124.2930   
      1447:     43410.000000           1         -124.2875   
      1448:     43440.000000           1         -124.2844   
      1449:     43470.000000           1         -124.2859   
      1450:     43500.000000           1         -124.2855   
      1451:     43530.000000           1         -124.2841   
      1452:     43560.000000           1         -124.2797   
      1453:     43590.000000           1         -124.2787   
      1454:     43620.000000           1         -124.2763   
      1455:     43650.000000           1         -124.2715   
      1456:     43680.000000           1         -124.2718   
      1457:     43710.000000           1         -124.2742   
      1458:     43740.000000           1         -124.2794   
      1459:     43770.000000           1         -124.2837   
      1460:     43800.000000           1         -124.2859   
      1461:     43830.000000           1         -124.2849   
      1462:     43860.000000           1         -124.2857   
      1463:     43890.000000           1         -124.2853   
      1464:     43920.000000           1         -124.2856   
      1465:     43950.000000           1         -124.2832   
      1466:     43980.000000           1         -124.2826   
      1467:     44010.000000           1         -124.2785   
      1468:     44040.000000           1         -124.2749   
      1469:     44070.000000           1         -124.2724   
      1470:     44100.000000           1         -124.2683   
      1471:     44130.000000           1         -124.2671   
      1472:     44160.000000           1         -124.2714   
      1473:     44190.000000           1         -124.2767   
      1474:     44220.000000           1         -124.2832   
      1475:     44250.000000           1         -124.2832   
      1476:     44280.000000           1         -124.2820   
      1477:     44310.000000           1         -124.2841   
      1478:     44340.000000           1         -124.2832   
      1479:     44370.000000           1         -124.2832   
      1480:     44400.000000           1         -124.2831   
      1481:     44430.000000           1         -124.2856   
      1482:     44460.000000           1         -124.2909   
      1483:     44490.000000           1         -124.2927   
      1484:     44520.000000           1         -124.2979   
      1485:     44550.000000           1         -124.3026   
      1486:     44580.000000           1         -124.3063   
      1487:     44610.000000           1         -124.3083   
      1488:     44640.000000           1         -124.3066   
      1489:     44670.000000           1         -124.3040   
      1490:     44700.000000           1         -124.3052   
      1491:     44730.000000           1         -124.3077   
      1492:     44760.000000           1         -124.3083   
      1493:     44790.000000           1         -124.3057   
      1494:     44820.000000           1         -124.2998   
      1495:     44850.000000           1         -124.2955   
      1496:     44880.000000           1         -124.2890   
      1497:     44910.000000           1         -124.2844   
      1498:     44940.000000           1         -124.2804   
      1499:     44970.000000           1         -124.2788   
      1500:     45000.000000           1         -124.2732   
      1501:     45030.000000           1         -124.2768   
      1502:     45060.000000           1         -124.2834   
      1503:     45090.000000           1         -124.2889   
      1504:     45120.000000           1         -124.2978   
      1505:     45150.000000           1         -124.3068   
      1506:     45180.000000           1         -124.3091   
      1507:     45210.000000           1         -124.3147   
      1508:     45240.000000           1         -124.3220   
      1509:     45270.000000           1         -124.3214   
      1510:     45300.000000           1         -124.3248   
      1511:     45330.000000           1         -124.3299   
      1512:     45360.000000           1         -124.3301   
      1513:     45390.000000           1         -124.3298   
      1514:     45420.000000           1         -124.3307   
      1515:     45450.000000           1         -124.3294   
      1516:     45480.000000           1         -124.3286   
      1517:     45510.000000           1         -124.3299   
      1518:     45540.000000           1         -124.3300   
      1519:     45570.000000           1         -124.3290   
      1520:     45600.000000           1         -124.3284   
      1521:     45630.000000           1         -124.3269   
      1522:     45660.000000           1         -124.3211   
      1523:     45690.000000           1         -124.3202   
      1524:     45720.000000           1         -124.3217   
      1525:     45750.000000           1         -124.3237   
      1526:     45780.000000           1         -124.3274   
      1527:     45810.000000           1           42.7264   
      1528:     45840.000000           1         -124.1881   
      1529:     45870.000000           1           42.7381   
      1530:     45900.000000           1         -124.5415   
      1531:     45930.000000           1         -124.4089   
      1532:     45960.000000           1         -124.2910   
      1533:     45990.000000           1         -124.3792   
      1534:     46020.000000           1         -124.4207   
      1535:     46050.000000           1         -124.4257   
      1536:     46080.000000           1         -124.4255   
      1537:     46110.000000           1           42.7737   
      1538:     46140.000000           1         -124.3561   
      1539:     46170.000000           1         -124.3503   
      1540:     46200.000000           1         -124.2872   
      1541:     46230.000000           1         -124.3449   
      1542:     46260.000000           1         -124.4104   
      1543:     46290.000000           1         -124.4276   
      1544:     46320.000000           1         -124.4255   
      1545:     46350.000000           1           42.7810   
      1546:     46380.000000           1         -124.4384   
      1547:     46410.000000           1         -124.4942   
      1548:     46440.000000           1         -124.4443   
      1549:     46470.000000           1         -124.3803   
      1550:     46500.000000           1         -124.3958   
      1551:     46530.000000           1         -124.3899   
      1552:     46560.000000           1         -124.4034   
      1553:     46590.000000           1         -124.3699   
      1554:     46620.000000           1         -124.3725   
      1555:     46650.000000           1         -124.3614   
      1556:     46680.000000           1         -124.3840   
      1557:     46710.000000           1         -124.3882   
      1558:     46740.000000           1         -124.4068   
      1559:     46770.000000           1         -124.4138   
      1560:     46800.000000           1           42.6874   
      1561:     46830.000000           1         -124.6620   
      1562:     46860.000000           1         -124.5828   
      1563:     46890.000000           1         -124.6203   
      1564:     46920.000000           1         -124.5773   
      1565:     46950.000000           1         -124.5428   
      1566:     46980.000000           1         -124.5641   
      1567:     47010.000000           1         -124.5244   
      1568:     47040.000000           1         -124.5075   
      1569:     47070.000000           1         -124.5035   
      1570:     47100.000000           1         -124.5162   
      1571:     47130.000000           1         -124.5238   
      1572:     47160.000000           1         -124.5432   
      1573:     47190.000000           1         -124.5533   
      1574:     47220.000000           1           42.6285   
      1575:     47250.000000           1         -707.2045   
      1576:     47280.000000           1         -707.0298   
      1577:     47310.000000           1         -706.9777   
      1578:     47340.000000           1         -706.8595   
      1579:     47370.000000           1         -706.8996   
      1580:     47400.000000           1         -706.9001   
      1581:     47430.000000           1           42.6153   
      1582:     47460.000000           1           42.6090   
      1583:     47490.000000           1           42.6022   
      1584:     47520.000000           1           42.5963   
      1585:     47550.000000           1           42.5860   
      1586:     47580.000000           1           42.5805   
      1587:     47610.000000           1           42.5760   
      1588:     47640.000000           1           42.5697   
      1589:     47670.000000           1           42.5641   
      1590:     47700.000000           1           42.5639   
      1591:     47730.000000           1           42.5596   
      1592:     47760.000000           1           42.5552   
      1593:     47790.000000           1           42.5540   
      1594:     47820.000000           1           42.5568   
      1595:     47850.000000           1           42.5558   
      1596:     47880.000000           1           42.5543   
      1597:     47910.000000           1           42.5523   
      1598:     47940.000000           1           42.5552   
      1599:     47970.000000           1           42.5543   
      1600:     48000.000000           1           42.5542   
      1601:     48030.000000           1           42.5573   
      1603:     48090.000000           1           42.5612   
      1604:     48120.000000           1           42.5601   
      1605:     48150.000000           1           42.5611   
      1606:     48180.000000           1           42.5554   
      1607:     48210.000000           1           42.5490   
      2169:     65070.000000           1          148.1523   
      2170:     65100.000000           1          148.1557   
      2172:     65160.000000           1          148.1604   
      2173:     65190.000000           1          148.1592   
      2174:     65220.000000           1          148.1604   
      2175:     65250.000000           1          148.1587   
      2176:     65280.000000           1          148.1554   
      2177:     65310.000000           1          148.1547   
      2178:     65340.000000           1          148.1536   
      2179:     65370.000000           1          148.1516   
      2180:     65400.000000           1          148.1541   
      2181:     65430.000000           1          148.1563   
      2182:     65460.000000           1          148.1615   
      2183:     65490.000000           1          148.1631   
      2184:     65520.000000           1          148.1681   
      2185:     65550.000000           1          148.1701   
      2186:     65580.000000           1          148.1710   
      2187:     65610.000000           1          148.1726   
      2188:     65640.000000           1          148.1759   
      2189:     65670.000000           1          -18.5240   
      2190:     65700.000000           1          148.3773   
      2191:     65730.000000           1          148.2426   
      2192:     65760.000000           1          150.2257   
      2193:     65790.000000           1          147.3307   
      2194:     65820.000000           1          147.7681   
      2195:     65850.000000           1          148.2500   
      2196:     65880.000000           1          148.1956   
      2197:     65910.000000           1          148.0583   
      2198:     65940.000000           1          147.7204   
      2199:     65970.000000           1          147.7556   
      2200:     66000.000000           1          147.6659   
      2201:     66030.000000           1          147.6360   
      2202:     66060.000000           1          147.5420   
      2203:     66090.000000           1          147.5047   
      2204:     66120.000000           1          147.4284   
      2205:     66150.000000           1          147.5028   
      2206:     66180.000000           1          147.5236   
      2207:     66210.000000           1          147.5710   
      2208:     66240.000000           1          147.5584   
      2209:     66270.000000           1          147.5297   
      2210:     66300.000000           1          147.5206   
      2211:     66330.000000           1          147.5711   
      2212:     66360.000000           1          147.6389   
      2213:     66390.000000           1          147.7083   
      2214:     66420.000000           1          147.7714   
      2215:     66450.000000           1          147.8503   
      2216:     66480.000000           1          147.8983   
      2217:     66510.000000           1          147.9796   
      2218:     66540.000000           1          148.0743   
      2219:     66570.000000           1          -18.4811   
      2220:     66600.000000           1          -18.4791   
      2221:     66630.000000           1          -18.4783   
      2222:     66660.000000           1          -18.4754   
      2223:     66690.000000           1          -18.4716   
      2224:     66720.000000           1          -18.4707   
      2225:     66750.000000           1          -18.4695   
      2226:     66780.000000           1          -18.4712   
      2227:     66810.000000           1          -18.4677   
      2228:     66840.000000           1          -18.4695   
      2229:     66870.000000           1          -18.4676   
      2230:     66900.000000           1          -18.4644   
      2231:     66930.000000           1          -18.4620   
      2232:     66960.000000           1          -18.4613   
      2233:     66990.000000           1          -18.4563   
      2234:     67020.000000           1          -18.4556   
      2235:     67050.000000           1          -18.4577   
      2236:     67080.000000           1          -18.4579   
      2237:     67110.000000           1          -18.4587   
      2238:     67140.000000           1          -18.4580   
      2239:     67170.000000           1          -18.4581   
      2240:     67200.000000           1          -18.4577   
      2241:     67230.000000           1          -18.4544   
      2242:     67260.000000           1          -18.4546   
      2243:     67290.000000           1          -18.4537   
      2244:     67320.000000           1          -18.4506   
      2245:     67350.000000           1          303.0322   
      2246:     67380.000000           1          303.0342   
      2247:     67410.000000           1          303.0286   
      2248:     67440.000000           1          303.0542   
      2249:     67470.000000           1          303.0233   
      2250:     67500.000000           1          303.0063   
      2251:     67530.000000           1          302.9923   
      2252:     67560.000000           1          302.9953   
      2253:     67590.000000           1          303.0149   
      2254:     67620.000000           1          303.0259   
      2255:     67650.000000           1          303.0314   
      2256:     67680.000000           1          303.0258   
      2257:     67710.000000           1          303.0309   
      2258:     67740.000000           1          303.0301   
      2259:     67770.000000           1          303.0360   
      2260:     67800.000000           1          303.0425   
      2261:     67830.000000           1          303.0585   
      2262:     67860.000000           1          303.0732   
      2263:     67890.000000           1          303.0857   
      2264:     67920.000000           1          303.0989   
      2265:     67950.000000           1          303.1111   
      2266:     67980.000000           1          303.1232   
      2267:     68010.000000           1          303.1242   
      2268:     68040.000000           1          303.1216   
      2269:     68070.000000           1          303.1303   
      2270:     68100.000000           1          303.1354   
      2271:     68130.000000           1          303.1426   
      2272:     68160.000000           1          303.1531   
      2273:     68190.000000           1          303.1586   
      2274:     68220.000000           1          303.1709   
      2275:     68250.000000           1          303.1772   
      2276:     68280.000000           1          303.1835   
      2277:     68310.000000           1          303.1833   
      2278:     68340.000000           1          303.1922   
      2279:     68370.000000           1          303.1953   
      2280:     68400.000000           1          303.1957   
      2281:     68430.000000           1          303.2011   
      2282:     68460.000000           1          303.2051   
      2283:     68490.000000           1          303.2121   
      2284:     68520.000000           1          303.2204   
      2285:     68550.000000           1          303.2245   
      2286:     68580.000000           1          303.2303   
      2287:     68610.000000           1          303.2378   
      2288:     68640.000000           1          303.2432   
      2289:     68670.000000           1          303.2454   
      2290:     68700.000000           1          303.2481   
      2291:     68730.000000           1          303.2438   
      2292:     68760.000000           1          303.2471   
      2293:     68790.000000           1          303.2535   
      2294:     68820.000000           1          303.2560   
      2295:     68850.000000           1          303.2583   
      2296:     68880.000000           1          303.2610   
      2297:     68910.000000           1          303.2642   
      2298:     68940.000000           1          303.2701   
      2299:     68970.000000           1          303.2706   
      2300:     69000.000000           1          303.2756   
      2301:     69030.000000           1          303.2809   
      2302:     69060.000000           1          303.2895   
      2303:     69090.000000           1          303.3007   
      2304:     69120.000000           1          303.3116   
      2305:     69150.000000           1          303.3154   
      2306:     69180.000000           1          303.3121   
      2307:     69210.000000           1          303.3142   
      2308:     69240.000000           1          303.3205   
      2309:     69270.000000           1          303.3255   
      2310:     69300.000000           1          303.3298   
      2311:     69330.000000           1          303.3352   
      2312:     69360.000000           1          303.3432   
      2313:     69390.000000           1          303.3503   
      2314:     69420.000000           1          303.3537   
      2315:     69450.000000           1          303.3593   
      2316:     69480.000000           1          303.3655   
      2317:     69510.000000           1          303.3680   
      2318:     69540.000000           1          303.3713   
      2319:     69570.000000           1          303.3745   
      2320:     69600.000000           1          303.3799   
      2321:     69630.000000           1          303.3816   
      2322:     69660.000000           1          303.3893   
      2323:     69690.000000           1          303.3881   
      2324:     69720.000000           1          303.3875   
      2325:     69750.000000           1          303.3892   
      2326:     69780.000000           1          303.3928   
      2327:     69810.000000           1          303.3944   
      2328:     69840.000000           1          303.4008   
      2329:     69870.000000           1          303.4029   
      2330:     69900.000000           1          303.4051   
      2331:     69930.000000           1          303.4071   
      2332:     69960.000000           1          303.4062   
      2333:     69990.000000           1          303.4104   
      2334:     70020.000000           1          303.4130   
      2335:     70050.000000           1          303.4150   
      2336:     70080.000000           1          303.4161   
      2337:     70110.000000           1          303.4205   
      2338:     70140.000000           1          303.4211   
      2339:     70170.000000           1          303.4245   
      2340:     70200.000000           1          303.4419   
      2341:     70230.000000           1          303.4386   
      2342:     70260.000000           1          303.4437   
      2343:     70290.000000           1          303.4419   
      2344:     70320.000000           1          303.4466   
      2345:     70350.000000           1          303.4496   
      2346:     70380.000000           1          303.4521   
      2347:     70410.000000           1          303.4500   
      2348:     70440.000000           1          303.4468   
      2349:     70470.000000           1          303.4420   
      2350:     70500.000000           1          303.4419   
      2351:     70530.000000           1          303.4385   
      2352:     70560.000000           1           15.8424   
      2353:     70590.000000           1           15.8462   
      2354:     70620.000000           1           15.8548   
      2355:     70650.000000           1           15.8652   
      2356:     70680.000000           1           15.8894   
      2357:     70710.000000           1           15.9052   
      2358:     70740.000000           1           15.9160   
      2359:     70770.000000           1           15.9073   
      2360:     70800.000000           1           15.8910   
      2361:     70830.000000           1           15.8822   
      2362:     70860.000000           1           15.8784   
      2363:     70890.000000           1           15.8738   
      2364:     70920.000000           1           15.8664   
      2365:     70950.000000           1           15.8591   
      2366:     70980.000000           1           15.8576   
      2367:     71010.000000           1           15.8587   
      2368:     71040.000000           1           15.8564   
      2369:     71070.000000           1           15.8514   
      2370:     71100.000000           1           15.8592   
      2371:     71130.000000           1           15.8681   
      2372:     71160.000000           1           15.8796   
      2373:     71190.000000           1           15.8884   
      2374:     71220.000000           1           15.8940   
      2375:     71250.000000           1           15.8988   
      2376:     71280.000000           1           15.8996   
      2377:     71310.000000           1           15.8985   
      2378:     71340.000000           1           15.8994   
      2379:     71370.000000           1           15.8976   
      2380:     71400.000000           1           15.8964   
      2381:     71430.000000           1           15.8980   
      2382:     71460.000000           1           15.8965   
      2383:     71490.000000           1           15.8937   
      2384:     71520.000000           1           15.8988   
      2385:     71550.000000           1           15.8983   
      2386:     71580.000000           1           15.8993   
      2387:     71610.000000           1           15.9007   
      2388:     71640.000000           1           15.8951   
      2389:     71670.000000           1           15.8964   
      2390:     71700.000000           1           15.8959   
      2391:     71730.000000           1           15.8930   
      2392:     71760.000000           1           15.8907   
      2393:     71790.000000           1           15.8856   
      2394:     71820.000000           1           15.8842   
      2395:     71850.000000           1           15.8825   
      2396:     71880.000000           1           15.8838   
      2397:     71910.000000           1           15.8830   
      2398:     71940.000000           1           15.8824   
      2399:     71970.000000           1           15.8844   
      2400:     72000.000000           1           15.8829   
      2401:     72030.000000           1           15.8844   
      2402:     72060.000000           1           15.8831   
      2403:     72090.000000           1           15.8789   
      2404:     72120.000000           1           15.8746   
      2405:     72150.000000           1           15.8687   
      2406:     72180.000000           1           15.8646   
      2407:     72210.000000           1           15.8612   
      2408:     72240.000000           1           15.8569   
      2409:     72270.000000           1           15.8563   
      2410:     72300.000000           1           15.8535   
      2411:     72330.000000           1           15.8542   
      2412:     72360.000000           1           15.8553   
      2413:     72390.000000           1           15.8568   
      2414:     72420.000000           1           15.8601   
      2415:     72450.000000           1           15.8647   
      2416:     72480.000000           1           15.8690   
      2417:     72510.000000           1           15.8662   
      2418:     72540.000000           1           15.8681   
      2419:     72570.000000           1           15.8638   
      2420:     72600.000000           1           15.8634   
      2421:     72630.000000           1           15.8641   
