      1132:     33960.000000           1         -125.3997   
      1133:     33990.000000           1         -125.3928   
      1134:     34020.000000           1         -125.3808   
      1135:     34050.000000           1         -125.3732   
      1136:     34080.000000           1         -125.3658   
      1137:     34110.000000           1         -125.3640   
      1138:     34140.000000           1         -125.3625   
      1139:     34170.000000           1         -125.3539   
      1140:     34200.000000           1         -125.3447   
      1141:     34230.000000           1         -125.3460   
      1142:     34260.000000           1         -125.3444   
      1143:     34290.000000           1         -125.3449   
      1144:     34320.000000           1         -125.3356   
      1145:     34350.000000           1         -125.3266   
      1146:     34380.000000           1         -125.3191   
      1147:     34410.000000           1         -125.3207   
      1148:     34440.000000           1         -125.3181   
      1149:     34470.000000           1         -125.3100   
      1150:     34500.000000           1         -125.2929   
      1151:     34530.000000           1         -125.2903   
      1152:     34560.000000           1         -125.2770   
      1153:     34590.000000           1         -125.2609   
      1154:     34620.000000           1         -125.2566   
      1155:     34650.000000           1         -125.2550   
      1156:     34680.000000           1         -125.2494   
      1157:     34710.000000           1         -125.2455   
      1158:     34740.000000           1         -125.2448   
      1159:     34770.000000           1         -125.2436   
      1160:     34800.000000           1         -125.2386   
      1161:     34830.000000           1         -125.2322   
      1162:     34860.000000           1         -125.2287   
      1163:     34890.000000           1         -125.2203   
      1164:     34920.000000           1         -125.2149   
      1165:     34950.000000           1           33.4749   
      1166:     34980.000000           1           33.7179   
      1167:     35010.000000           1           33.5136   
      1168:     35040.000000           1           33.4863   
      1169:     35070.000000           1           33.5598   
      1170:     35100.000000           1         -125.1892   
      1171:     35130.000000           1           33.5878   
      1172:     35160.000000           1         -125.1710   
      1173:     35190.000000           1           33.5666   
      1174:     35220.000000           1           33.6220   
      1175:     35250.000000           1         -125.1541   
      1176:     35280.000000           1         -125.1465   
      1177:     35310.000000           1         -125.1355   
      1178:     35340.000000           1         -125.1322   
      1179:     35370.000000           1         -125.1248   
      1180:     35400.000000           1         -125.1128   
      1181:     35430.000000           1         -125.1084   
      1182:     35460.000000           1         -125.1000   
      1183:     35490.000000           1         -125.0911   
      1184:     35520.000000           1         -125.0808   
      1185:     35550.000000           1         -125.0716   
      1186:     35580.000000           1         -125.0637   
      1187:     35610.000000           1         -125.0562   
      1188:     35640.000000           1         -125.0472   
      1189:     35670.000000           1         -125.0391   
      1190:     35700.000000           1         -125.0360   
      1191:     35730.000000           1         -125.0281   
      1192:     35760.000000           1         -125.0196   
      1193:     35790.000000           1         -125.0105   
      1194:     35820.000000           1         -124.9979   
      1195:     35850.000000           1         -124.9824   
      1196:     35880.000000           1         -124.9683   
      1197:     35910.000000           1         -124.9619   
      1198:     35940.000000           1         -124.9546   
      1199:     35970.000000           1         -124.9498   
      1200:     36000.000000           1         -124.9356   
      1201:     36030.000000           1           33.8770   
      1202:     36060.000000           1         -124.9284   
      1203:     36090.000000           1         -124.9308   
      1204:     36120.000000           1         -124.9302   
      1205:     36150.000000           1           33.8822   
      1206:     36180.000000           1           33.8810   
      1207:     36210.000000           1           33.8756   
      1208:     36240.000000           1           33.8799   
      1209:     36270.000000           1           33.8793   
      1210:     36300.000000           1           33.8841   
      1211:     36330.000000           1           33.8853   
      1212:     36360.000000           1           33.8822   
      1213:     36390.000000           1           33.8865   
      1214:     36420.000000           1           33.8930   
      1215:     36450.000000           1           33.8901   
      1216:     36480.000000           1         -124.8984   
      1217:     36510.000000           1         -124.8932   
      1218:     36540.000000           1           33.8822   
      1219:     36570.000000           1         -124.8885   
      1220:     36600.000000           1         -124.8812   
      1221:     36630.000000           1         -124.8725   
      1222:     36660.000000           1         -124.8718   
      1223:     36690.000000           1         -124.8591   
      1224:     36720.000000           1         -124.8583   
      1225:     36750.000000           1         -124.8508   
      1226:     36780.000000           1         -124.8447   
      1227:     36810.000000           1         -124.8401   
      1228:     36840.000000           1         -124.8380   
      1229:     36870.000000           1         -124.8331   
      1230:     36900.000000           1         -124.8247   
      1231:     36930.000000           1         -124.8242   
      1232:     36960.000000           1         -124.8221   
      1233:     36990.000000           1         -124.8168   
      1234:     37020.000000           1         -124.8115   
      1235:     37050.000000           1         -124.8100   
      1236:     37080.000000           1         -124.8068   
      1237:     37110.000000           1         -124.8007   
      1238:     37140.000000           1         -124.8000   
      1239:     37170.000000           1         -124.8001   
      1240:     37200.000000           1         -124.8063   
      1241:     37230.000000           1         -124.8072   
      1242:     37260.000000           1         -124.8035   
      1243:     37290.000000           1         -124.7947   
      1244:     37320.000000           1         -124.7925   
      1245:     37350.000000           1         -124.7816   
      1246:     37380.000000           1         -124.7748   
      1247:     37410.000000           1         -124.7660   
      1248:     37440.000000           1         -124.7657   
      1249:     37470.000000           1         -124.7568   
      1250:     37500.000000           1         -124.7463   
      1251:     37530.000000           1         -124.7414   
      1252:     37560.000000           1         -124.7424   
      1253:     37590.000000           1         -124.7345   
      1254:     37620.000000           1         -124.7299   
      1255:     37650.000000           1         -124.7248   
      1256:     37680.000000           1           33.9997   
      1257:     37710.000000           1           34.0028   
      1258:     37740.000000           1         -124.7135   
      1259:     37770.000000           1           33.9099   
      1260:     37800.000000           1           34.0880   
      1261:     37830.000000           1           34.1055   
      1262:     37860.000000           1           34.1157   
      1263:     37890.000000           1           34.0883   
      1264:     37920.000000           1         -124.6720   
      1265:     37950.000000           1           34.0109   
      1266:     37980.000000           1           33.9910   
      1267:     38010.000000           1           34.0988   
      1268:     38040.000000           1           34.0672   
      1269:     38070.000000           1           34.0677   
      1270:     38100.000000           1           34.0576   
      1271:     38130.000000           1           34.0819   
      1272:     38160.000000           1           34.0710   
      1273:     38190.000000           1           34.0775   
      1274:     38220.000000           1           34.0788   
      1275:     38250.000000           1           34.0834   
      1276:     38280.000000           1           34.0842   
      1277:     38310.000000           1           34.0890   
      1278:     38340.000000           1           34.0968   
      1279:     38370.000000           1           34.1033   
      1280:     38400.000000           1           34.0999   
      1281:     38430.000000           1           34.1008   
      1282:     38460.000000           1           34.0970   
      1283:     38490.000000           1           34.0926   
      1284:     38520.000000           1           34.0916   
      1285:     38550.000000           1           34.1047   
      1286:     38580.000000           1           34.1104   
      1287:     38610.000000           1           34.1112   
      1288:     38640.000000           1           34.1133   
      1289:     38670.000000           1           34.1103   
      1290:     38700.000000           1           34.1076   
      1291:     38730.000000           1           34.1135   
      1292:     38760.000000           1           34.1140   
      1293:     38790.000000           1           34.1123   
      1294:     38820.000000           1           34.1054   
      1295:     38850.000000           1           34.1126   
      1296:     38880.000000           1           34.1200   
      1297:     38910.000000           1           34.1226   
      1298:     38940.000000           1           34.1235   
      1299:     38970.000000           1           34.1250   
      1300:     39000.000000           1           34.1285   
      1301:     39030.000000           1           34.1270   
      1302:     39060.000000           1           34.1312   
      1303:     39090.000000           1           34.1350   
      1304:     39120.000000           1           34.1494   
      1305:     39150.000000           1           34.1538   
      1306:     39180.000000           1           34.1522   
      1307:     39210.000000           1           34.1496   
      1308:     39240.000000           1           34.1540   
      1309:     39270.000000           1           34.1513   
      1310:     39300.000000           1           34.1506   
      1311:     39330.000000           1           34.1517   
      1312:     39360.000000           1           34.1562   
      1313:     39390.000000           1           34.1555   
      1314:     39420.000000           1           34.1562   
      1315:     39450.000000           1           34.1551   
      1316:     39480.000000           1           34.1534   
      1317:     39510.000000           1           34.1608   
      1318:     39540.000000           1           34.1613   
      1319:     39570.000000           1           34.1696   
      1320:     39600.000000           1           34.1726   
      1321:     39630.000000           1           34.1795   
      1322:     39660.000000           1           34.1792   
      1323:     39690.000000           1           34.1800   
      1324:     39720.000000           1           34.1795   
      1325:     39750.000000           1           34.1832   
      1326:     39780.000000           1           34.1877   
      1327:     39810.000000           1           34.1954   
      1328:     39840.000000           1           34.2023   
      1329:     39870.000000           1           34.2051   
      1330:     39900.000000           1           34.2080   
      1331:     39930.000000           1           34.2112   
      1332:     39960.000000           1           34.2185   
      1333:     39990.000000           1           34.2169   
      1334:     40020.000000           1           34.2121   
      1335:     40050.000000           1           34.2175   
      1336:     40080.000000           1           34.2174   
      1337:     40110.000000           1           34.2260   
      1338:     40140.000000           1           34.2222   
      1339:     40170.000000           1           34.2217   
      1340:     40200.000000           1           34.2252   
      1341:     40230.000000           1           34.2288   
      1342:     40260.000000           1           34.2343   
      1343:     40290.000000           1           34.2349   
      1344:     40320.000000           1           34.2404   
      1345:     40350.000000           1           34.2426   
      1346:     40380.000000           1           34.2465   
      1347:     40410.000000           1           34.2547   
      1348:     40440.000000           1           34.2546   
      1349:     40470.000000           1           34.2585   
      1350:     40500.000000           1           34.2642   
      1351:     40530.000000           1           34.2690   
      1352:     40560.000000           1           34.2741   
      1353:     40590.000000           1           34.2749   
      1354:     40620.000000           1           34.2809   
      1355:     40650.000000           1           34.2878   
      1356:     40680.000000           1           34.2914   
      1357:     40710.000000           1           34.2988   
      1358:     40740.000000           1           34.3013   
      1359:     40770.000000           1           34.2993   
      1360:     40800.000000           1           34.3024   
      1361:     40830.000000           1           34.3025   
      1362:     40860.000000           1           34.3036   
      1363:     40890.000000           1           34.3075   
      1364:     40920.000000           1           34.3111   
      1365:     40950.000000           1           34.3152   
      1366:     40980.000000           1           34.3183   
      1367:     41010.000000           1           34.3257   
      1368:     41040.000000           1           34.3294   
      1369:     41070.000000           1           34.3334   
      1370:     41100.000000           1           34.3364   
      1371:     41130.000000           1           34.3422   
      1372:     41160.000000           1           34.3448   
      1373:     41190.000000           1           34.3488   
      1374:     41220.000000           1           34.3456   
      1375:     41250.000000           1           34.3451   
      1376:     41280.000000           1           34.3444   
      1377:     41310.000000           1           34.3498   
      1378:     41340.000000           1           34.3486   
      1379:     41370.000000           1           34.3431   
      1380:     41400.000000           1           34.3409   
      1381:     41430.000000           1           34.3451   
      1382:     41460.000000           1           34.3483   
      1383:     41490.000000           1           34.3562   
      1384:     41520.000000           1           34.3560   
      1385:     41550.000000           1           34.3564   
      1386:     41580.000000           1           34.3540   
      1387:     41610.000000           1           34.3532   
      1388:     41640.000000           1           34.3536   
      1389:     41670.000000           1           34.3539   
      1390:     41700.000000           1           34.3549   
      1391:     41730.000000           1           34.3478   
      1392:     41760.000000           1           34.3430   
      1393:     41790.000000           1           34.3401   
      1394:     41820.000000           1           34.3420   
      1395:     41850.000000           1           34.3375   
      1396:     41880.000000           1           34.3357   
      1397:     41910.000000           1           34.3384   
      1398:     41940.000000           1           34.3410   
      1399:     41970.000000           1           34.3384   
      1400:     42000.000000           1           34.3409   
      1401:     42030.000000           1           34.3433   
      1402:     42060.000000           1           34.3433   
      1403:     42090.000000           1           34.3437   
      1404:     42120.000000           1           34.3439   
      1405:     42150.000000           1           34.3395   
      1406:     42180.000000           1           34.3390   
      1407:     42210.000000           1           34.3380   
      1408:     42240.000000           1           34.3379   
      1409:     42270.000000           1           34.3328   
      1410:     42300.000000           1           34.3312   
      1411:     42330.000000           1           34.3340   
      1412:     42360.000000           1           34.3317   
      1413:     42390.000000           1           34.3238   
      1414:     42420.000000           1           34.3229   
      1415:     42450.000000           1           34.3214   
      1416:     42480.000000           1           34.3203   
      1417:     42510.000000           1           34.3178   
      1418:     42540.000000           1           34.3199   
      1419:     42570.000000           1           34.3217   
      1420:     42600.000000           1           34.3229   
      1421:     42630.000000           1           34.3277   
      1422:     42660.000000           1           34.3341   
      1423:     42690.000000           1           34.3365   
      1424:     42720.000000           1           34.3346   
      1425:     42750.000000           1           34.3409   
      1426:     42780.000000           1           34.3515   
      1427:     42810.000000           1           34.3554   
      1428:     42840.000000           1           34.3562   
      1429:     42870.000000           1           34.3561   
      1430:     42900.000000           1           34.3561   
      1431:     42930.000000           1           34.3598   
      1432:     42960.000000           1           34.3592   
      1433:     42990.000000           1           34.3575   
      1434:     43020.000000           1           34.3602   
      1435:     43050.000000           1           34.3585   
      1436:     43080.000000           1           34.3589   
      1437:     43110.000000           1           34.3624   
      1438:     43140.000000           1           34.3663   
      1439:     43170.000000           1           34.3701   
      1440:     43200.000000           1           34.3766   
      1441:     43230.000000           1           34.3836   
      1442:     43260.000000           1           34.3860   
      1443:     43290.000000           1           34.3904   
      1444:     43320.000000           1           34.3905   
      1445:     43350.000000           1           34.3912   
      1446:     43380.000000           1           34.3940   
      1447:     43410.000000           1           34.4006   
      1448:     43440.000000           1           34.4047   
      1449:     43470.000000           1           34.4045   
      1450:     43500.000000           1           34.4058   
      1451:     43530.000000           1           34.4083   
      1452:     43560.000000           1           34.4138   
      1453:     43590.000000           1           34.4154   
      1454:     43620.000000           1           34.4185   
      1455:     43650.000000           1           34.4235   
      1456:     43680.000000           1           34.4235   
      1457:     43710.000000           1           34.4213   
      1458:     43740.000000           1           34.4161   
      1459:     43770.000000           1           34.4120   
      1460:     43800.000000           1           34.4108   
      1461:     43830.000000           1           34.4119   
      1462:     43860.000000           1           34.4115   
      1463:     43890.000000           1           34.4121   
      1464:     43920.000000           1           34.4121   
      1465:     43950.000000           1           34.4148   
      1466:     43980.000000           1           34.4160   
      1467:     44010.000000           1           34.4211   
      1468:     44040.000000           1           34.4252   
      1469:     44070.000000           1           34.4285   
      1470:     44100.000000           1           34.4334   
      1471:     44130.000000           1           34.4352   
      1472:     44160.000000           1           34.4302   
      1473:     44190.000000           1           34.4252   
      1474:     44220.000000           1           34.4188   
      1475:     44250.000000           1           34.4186   
      1476:     44280.000000           1           34.4199   
      1477:     44310.000000           1           34.4175   
      1478:     44340.000000           1           34.4182   
      1479:     44370.000000           1           34.4184   
      1480:     44400.000000           1           34.4185   
      1481:     44430.000000           1           34.4159   
      1482:     44460.000000           1           34.4105   
      1483:     44490.000000           1           34.4088   
      1484:     44520.000000           1           34.4034   
      1485:     44550.000000           1           34.3990   
      1486:     44580.000000           1           34.3957   
      1487:     44610.000000           1           34.3940   
      1488:     44640.000000           1           34.3964   
      1489:     44670.000000           1           34.3992   
      1490:     44700.000000           1           34.3983   
      1491:     44730.000000           1           34.3961   
      1492:     44760.000000           1           34.3958   
      1493:     44790.000000           1           34.3988   
      1494:     44820.000000           1           34.4054   
      1495:     44850.000000           1           34.4103   
      1496:     44880.000000           1           34.4178   
      1497:     44910.000000           1           34.4232   
      1498:     44940.000000           1           34.4279   
      1499:     44970.000000           1           34.4305   
      1500:     45000.000000           1           34.4371   
      1501:     45030.000000           1           34.4344   
      1502:     45060.000000           1           34.4283   
      1503:     45090.000000           1           34.4232   
      1504:     45120.000000           1           34.4145   
      1505:     45150.000000           1           34.4056   
      1506:     45180.000000           1           34.4034   
      1507:     45210.000000           1           34.3981   
      1508:     45240.000000           1           34.3911   
      1509:     45270.000000           1           34.3921   
      1510:     45300.000000           1           34.3888   
      1511:     45330.000000           1           34.3837   
      1512:     45360.000000           1           34.3838   
      1513:     45390.000000           1           34.3842   
      1514:     45420.000000           1           34.3828   
      1515:     45450.000000           1           34.3842   
      1516:     45480.000000           1           34.3849   
      1517:     45510.000000           1           34.3833   
      1518:     45540.000000           1           34.3829   
      1519:     45570.000000           1           34.3837   
      1520:     45600.000000           1           34.3842   
      1521:     45630.000000           1           34.3854   
      1522:     45660.000000           1           34.3910   
      1523:     45690.000000           1           34.3916   
      1524:     45720.000000           1           34.3902   
      1525:     45750.000000           1           34.3880   
      1526:     45780.000000           1           34.3844   
      1527:     45810.000000           1           34.3837   
      1528:     45840.000000           1           34.3847   
      1529:     45870.000000           1           34.3782   
      1530:     45900.000000           1           34.3815   
      1531:     45930.000000           1           34.3801   
      1532:     45960.000000           1           34.3834   
      1533:     45990.000000           1           34.3812   
      1534:     46020.000000           1           34.3761   
      1535:     46050.000000           1           34.3737   
      1536:     46080.000000           1           34.3704   
      1537:     46110.000000           1           34.3694   
      1538:     46140.000000           1           34.3672   
      1539:     46170.000000           1           34.3664   
      1540:     46200.000000           1           34.3680   
      1541:     46230.000000           1           34.3673   
      1542:     46260.000000           1           34.3702   
      1543:     46290.000000           1           34.3665   
      1544:     46320.000000           1           34.3692   
      1545:     46350.000000           1           34.3644   
      1546:     46380.000000           1           34.3597   
      1547:     46410.000000           1           34.3534   
      1548:     46440.000000           1           34.3449   
      1549:     46470.000000           1           34.3391   
      1550:     46500.000000           1           34.3361   
      1551:     46530.000000           1           34.3329   
      1552:     46560.000000           1           34.3262   
      1553:     46590.000000           1           34.3218   
      1554:     46620.000000           1           34.3155   
      1555:     46650.000000           1           34.3118   
      1556:     46680.000000           1           34.3038   
      1557:     46710.000000           1           34.3040   
      1558:     46740.000000           1           34.3026   
      1559:     46770.000000           1           34.3031   
      1560:     46800.000000           1           34.2984   
      1561:     46830.000000           1           34.2899   
      1562:     46860.000000           1           34.2921   
      1563:     46890.000000           1           34.2841   
      1564:     46920.000000           1           34.2811   
      1565:     46950.000000           1           34.2746   
      1566:     46980.000000           1           34.2712   
      1567:     47010.000000           1           34.2700   
      1568:     47040.000000           1           34.2662   
      1569:     47070.000000           1           34.2658   
      1570:     47100.000000           1           34.2619   
      1571:     47130.000000           1           34.2586   
      1572:     47160.000000           1           34.2560   
      1573:     47190.000000           1           34.2528   
      1574:     47220.000000           1           34.2533   
      1575:     47250.000000           1           34.2551   
      1576:     47280.000000           1           34.2473   
      1577:     47310.000000           1           34.2500   
      1578:     47340.000000           1           34.2494   
      1579:     47370.000000           1           34.2472   
      1580:     47400.000000           1           34.2460   
      1581:     47430.000000           1           34.2451   
      1582:     47460.000000           1           34.2407   
      1583:     47490.000000           1           34.2370   
      1584:     47520.000000           1           34.2339   
      1585:     47550.000000           1           34.2263   
      1586:     47580.000000           1           34.2223   
      1587:     47610.000000           1           34.2199   
      1588:     47640.000000           1           34.2174   
      1589:     47670.000000           1           34.2164   
      1590:     47700.000000           1           34.2186   
      1591:     47730.000000           1           34.2160   
      1592:     47760.000000           1           34.2143   
      1593:     47790.000000           1           34.2151   
      1594:     47820.000000           1           34.2173   
      1595:     47850.000000           1           34.2187   
      1596:     47880.000000           1           34.2173   
      1597:     47910.000000           1           34.2146   
      1598:     47940.000000           1           34.2170   
      1599:     47970.000000           1           34.2154   
      1600:     48000.000000           1           34.2156   
      1601:     48030.000000           1           34.2161   
      1602:     48060.000000           1           34.2174   
      1603:     48090.000000           1           34.2175   
      1604:     48120.000000           1           34.2143   
      1605:     48150.000000           1           34.2139   
      1606:     48180.000000           1           34.2072   
      1607:     48210.000000           1           34.1986   
      1608:     48240.000000           1           34.1929   
      1609:     48270.000000           1           34.1910   
      1610:     48300.000000           1           34.1891   
      1611:     48330.000000           1           34.1855   
      1612:     48360.000000           1           34.1823   
      1613:     48390.000000           1           34.1824   
      1614:     48420.000000           1           34.1858   
      1615:     48450.000000           1           34.1816   
      1616:     48480.000000           1           34.1752   
      1617:     48510.000000           1           34.1730   
      1618:     48540.000000           1           34.1711   
      1619:     48570.000000           1           34.1711   
      1620:     48600.000000           1           34.1686   
      1621:     48630.000000           1           34.1710   
      1622:     48660.000000           1           34.1722   
      1623:     48690.000000           1           34.1683   
      1624:     48720.000000           1           34.1665   
      1625:     48750.000000           1           34.1627   
      1626:     48780.000000           1           34.1566   
      1627:     48810.000000           1           34.1531   
      1628:     48840.000000           1           34.1503   
      1629:     48870.000000           1           34.1514   
      1630:     48900.000000           1           34.1506   
      1631:     48930.000000           1           34.1492   
      1632:     48960.000000           1           34.1503   
      1633:     48990.000000           1           34.1496   
      1634:     49020.000000           1           34.1438   
      1635:     49050.000000           1           34.1349   
      1636:     49080.000000           1           34.1294   
      1637:     49110.000000           1           34.1240   
      1638:     49140.000000           1           34.1237   
      1639:     49170.000000           1           34.1213   
      1640:     49200.000000           1           34.1241   
      1641:     49230.000000           1           34.1217   
      1642:     49260.000000           1           34.1254   
      1643:     49290.000000           1           34.1241   
      1644:     49320.000000           1           34.1259   
      1645:     49350.000000           1           34.1246   
      1646:     49380.000000           1           34.1221   
      1647:     49410.000000           1           34.1187   
      1648:     49440.000000           1           34.1141   
      1649:     49470.000000           1           34.1098   
      1650:     49500.000000           1           34.1101   
      1651:     49530.000000           1           34.1111   
      1652:     49560.000000           1           34.1080   
      1653:     49590.000000           1           34.1022   
      1654:     49620.000000           1           34.0956   
      1655:     49650.000000           1           34.0923   
      1656:     49680.000000           1           34.0884   
      1657:     49710.000000           1           34.0876   
      1658:     49740.000000           1           34.0849   
      1659:     49770.000000           1           34.0827   
      1660:     49800.000000           1           34.0830   
      1661:     49830.000000           1           34.0811   
      1662:     49860.000000           1           34.0825   
      1663:     49890.000000           1           34.0831   
      1664:     49920.000000           1           34.0814   
      1665:     49950.000000           1           34.0757   
      1666:     49980.000000           1           34.0721   
      1667:     50010.000000           1           34.0687   
      1668:     50040.000000           1           34.0680   
      1669:     50070.000000           1           34.0699   
      1670:     50100.000000           1           34.0735   
      1671:     50130.000000           1           34.0801   
      1672:     50160.000000           1           34.0849   
      1673:     50190.000000           1           34.0885   
      1674:     50220.000000           1           34.0867   
      1675:     50250.000000           1           34.0891   
      1676:     50280.000000           1           34.0875   
      1677:     50310.000000           1           34.0923   
      1678:     50340.000000           1           34.0888   
      1679:     50370.000000           1           34.0872   
      1680:     50400.000000           1           34.0917   
      1681:     50430.000000           1           34.0913   
      1682:     50460.000000           1           34.0923   
      1683:     50490.000000           1           34.0942   
      1684:     50520.000000           1           34.0935   
      1685:     50550.000000           1           34.0900   
      1686:     50580.000000           1           34.0935   
      1687:     50610.000000           1           34.0919   
      1688:     50640.000000           1           34.0867   
      1689:     50670.000000           1           34.0851   
      1690:     50700.000000           1           34.0889   
      1691:     50730.000000           1           34.0934   
      1692:     50760.000000           1           34.0925   
      1693:     50790.000000           1           34.0920   
      1694:     50820.000000           1           34.0931   
      1695:     50850.000000           1           34.0939   
      1696:     50880.000000           1           34.0944   
      1697:     50910.000000           1           34.0963   
      1698:     50940.000000           1           34.0974   
      1699:     50970.000000           1           34.0993   
      1700:     51000.000000           1           34.0999   
      1701:     51030.000000           1           34.0985   
      1702:     51060.000000           1           34.0973   
      1703:     51090.000000           1           34.0916   
      1704:     51120.000000           1           34.0902   
      1705:     51150.000000           1           34.0887   
      1706:     51180.000000           1           34.0919   
      1707:     51210.000000           1           34.0930   
      1708:     51240.000000           1           34.0908   
      1709:     51270.000000           1           34.0933   
      1710:     51300.000000           1           34.0947   
      1711:     51330.000000           1           34.0937   
      1712:     51360.000000           1           34.0929   
      1713:     51390.000000           1           34.0939   
      1714:     51420.000000           1           34.0949   
      1715:     51450.000000           1           34.0934   
      1716:     51480.000000           1           34.0912   
      1717:     51510.000000           1           34.0884   
      1718:     51540.000000           1           34.0912   
      1719:     51570.000000           1           34.0924   
      1720:     51600.000000           1           34.0933   
      1721:     51630.000000           1           34.0948   
      1722:     51660.000000           1           34.0953   
      1723:     51690.000000           1           34.0998   
      1724:     51720.000000           1           34.1024   
      1725:     51750.000000           1           34.1000   
      1726:     51780.000000           1           34.0959   
      1727:     51810.000000           1           34.0917   
      1728:     51840.000000           1           34.0883   
      1729:     51870.000000           1           34.0916   
      1730:     51900.000000           1           34.0917   
      1731:     51930.000000           1           34.0926   
      1732:     51960.000000           1           34.0906   
      1733:     51990.000000           1           34.0915   
      1734:     52020.000000           1           34.0898   
      1735:     52050.000000           1           34.0869   
      1736:     52080.000000           1           34.0859   
      1737:     52110.000000           1           34.0868   
      1738:     52140.000000           1           34.0849   
      1739:     52170.000000           1           34.0842   
      1740:     52200.000000           1           34.0821   
      1741:     52230.000000           1           34.0797   
      1742:     52260.000000           1           34.0757   
      1743:     52290.000000           1           34.0741   
      1744:     52320.000000           1           34.0744   
      1745:     52350.000000           1           34.0715   
      1746:     52380.000000           1           34.0675   
      1747:     52410.000000           1           34.0687   
      1748:     52440.000000           1           34.0697   
      1749:     52470.000000           1           34.0682   
      1750:     52500.000000           1           34.0721   
      1751:     52530.000000           1           34.0764   
      1752:     52560.000000           1           34.0762   
      1753:     52590.000000           1           34.0774   
      1754:     52620.000000           1           34.0773   
      1755:     52650.000000           1           34.0793   
      1756:     52680.000000           1           34.0810   
      1757:     52710.000000           1           34.0789   
      1758:     52740.000000           1           34.0742   
      1759:     52770.000000           1           34.0717   
      1760:     52800.000000           1           34.0701   
      1761:     52830.000000           1           34.0711   
      1762:     52860.000000           1           34.0753   
      1763:     52890.000000           1           34.0752   
      1764:     52920.000000           1           34.0706   
      1765:     52950.000000           1           34.0720   
      1766:     52980.000000           1           34.0720   
      1767:     53010.000000           1           34.0696   
      1768:     53040.000000           1           34.0626   
      1769:     53070.000000           1           34.0552   
      1770:     53100.000000           1           34.0518   
      1771:     53130.000000           1           34.0503   
      1772:     53160.000000           1           34.0499   
      1773:     53190.000000           1           34.0499   
      1774:     53220.000000           1           34.0473   
      1775:     53250.000000           1           34.0444   
      1776:     53280.000000           1           34.0441   
      1777:     53310.000000           1           34.0419   
      1778:     53340.000000           1          148.2462   
      1779:     53370.000000           1          148.2484   
      1780:     53400.000000           1          148.2479   
      1781:     53430.000000           1          148.2482   
      1782:     53460.000000           1          148.2494   
      1783:     53490.000000           1          148.2483   
      1784:     53520.000000           1          148.2454   
      1785:     53550.000000           1          148.2409   
      1786:     53580.000000           1          148.2360   
      1787:     53610.000000           1          148.2360   
      1788:     53640.000000           1          148.2371   
      1789:     53670.000000           1          148.2376   
      1790:     53700.000000           1          148.2391   
      1791:     53730.000000           1          148.2383   
      1792:     53760.000000           1          148.2383   
      1793:     53790.000000           1          148.2439   
      1794:     53820.000000           1          148.2469   
      1795:     53850.000000           1          148.2427   
      1796:     53880.000000           1          148.2448   
      1797:     53910.000000           1          148.2430   
      1798:     53940.000000           1          148.2416   
      1799:     53970.000000           1          148.2404   
      1800:     54000.000000           1          148.2413   
      1801:     54030.000000           1           34.0207   
      1802:     54060.000000           1          148.2352   
      1803:     54090.000000           1           34.0131   
      1804:     54120.000000           1           34.0149   
      1805:     54150.000000           1           34.0179   
      1806:     54180.000000           1          148.2466   
      1807:     54210.000000           1           34.0233   
      1808:     54240.000000           1           34.0224   
      1809:     54270.000000           1           34.0228   
      1810:     54300.000000           1          148.2494   
      1811:     54330.000000           1          148.2485   
      1812:     54360.000000           1          148.2486   
      1813:     54390.000000           1          148.2479   
      1814:     54420.000000           1          148.2386   
      1815:     54450.000000           1          148.2303   
      1816:     54480.000000           1          148.2262   
      1817:     54510.000000           1          148.2213   
      1818:     54540.000000           1          148.2182   
      1819:     54570.000000           1          148.2191   
      1820:     54600.000000           1          148.2197   
      1821:     54630.000000           1          148.2211   
      1822:     54660.000000           1          148.2246   
      1823:     54690.000000           1          148.2282   
      1824:     54720.000000           1          148.2301   
      1825:     54750.000000           1          148.2326   
      1826:     54780.000000           1          148.2308   
      1827:     54810.000000           1          148.2295   
      1828:     54840.000000           1          148.2300   
      1829:     54870.000000           1          148.2253   
      1830:     54900.000000           1           33.9871   
      1831:     54930.000000           1           33.9877   
      1832:     54960.000000           1           33.9866   
      1833:     54990.000000           1           33.9854   
      1834:     55020.000000           1           33.9899   
      1835:     55050.000000           1           33.9883   
      1836:     55080.000000           1           33.9894   
      1837:     55110.000000           1           33.9914   
      1838:     55140.000000           1           33.9907   
      1839:     55170.000000           1           33.9893   
      1840:     55200.000000           1           33.9855   
      1841:     55230.000000           1           33.9809   
      1842:     55260.000000           1           33.9768   
      1843:     55290.000000           1           33.9766   
      1844:     55320.000000           1           33.9743   
      1845:     55350.000000           1           33.9715   
      1846:     55380.000000           1           33.9670   
      1847:     55410.000000           1           33.9619   
      1848:     55440.000000           1           33.9622   
      1849:     55470.000000           1           33.9632   
      1850:     55500.000000           1           33.9628   
      1851:     55530.000000           1           33.9605   
      1852:     55560.000000           1           33.9579   
      1853:     55590.000000           1           33.9567   
      1854:     55620.000000           1           33.9532   
      1855:     55650.000000           1           33.9527   
      1856:     55680.000000           1           33.9485   
      1857:     55710.000000           1           33.9458   
      1858:     55740.000000           1           33.9469   
      1859:     55770.000000           1          148.3155   
      1860:     55800.000000           1           33.9468   
      1861:     55830.000000           1           33.9448   
      1862:     55860.000000           1           33.9429   
      1863:     55890.000000           1           33.9443   
      1864:     55920.000000           1           33.9444   
      1865:     55950.000000           1           33.9428   
      1866:     55980.000000           1           33.9403   
      1867:     56010.000000           1           33.9377   
      1868:     56040.000000           1           33.9330   
      1869:     56070.000000           1           33.9290   
      1870:     56100.000000           1           33.9256   
      1871:     56130.000000           1           33.9217   
      1872:     56160.000000           1           33.9200   
      1873:     56190.000000           1           33.9216   
      1874:     56220.000000           1           33.9201   
      1875:     56250.000000           1           33.9129   
      1876:     56280.000000           1           33.9106   
      1877:     56310.000000           1           33.9122   
      1878:     56340.000000           1           33.9147   
      1879:     56370.000000           1           33.9155   
      1880:     56400.000000           1           33.9152   
      1881:     56430.000000           1           33.9175   
      1882:     56460.000000           1           33.9143   
      1883:     56490.000000           1           33.9125   
      1884:     56520.000000           1           33.9118   
      1885:     56550.000000           1           33.9071   
      1886:     56580.000000           1           33.9050   
      1887:     56610.000000           1           33.9055   
      1888:     56640.000000           1           33.9044   
      1889:     56670.000000           1           33.8999   
      1890:     56700.000000           1           33.8995   
      1891:     56730.000000           1           33.9000   
      1892:     56760.000000           1           33.8947   
      1893:     56790.000000           1           33.8919   
      1894:     56820.000000           1           33.8904   
      1895:     56850.000000           1           33.8874   
      1896:     56880.000000           1           33.8871   
      1897:     56910.000000           1           33.8864   
      1898:     56940.000000           1           33.8833   
      1899:     56970.000000           1          148.2486   
      1900:     57000.000000           1          148.2455   
      1901:     57030.000000           1          148.2447   
      1902:     57060.000000           1          148.2433   
      1903:     57090.000000           1          148.2428   
      1904:     57120.000000           1          148.2408   
      1905:     57150.000000           1          148.2363   
      1906:     57180.000000           1          148.2393   
      1907:     57210.000000           1          148.2356   
      1908:     57240.000000           1          148.2337   
      1909:     57270.000000           1          148.2306   
      1910:     57300.000000           1          148.2286   
      1911:     57330.000000           1          148.2243   
      1912:     57360.000000           1          148.2246   
      1913:     57390.000000           1          148.2233   
      1914:     57420.000000           1          148.2232   
      1915:     57450.000000           1          148.2241   
      1916:     57480.000000           1          148.2207   
      1917:     57510.000000           1          148.2255   
      1918:     57540.000000           1          148.2241   
      1919:     57570.000000           1          148.2253   
      1920:     57600.000000           1          148.2234   
      1921:     57630.000000           1          148.2221   
      1922:     57660.000000           1          148.2231   
      1923:     57690.000000           1           33.8548   
      1924:     57720.000000           1          148.2140   
      1925:     57750.000000           1          148.2122   
      1926:     57780.000000           1           33.8522   
      1927:     57810.000000           1          148.2138   
      1928:     57840.000000           1           33.8517   
      1929:     57870.000000           1           33.8545   
      1930:     57900.000000           1           33.8505   
      1931:     57930.000000           1           33.8500   
      1932:     57960.000000           1           33.8482   
      1933:     57990.000000           1           33.8449   
      1934:     58020.000000           1           33.8413   
      1935:     58050.000000           1           33.8414   
      1936:     58080.000000           1           33.8430   
      1937:     58110.000000           1           33.8408   
      1938:     58140.000000           1           33.8392   
      1939:     58170.000000           1           33.8364   
      1940:     58200.000000           1           33.8355   
      1941:     58230.000000           1           33.8336   
      1942:     58260.000000           1           33.8328   
      1943:     58290.000000           1           33.8297   
      1944:     58320.000000           1           33.8259   
      1945:     58350.000000           1           33.8255   
      1946:     58380.000000           1           33.8254   
      1947:     58410.000000           1           33.8262   
      1948:     58440.000000           1           33.8254   
      1949:     58470.000000           1           33.8213   
      1950:     58500.000000           1           33.8227   
      1951:     58530.000000           1           33.8214   
      1952:     58560.000000           1           33.8156   
      1953:     58590.000000           1           33.8160   
      1954:     58620.000000           1           33.8140   
      1955:     58650.000000           1           33.8120   
      1956:     58680.000000           1           33.8058   
      1957:     58710.000000           1           33.7992   
      1958:     58740.000000           1           33.7943   
      1959:     58770.000000           1           33.7914   
      1960:     58800.000000           1           33.7899   
      1961:     58830.000000           1           33.7883   
      1962:     58860.000000           1           33.7841   
      1963:     58890.000000           1           33.7789   
      1964:     58920.000000           1           33.7749   
      1965:     58950.000000           1           33.7722   
      1966:     58980.000000           1           33.7683   
      1967:     59010.000000           1           33.7660   
      1968:     59040.000000           1           33.7602   
      1969:     59070.000000           1           33.7559   
      1970:     59100.000000           1           33.7556   
      1971:     59130.000000           1           33.7512   
      1972:     59160.000000           1           33.7438   
      1973:     59190.000000           1           33.7407   
      1974:     59220.000000           1           33.7409   
      1975:     59250.000000           1           33.7398   
      1976:     59280.000000           1           33.7388   
      1977:     59310.000000           1           33.7390   
      1978:     59340.000000           1           33.7405   
      1979:     59370.000000           1           33.7400   
      1980:     59400.000000           1           33.7397   
      1981:     59430.000000           1           33.7407   
      1982:     59460.000000           1           33.7401   
      1983:     59490.000000           1           33.7412   
      1984:     59520.000000           1           33.7369   
      1985:     59550.000000           1           33.7356   
      1986:     59580.000000           1           33.7300   
      1987:     59610.000000           1           33.7281   
      1988:     59640.000000           1           33.7295   
      1989:     59670.000000           1           33.7285   
      1990:     59700.000000           1           33.7276   
      1991:     59730.000000           1           33.7269   
      1992:     59760.000000           1           33.7228   
      1993:     59790.000000           1           33.7214   
      1994:     59820.000000           1           33.7190   
      1995:     59850.000000           1           33.7201   
      1996:     59880.000000           1           33.7169   
      1997:     59910.000000           1           33.7119   
      1998:     59940.000000           1           33.7137   
      1999:     59970.000000           1           33.7126   
      2000:     60000.000000           1           33.7116   
      2001:     60030.000000           1           33.7099   
      2002:     60060.000000           1           33.7110   
      2003:     60090.000000           1           33.7138   
      2004:     60120.000000           1           33.7127   
      2005:     60150.000000           1           33.7171   
      2006:     60180.000000           1           33.7177   
      2007:     60210.000000           1           33.7177   
      2008:     60240.000000           1           33.7199   
      2009:     60270.000000           1           33.7201   
      2010:     60300.000000           1           33.7198   
      2011:     60330.000000           1           33.7209   
      2012:     60360.000000           1           33.7266   
      2013:     60390.000000           1           33.7263   
      2014:     60420.000000           1           33.7258   
      2015:     60450.000000           1           33.7226   
      2016:     60480.000000           1           33.7189   
      2017:     60510.000000           1           33.7147   
      2018:     60540.000000           1           33.7140   
      2019:     60570.000000           1           33.7127   
      2020:     60600.000000           1           33.7130   
      2021:     60630.000000           1           33.7123   
      2022:     60660.000000           1           33.7089   
      2023:     60690.000000           1           33.7103   
      2024:     60720.000000           1           33.7127   
      2025:     60750.000000           1           33.7140   
      2026:     60780.000000           1           33.7122   
      2027:     60810.000000           1           33.7095   
      2028:     60840.000000           1           33.7076   
      2029:     60870.000000           1           33.7082   
      2030:     60900.000000           1           33.7085   
      2031:     60930.000000           1           33.7092   
      2032:     60960.000000           1           33.7124   
      2033:     60990.000000           1           33.7156   
      2034:     61020.000000           1           33.7173   
      2035:     61050.000000           1           33.7199   
      2036:     61080.000000           1           33.7180   
      2037:     61110.000000           1           33.7183   
      2038:     61140.000000           1           33.7137   
      2039:     61170.000000           1           33.7135   
      2040:     61200.000000           1           33.7086   
      2041:     61230.000000           1           33.7060   
      2042:     61260.000000           1           33.7062   
      2043:     61290.000000           1           33.7039   
      2044:     61320.000000           1           33.7016   
      2045:     61350.000000           1           33.6997   
      2046:     61380.000000           1           33.7002   
      2047:     61410.000000           1           33.7031   
      2048:     61440.000000           1           33.7069   
      2049:     61470.000000           1           33.7114   
      2050:     61500.000000           1           33.7098   
      2051:     61530.000000           1           33.7118   
      2052:     61560.000000           1           33.7086   
      2053:     61590.000000           1           33.7088   
      2054:     61620.000000           1           33.7055   
      2055:     61650.000000           1           33.7046   
      2056:     61680.000000           1           33.7053   
      2057:     61710.000000           1           33.7086   
      2058:     61740.000000           1           33.7106   
      2059:     61770.000000           1           33.7108   
      2060:     61800.000000           1           33.7139   
      2061:     61830.000000           1           33.7152   
      2062:     61860.000000           1           33.7153   
      2063:     61890.000000           1           33.7173   
      2064:     61920.000000           1           33.7189   
      2065:     61950.000000           1           33.7201   
      2066:     61980.000000           1           33.7220   
      2067:     62010.000000           1           33.7231   
      2068:     62040.000000           1           33.7265   
      2069:     62070.000000           1           33.7298   
      2070:     62100.000000           1           33.7317   
      2071:     62130.000000           1          148.0880   
      2072:     62160.000000           1           32.2458   
      2073:     62190.000000           1           32.2310   
      2074:     62220.000000           1           32.2738   
      2075:     62250.000000           1           32.2793   
      2076:     62280.000000           1           32.2981   
      2077:     62310.000000           1           32.3017   
      2078:     62340.000000           1           32.2410   
      2079:     62370.000000           1           32.2219   
      2080:     62400.000000           1           32.2003   
      2081:     62430.000000           1           32.1697   
      2082:     62460.000000           1           32.1565   
      2083:     62490.000000           1           32.1521   
      2084:     62520.000000           1           32.1427   
      2085:     62550.000000           1           32.1223   
      2086:     62580.000000           1           32.1065   
      2087:     62610.000000           1           32.0994   
      2088:     62640.000000           1           32.0921   
      2089:     62670.000000           1           32.0866   
      2090:     62700.000000           1           32.0870   
      2091:     62730.000000           1           32.0830   
      2092:     62760.000000           1           32.0824   
      2093:     62790.000000           1          148.0860   
      2094:     62820.000000           1          148.0861   
      2095:     62850.000000           1          148.0846   
      2096:     62880.000000           1          148.0828   
      2097:     62910.000000           1          148.0840   
      2098:     62940.000000           1          148.0827   
      2099:     62970.000000           1          148.0864   
      2100:     63000.000000           1          148.0881   
      2101:     63030.000000           1          148.0908   
      2102:     63060.000000           1          148.0924   
      2103:     63090.000000           1          148.0939   
      2104:     63120.000000           1          148.0994   
      2105:     63150.000000           1          148.0990   
      2106:     63180.000000           1          148.1009   
      2107:     63210.000000           1          148.1025   
      2108:     63240.000000           1          148.1042   
      2109:     63270.000000           1          148.1058   
      2110:     63300.000000           1          148.1067   
      2111:     63330.000000           1          148.1099   
      2112:     63360.000000           1          148.1138   
      2113:     63390.000000           1          148.1142   
      2114:     63420.000000           1          148.1159   
      2115:     63450.000000           1          148.1172   
      2116:     63480.000000           1          148.1194   
      2117:     63510.000000           1          148.1230   
      2118:     63540.000000           1          148.1260   
