       261:      7830.000000           1          -45.6763   
       262:      7860.000000           1          -45.6710   
       263:      7890.000000           1          -45.6675   
       264:      7920.000000           1          -45.6640   
       265:      7950.000000           1          -45.6775   
       266:      7980.000000           1          -45.6650   
       267:      8010.000000           1          -45.6598   
       268:      8040.000000           1          -45.6564   
       269:      8070.000000           1          -45.6542   
       270:      8100.000000           1          -45.6761   
       271:      8130.000000           1          -45.6764   
       272:      8160.000000           1          -45.6492   
       273:      8190.000000           1          -45.6175   
       274:      8220.000000           1          -45.6011   
       275:      8250.000000           1          -45.5868   
       276:      8280.000000           1          -45.5561   
       277:      8310.000000           1          -45.5368   
       278:      8340.000000           1          -45.5221   
       279:      8370.000000           1          -45.5304   
       280:      8400.000000           1          -45.5328   
       281:      8430.000000           1          -45.5286   
       282:      8460.000000           1          -45.5150   
       283:      8490.000000           1          -45.5181   
       296:      8880.000000           1          -45.4791   
       297:      8910.000000           1          -45.4791   
       298:      8940.000000           1          -45.4738   
       299:      8970.000000           1          -45.4740   
       300:      9000.000000           1          -45.4830   
       301:      9030.000000           1          -45.4870   
       302:      9060.000000           1          -45.5006   
       303:      9090.000000           1          -45.5100   
       304:      9120.000000           1          -45.4987   
       305:      9150.000000           1          -45.4944   
       306:      9180.000000           1          -45.4985   
       307:      9210.000000           1          -45.5055   
       308:      9240.000000           1          -45.5130   
       309:      9270.000000           1          -45.5296   
       310:      9300.000000           1          -45.5527   
       312:      9360.000000           1          -45.5737   
       313:      9390.000000           1          -45.5886   
       314:      9420.000000           1          -45.6028   
       315:      9450.000000           1          -45.5868   
       316:      9480.000000           1          -45.6018   
       317:      9510.000000           1          -45.6028   
       318:      9540.000000           1          -45.6088   
       319:      9570.000000           1          -45.6050   
       320:      9600.000000           1          -45.5948   
       321:      9630.000000           1          -45.5915   
       322:      9660.000000           1          -45.5731   
       323:      9690.000000           1          -45.5643   
       324:      9720.000000           1          -45.5515   
       325:      9750.000000           1          -45.5357   
       326:      9780.000000           1          -45.5418   
       327:      9810.000000           1          -45.5514   
       328:      9840.000000           1          -45.5455   
       329:      9870.000000           1          -45.5307   
       330:      9900.000000           1          -45.5199   
       331:      9930.000000           1          -45.5234   
       332:      9960.000000           1          -45.5389   
       333:      9990.000000           1          -45.5471   
       334:     10020.000000           1          -45.5544   
       335:     10050.000000           1          -45.5500   
       336:     10080.000000           1          -45.5500   
       337:     10110.000000           1          -45.5415   
       338:     10140.000000           1          -45.5372   
       339:     10170.000000           1          -45.5376   
       340:     10200.000000           1          -45.5466   
       341:     10230.000000           1          -45.5579   
       342:     10260.000000           1          -45.5502   
       343:     10290.000000           1          -45.5528   
       344:     10320.000000           1          -45.5459   
       345:     10350.000000           1          -45.5470   
       346:     10380.000000           1          -45.5341   
       347:     10410.000000           1          -45.5175   
       348:     10440.000000           1          -45.5016   
       349:     10470.000000           1          -45.4993   
       350:     10500.000000           1          -45.4862   
       351:     10530.000000           1          -45.4815   
       352:     10560.000000           1          -45.4588   
       353:     10590.000000           1          -45.4676   
       354:     10620.000000           1          -45.4546   
       355:     10650.000000           1          -45.4506   
       356:     10680.000000           1          -45.4662   
       357:     10710.000000           1          -45.4913   
       358:     10740.000000           1          -45.5024   
       359:     10770.000000           1          -45.5118   
       360:     10800.000000           1          -45.5228   
       361:     10830.000000           1          -45.5139   
       362:     10860.000000           1          -45.5032   
       363:     10890.000000           1          -45.5116   
       364:     10920.000000           1          -45.5127   
       365:     10950.000000           1          -45.5168   
       366:     10980.000000           1          -45.5271   
       368:     11040.000000           1          -45.5382   
       369:     11070.000000           1          -45.5408   
       371:     11130.000000           1          -45.5403   
       372:     11160.000000           1          -45.5436   
       373:     11190.000000           1          -45.5428   
       374:     11220.000000           1          -45.5430   
       376:     11280.000000           1          -45.5074   
       377:     11310.000000           1          -45.5121   
       380:     11400.000000           1          -45.4772   
       381:     11430.000000           1          -45.4661   
       382:     11460.000000           1          -45.4588   
       383:     11490.000000           1          -45.4743   
       384:     11520.000000           1          -45.4772   
       385:     11550.000000           1          -45.4616   
       386:     11580.000000           1          -45.4769   
       388:     11640.000000           1          -45.4927   
       390:     11700.000000           1          -45.4948   
       391:     11730.000000           1          -45.4887   
       392:     11760.000000           1          -45.5006   
       393:     11790.000000           1          -45.5033   
       394:     11820.000000           1          -45.4916   
       433:     12990.000000           1          -45.2408   
       434:     13020.000000           1          -45.2424   
       435:     13050.000000           1          -45.2432   
       436:     13080.000000           1          -23.8165   
       437:     13110.000000           1          -45.2261   
       438:     13140.000000           1          -45.2317   
       439:     13170.000000           1          -45.2258   
       440:     13200.000000           1          -45.1998   
       441:     13230.000000           1          -23.7795   
       442:     13260.000000           1          -45.1910   
       443:     13290.000000           1          -23.7752   
       444:     13320.000000           1          -45.1986   
       445:     13350.000000           1          -45.1959   
       446:     13380.000000           1          -45.1898   
       447:     13410.000000           1          -45.2036   
       448:     13440.000000           1          -45.2045   
       449:     13470.000000           1          -45.2026   
       450:     13500.000000           1          -45.2006   
       451:     13530.000000           1          -45.1889   
       452:     13560.000000           1          -45.1946   
       453:     13590.000000           1          -45.2080   
       454:     13620.000000           1          -45.2066   
       455:     13650.000000           1          -45.2110   
       456:     13680.000000           1          -45.2192   
       457:     13710.000000           1          -45.2336   
       458:     13740.000000           1          -45.2545   
       459:     13770.000000           1          -45.2599   
       460:     13800.000000           1          -45.2508   
       461:     13830.000000           1          -45.2492   
       462:     13860.000000           1          -45.2422   
       463:     13890.000000           1          -45.2342   
       464:     13920.000000           1          -45.2281   
       465:     13950.000000           1          -45.2291   
       466:     13980.000000           1          -45.2403   
       467:     14010.000000           1          -45.2306   
       468:     14040.000000           1          -45.2151   
       469:     14070.000000           1          -45.2232   
       470:     14100.000000           1          -45.2070   
       471:     14130.000000           1          -45.1689   
       472:     14160.000000           1          -45.1751   
       473:     14190.000000           1          -45.1771   
       474:     14220.000000           1          -45.1788   
       475:     14250.000000           1          -45.1841   
       476:     14280.000000           1          -45.1729   
       477:     14310.000000           1          -45.1758   
       478:     14340.000000           1          -45.1798   
       479:     14370.000000           1          -45.1774   
       480:     14400.000000           1          -23.7644   
       481:     14430.000000           1          -45.1958   
       482:     14460.000000           1          -23.7687   
       483:     14490.000000           1          -45.2176   
       484:     14520.000000           1          -23.7999   
       485:     14550.000000           1          -45.2369   
       486:     14580.000000           1          -45.2404   
       487:     14610.000000           1          -45.2379   
       488:     14640.000000           1          -45.2338   
       491:     14730.000000           1          -45.2214   
       492:     14760.000000           1          -45.2304   
       493:     14790.000000           1          -45.2381   
       494:     14820.000000           1          -45.2386   
       495:     14850.000000           1          -45.2502   
       496:     14880.000000           1          -45.2502   
       497:     14910.000000           1          -45.2388   
       498:     14940.000000           1          -45.2430   
       499:     14970.000000           1          -45.2416   
       500:     15000.000000           1          -45.2453   
       501:     15030.000000           1          -45.2513   
       502:     15060.000000           1          -45.2357   
       503:     15090.000000           1          -45.2400   
       505:     15150.000000           1          -45.2099   
       506:     15180.000000           1          -45.2088   
       507:     15210.000000           1          -45.1962   
       508:     15240.000000           1          -45.2013   
       509:     15270.000000           1          -45.1978   
       510:     15300.000000           1          -45.2155   
       511:     15330.000000           1          -45.2081   
       512:     15360.000000           1          -23.7927   
       513:     15390.000000           1          -23.8077   
       514:     15420.000000           1          -23.7977   
       515:     15450.000000           1          -23.7972   
       516:     15480.000000           1          -23.7929   
       517:     15510.000000           1          -23.7938   
       518:     15540.000000           1          -23.7815   
       519:     15570.000000           1          -23.7804   
       520:     15600.000000           1          -23.7785   
       521:     15630.000000           1          -23.7758   
       522:     15660.000000           1          -23.7653   
       523:     15690.000000           1          -23.7666   
       524:     15720.000000           1          -23.7493   
       525:     15750.000000           1          -23.7413   
       526:     15780.000000           1          -23.7197   
       527:     15810.000000           1          -23.7210   
       528:     15840.000000           1          -23.6959   
       529:     15870.000000           1          -23.6899   
       530:     15900.000000           1          -23.6753   
       531:     15930.000000           1          -23.6732   
       532:     15960.000000           1          -23.6791   
       533:     15990.000000           1          -23.6758   
       534:     16020.000000           1          -23.6787   
       535:     16050.000000           1          -23.6763   
       536:     16080.000000           1          -23.6659   
       537:     16110.000000           1          -23.6804   
       538:     16140.000000           1          -23.6754   
       539:     16170.000000           1          -23.6832   
       540:     16200.000000           1          -23.6705   
       541:     16230.000000           1          -23.6701   
       542:     16260.000000           1          -23.6744   
       543:     16290.000000           1          -23.6815   
       544:     16320.000000           1          -23.6945   
       545:     16350.000000           1          -23.6894   
       546:     16380.000000           1          -23.6821   
       547:     16410.000000           1          -23.6784   
       548:     16440.000000           1          -23.6551   
       549:     16470.000000           1          -23.6535   
       550:     16500.000000           1          -23.6322   
       551:     16530.000000           1          -23.6227   
       552:     16560.000000           1          -23.6219   
       553:     16590.000000           1          -23.6245   
       554:     16620.000000           1          -23.6091   
       555:     16650.000000           1          -23.6091   
       556:     16680.000000           1          -23.5961   
       557:     16710.000000           1          -23.5883   
       558:     16740.000000           1          -23.5814   
       559:     16770.000000           1          -23.5802   
       560:     16800.000000           1          -23.5793   
       561:     16830.000000           1          -23.5756   
       562:     16860.000000           1          -23.5610   
       563:     16890.000000           1          -23.5688   
       564:     16920.000000           1          -23.5602   
       565:     16950.000000           1          -23.5641   
       566:     16980.000000           1          -23.5644   
       567:     17010.000000           1          -23.5588   
       568:     17040.000000           1          -23.5563   
       569:     17070.000000           1          -23.5472   
       570:     17100.000000           1          -23.5458   
       571:     17130.000000           1          -23.5430   
       572:     17160.000000           1          -23.5366   
       573:     17190.000000           1          -44.9787   
       574:     17220.000000           1          -23.5324   
       575:     17250.000000           1          -44.9744   
       576:     17280.000000           1          -44.9761   
       577:     17310.000000           1          -44.9714   
       578:     17340.000000           1          -44.9687   
       579:     17370.000000           1          -44.9689   
       580:     17400.000000           1          -44.9694   
       581:     17430.000000           1          -44.9765   
       582:     17460.000000           1          -44.9811   
       583:     17490.000000           1          -44.9812   
       584:     17520.000000           1          -44.9728   
       585:     17550.000000           1          -44.9663   
       586:     17580.000000           1          -44.9572   
       587:     17610.000000           1          -44.9410   
       588:     17640.000000           1          -44.9433   
       589:     17670.000000           1          -44.9605   
       590:     17700.000000           1          -44.9660   
       591:     17730.000000           1          -44.9759   
       592:     17760.000000           1          -44.9747   
       593:     17790.000000           1          -44.9768   
       594:     17820.000000           1          -44.9834   
       595:     17850.000000           1          -44.9866   
       596:     17880.000000           1          -44.9767   
       597:     17910.000000           1          -44.9681   
       598:     17940.000000           1          -44.9676   
       599:     17970.000000           1          -44.9477   
       600:     18000.000000           1          -23.4749   
       601:     18030.000000           1          -23.4648   
       602:     18060.000000           1          -23.4526   
       603:     18090.000000           1          -23.4465   
       604:     18120.000000           1          -23.4469   
       605:     18150.000000           1          -23.4394   
       606:     18180.000000           1          -23.4393   
       607:     18210.000000           1          -23.4380   
       608:     18240.000000           1          -23.4426   
       609:     18270.000000           1          -23.4455   
       610:     18300.000000           1          -23.4413   
       611:     18330.000000           1          -23.4478   
       612:     18360.000000           1          -23.4502   
       613:     18390.000000           1          -23.4504   
       614:     18420.000000           1          -23.4528   
       615:     18450.000000           1          -23.4499   
       616:     18480.000000           1          -23.4363   
       617:     18510.000000           1          -23.4297   
       618:     18540.000000           1          -23.4381   
       619:     18570.000000           1          -23.4316   
       620:     18600.000000           1          -23.4223   
       621:     18630.000000           1          -23.4103   
       622:     18660.000000           1          -23.4143   
       623:     18690.000000           1          -23.4043   
       624:     18720.000000           1          -23.3967   
       625:     18750.000000           1          -23.3809   
       626:     18780.000000           1         -340.5389   
       627:     18810.000000           1          -23.3593   
       628:     18840.000000           1          -23.3483   
       629:     18870.000000           1         -340.4777   
       630:     18900.000000           1         -340.4637   
       631:     18930.000000           1         -340.4464   
       632:     18960.000000           1         -340.4886   
       633:     18990.000000           1         -340.4860   
       634:     19020.000000           1         -340.4794   
       635:     19050.000000           1         -340.4557   
       636:     19080.000000           1         -340.4698   
       637:     19110.000000           1         -340.4640   
       638:     19140.000000           1         -340.4641   
       639:     19170.000000           1         -340.4675   
       640:     19200.000000           1         -340.4651   
       641:     19230.000000           1         -340.4881   
       642:     19260.000000           1         -340.5086   
       643:     19290.000000           1         -340.5146   
       644:     19320.000000           1         -340.5254   
       645:     19350.000000           1         -340.5195   
       646:     19380.000000           1         -340.5268   
       647:     19410.000000           1         -340.5294   
       648:     19440.000000           1         -340.5298   
       650:     19500.000000           1         -340.5351   
       651:     19530.000000           1         -340.5430   
       652:     19560.000000           1         -340.5620   
       653:     19590.000000           1         -340.5571   
       654:     19620.000000           1         -340.5409   
       655:     19650.000000           1         -340.5334   
       657:     19710.000000           1         -340.5139   
       658:     19740.000000           1         -340.4964   
       659:     19770.000000           1         -340.4873   
       660:     19800.000000           1         -340.4899   
       661:     19830.000000           1         -340.4866   
       662:     19860.000000           1         -340.4809   
       663:     19890.000000           1         -340.4771   
       664:     19920.000000           1         -340.4756   
       665:     19950.000000           1         -340.4696   
       666:     19980.000000           1          -23.1338   
       667:     20010.000000           1          -23.1246   
       668:     20040.000000           1          -23.1216   
       669:     20070.000000           1          -23.1183   
       670:     20100.000000           1          -23.1158   
       671:     20130.000000           1          -23.1066   
       672:     20160.000000           1          -23.1003   
       673:     20190.000000           1          -23.0974   
       674:     20220.000000           1          -23.0930   
       675:     20250.000000           1          -23.0897   
       676:     20280.000000           1          -23.0815   
       677:     20310.000000           1          -23.0801   
       678:     20340.000000           1          -23.0713   
       679:     20370.000000           1          -23.0509   
       680:     20400.000000           1          -23.0523   
       681:     20430.000000           1          -23.0555   
       682:     20460.000000           1          -23.0497   
       683:     20490.000000           1          -23.0454   
       684:     20520.000000           1          -23.0364   
       685:     20550.000000           1         -340.4617   
       686:     20580.000000           1         -340.4619   
       687:     20610.000000           1         -340.4627   
       688:     20640.000000           1         -340.4734   
       689:     20670.000000           1         -340.4769   
       690:     20700.000000           1         -340.4791   
       691:     20730.000000           1         -340.4869   
       692:     20760.000000           1         -340.4794   
       693:     20790.000000           1         -340.4863   
       694:     20820.000000           1         -340.4966   
       695:     20850.000000           1         -340.5070   
       697:     20910.000000           1         -340.5169   
       698:     20940.000000           1         -340.5112   
       699:     20970.000000           1         -340.5060   
       700:     21000.000000           1         -340.5031   
       701:     21030.000000           1         -340.4952   
       702:     21060.000000           1         -340.4876   
       704:     21120.000000           1         -340.4708   
       705:     21150.000000           1         -340.4638   
       706:     21180.000000           1         -340.4643   
       707:     21210.000000           1         -340.4546   
       708:     21240.000000           1         -340.4562   
       709:     21270.000000           1         -340.4520   
       710:     21300.000000           1         -340.4540   
       711:     21330.000000           1         -340.4640   
       712:     21360.000000           1         -340.4586   
       713:     21390.000000           1         -340.4641   
       714:     21420.000000           1         -340.4499   
       715:     21450.000000           1         -340.4448   
       716:     21480.000000           1          -22.8389   
       717:     21510.000000           1          -22.8290   
       718:     21540.000000           1          -22.8287   
       719:     21570.000000           1          -22.8180   
       720:     21600.000000           1          -22.8103   
       721:     21630.000000           1          -22.7996   
       722:     21660.000000           1          -22.7890   
       723:     21690.000000           1          -22.7812   
       724:     21720.000000           1          -22.7725   
       725:     21750.000000           1          -22.7667   
       726:     21780.000000           1          -22.7606   
       727:     21810.000000           1         -340.4003   
       728:     21840.000000           1         -340.3933   
       729:     21870.000000           1          -22.7265   
       730:     21900.000000           1         -340.3647   
       731:     21930.000000           1         -340.3558   
       732:     21960.000000           1         -340.3577   
       733:     21990.000000           1         -340.3612   
       734:     22020.000000           1         -340.3509   
       735:     22050.000000           1         -340.3537   
       736:     22080.000000           1         -340.3511   
       737:     22110.000000           1         -340.3468   
       738:     22140.000000           1         -340.3464   
       739:     22170.000000           1         -340.3313   
       740:     22200.000000           1         -340.3241   
       741:     22230.000000           1         -340.3167   
       742:     22260.000000           1         -340.3117   
       743:     22290.000000           1         -340.3097   
       744:     22320.000000           1         -340.3065   
       745:     22350.000000           1         -340.2999   
       746:     22380.000000           1         -340.2977   
       747:     22410.000000           1         -340.2947   
       748:     22440.000000           1         -340.2867   
       749:     22470.000000           1         -340.2754   
       750:     22500.000000           1         -340.2690   
       751:     22530.000000           1         -340.2618   
       752:     22560.000000           1         -340.2582   
       753:     22590.000000           1         -340.2461   
       754:     22620.000000           1         -340.2355   
       755:     22650.000000           1         -340.2292   
       756:     22680.000000           1         -340.2236   
       757:     22710.000000           1         -340.2115   
       758:     22740.000000           1         -340.2088   
       759:     22770.000000           1         -340.2047   
       760:     22800.000000           1         -340.2033   
       761:     22830.000000           1          -22.4692   
       762:     22860.000000           1          -22.4783   
       763:     22890.000000           1         -340.2037   
       764:     22920.000000           1          -22.4566   
       765:     22950.000000           1          -22.4448   
       766:     22980.000000           1          -22.4433   
       767:     23010.000000           1          -22.4352   
       768:     23040.000000           1          -22.4191   
       769:     23070.000000           1          -22.4097   
       770:     23100.000000           1          -22.4067   
       771:     23130.000000           1          -22.4013   
       772:     23160.000000           1          -22.3964   
       773:     23190.000000           1         -340.1512   
       774:     23220.000000           1          -22.3805   
       775:     23250.000000           1          -22.3689   
       776:     23280.000000           1          -22.3480   
       777:     23310.000000           1          -22.3229   
       778:     23340.000000           1          -22.3176   
       779:     23370.000000           1          -22.3119   
       780:     23400.000000           1          -22.3046   
       781:     23430.000000           1          -22.3022   
       782:     23460.000000           1          -22.2929   
       783:     23490.000000           1          -22.2771   
       784:     23520.000000           1          -22.2629   
       785:     23550.000000           1          -22.2474   
       786:     23580.000000           1          -22.2330   
       787:     23610.000000           1          -22.2161   
       788:     23640.000000           1         -339.9776   
       789:     23670.000000           1         -339.9666   
       790:     23700.000000           1         -339.9641   
       791:     23730.000000           1         -339.9594   
       792:     23760.000000           1         -339.9490   
       793:     23790.000000           1         -339.9297   
       794:     23820.000000           1         -339.9201   
       795:     23850.000000           1         -339.9189   
       796:     23880.000000           1         -339.9129   
       797:     23910.000000           1         -339.9079   
       798:     23940.000000           1         -339.8920   
       799:     23970.000000           1         -339.8767   
       800:     24000.000000           1         -339.8729   
       801:     24030.000000           1         -339.8749   
       802:     24060.000000           1         -339.8654   
       803:     24090.000000           1          -86.5143   
       804:     24120.000000           1          -86.5081   
       805:     24150.000000           1          -86.5003   
       806:     24180.000000           1          -86.4892   
       807:     24210.000000           1          -86.4703   
       808:     24240.000000           1          -86.4650   
       809:     24270.000000           1         -339.8235   
       810:     24300.000000           1          -86.4486   
       811:     24330.000000           1          -86.4426   
       812:     24360.000000           1          -86.4268   
       813:     24390.000000           1          -86.4265   
       814:     24420.000000           1         -339.7853   
       815:     24450.000000           1         -339.7705   
       816:     24480.000000           1         -339.7555   
       817:     24510.000000           1         -339.7450   
       818:     24540.000000           1         -339.7309   
       819:     24570.000000           1         -339.7192   
       820:     24600.000000           1         -339.7102   
       821:     24630.000000           1         -339.7020   
       822:     24660.000000           1         -339.6867   
       823:     24690.000000           1         -339.6849   
       824:     24720.000000           1         -339.6825   
       825:     24750.000000           1         -339.6755   
       826:     24780.000000           1         -339.6658   
       827:     24810.000000           1         -339.6602   
       828:     24840.000000           1         -339.6417   
       829:     24870.000000           1         -339.6311   
       830:     24900.000000           1         -339.6276   
       831:     24930.000000           1          -86.2311   
       832:     24960.000000           1          -86.2209   
       833:     24990.000000           1         -339.6023   
       834:     25020.000000           1          -86.2043   
       835:     25050.000000           1          -86.1824   
       836:     25080.000000           1          -86.1769   
       837:     25110.000000           1          -86.1628   
       838:     25140.000000           1          -86.1540   
       839:     25170.000000           1          -86.1503   
       840:     25200.000000           1          -86.1397   
       841:     25230.000000           1          -86.1299   
       842:     25260.000000           1         -339.5030   
       843:     25290.000000           1          -86.0882   
       844:     25320.000000           1         -339.4758   
       845:     25350.000000           1         -339.4552   
       846:     25380.000000           1         -339.4421   
       847:     25410.000000           1         -339.4266   
       848:     25440.000000           1         -339.4187   
       849:     25470.000000           1         -339.4121   
       850:     25500.000000           1         -339.3998   
       851:     25530.000000           1         -339.3950   
       852:     25560.000000           1         -339.3821   
       853:     25590.000000           1         -339.3744   
       854:     25620.000000           1         -339.3714   
       855:     25650.000000           1         -339.3559   
       856:     25680.000000           1         -339.3503   
       857:     25710.000000           1         -339.3457   
       858:     25740.000000           1         -339.3505   
       859:     25770.000000           1         -339.3446   
       860:     25800.000000           1         -339.3439   
       861:     25830.000000           1         -339.3319   
       862:     25860.000000           1         -339.3249   
       863:     25890.000000           1         -339.3126   
       864:     25920.000000           1          -21.5439   
       865:     25950.000000           1          -21.5430   
       866:     25980.000000           1          -21.5315   
       867:     26010.000000           1          -21.5212   
       868:     26040.000000           1          -21.5263   
       869:     26070.000000           1          -21.5184   
       870:     26100.000000           1          -21.5152   
       871:     26130.000000           1          -21.5109   
       872:     26160.000000           1          -21.5085   
       873:     26190.000000           1          -21.5012   
       874:     26220.000000           1          -21.4971   
       875:     26250.000000           1          -21.4956   
       876:     26280.000000           1          -21.4898   
       877:     26310.000000           1          -21.4831   
       878:     26340.000000           1          -21.4768   
       879:     26370.000000           1          -21.4665   
       880:     26400.000000           1          -21.4591   
       881:     26430.000000           1          -21.4443   
       882:     26460.000000           1          -21.4254   
       883:     26490.000000           1          -21.4146   
       884:     26520.000000           1          -21.4039   
       885:     26550.000000           1          -21.3962   
       886:     26580.000000           1          -21.3948   
       887:     26610.000000           1          -21.3876   
       888:     26640.000000           1          -21.3757   
       889:     26670.000000           1          -21.3701   
       890:     26700.000000           1          -21.3681   
       891:     26730.000000           1          -21.3597   
       892:     26760.000000           1          -21.3474   
       893:     26790.000000           1          -21.3345   
       894:     26820.000000           1          -21.3189   
       895:     26850.000000           1          -21.3164   
       896:     26880.000000           1          -21.3023   
       897:     26910.000000           1          -21.2859   
       898:     26940.000000           1          -21.2799   
       899:     26970.000000           1          -21.2678   
       900:     27000.000000           1          -21.2592   
       901:     27030.000000           1          -21.2528   
       902:     27060.000000           1          -21.2545   
       903:     27090.000000           1          -21.2506   
       904:     27120.000000           1          -21.2387   
       905:     27150.000000           1          -21.2187   
       906:     27180.000000           1          -21.1994   
       907:     27210.000000           1          -21.1808   
       908:     27240.000000           1          -21.1705   
       909:     27270.000000           1          -21.1686   
       910:     27300.000000           1          -21.1667   
       911:     27330.000000           1          -21.1670   
       912:     27360.000000           1          -21.1668   
       913:     27390.000000           1          -21.1585   
       914:     27420.000000           1          -21.1487   
       915:     27450.000000           1          -21.1377   
       916:     27480.000000           1          -21.1265   
       917:     27510.000000           1          -21.1222   
       918:     27540.000000           1          -21.1092   
       919:     27570.000000           1          -21.0941   
       920:     27600.000000           1          -21.0845   
       921:     27630.000000           1          -21.0786   
       922:     27660.000000           1          -21.0725   
       923:     27690.000000           1          -21.0595   
       924:     27720.000000           1          -21.0475   
       925:     27750.000000           1          -21.0313   
       926:     27780.000000           1          -21.0184   
       927:     27810.000000           1          -21.0142   
       928:     27840.000000           1          -21.0046   
       929:     27870.000000           1          -20.9985   
       930:     27900.000000           1          -20.9913   
       931:     27930.000000           1          -20.9820   
       932:     27960.000000           1          -20.9736   
       933:     27990.000000           1          -20.9738   
       934:     28020.000000           1         -338.6865   
       935:     28050.000000           1         -338.6806   
       936:     28080.000000           1         -338.6761   
       937:     28110.000000           1         -338.6701   
       938:     28140.000000           1         -338.6537   
       939:     28170.000000           1         -338.6343   
       940:     28200.000000           1         -338.6228   
       941:     28230.000000           1         -338.6083   
       942:     28260.000000           1          -85.1279   
       943:     28290.000000           1         -338.5969   
       944:     28320.000000           1          -85.1283   
       945:     28350.000000           1          -85.0912   
       946:     28380.000000           1          -85.0889   
       947:     28410.000000           1          -85.0586   
       948:     28440.000000           1          -85.0212   
       949:     28470.000000           1          -84.9946   
       950:     28500.000000           1          -84.9882   
       951:     28530.000000           1         -306.6835   
       952:     28560.000000           1          -84.8646   
       953:     28590.000000           1         -306.6744   
       954:     28620.000000           1          -84.8064   
       955:     28650.000000           1          -84.7483   
       956:     28680.000000           1          -84.8033   
       957:     28710.000000           1          -84.8060   
       958:     28740.000000           1          -84.7923   
       959:     28770.000000           1          -84.7583   
       960:     28800.000000           1          -84.7257   
       961:     28830.000000           1          -84.6964   
       962:     28860.000000           1          -84.6918   
       963:     28890.000000           1          -84.6838   
       964:     28920.000000           1         -306.6149   
       965:     28950.000000           1          -84.7090   
       966:     28980.000000           1          -84.7345   
       967:     29010.000000           1          -84.7338   
       968:     29040.000000           1          -84.7284   
       969:     29070.000000           1         -338.3683   
       970:     29100.000000           1         -338.3617   
       971:     29130.000000           1         -338.3518   
       972:     29160.000000           1         -338.3434   
       973:     29190.000000           1         -338.3368   
       974:     29220.000000           1         -338.3312   
       975:     29250.000000           1         -338.3212   
       976:     29280.000000           1         -338.3113   
       977:     29310.000000           1         -338.2967   
       978:     29340.000000           1         -338.2862   
       979:     29370.000000           1         -338.2730   
       980:     29400.000000           1         -338.2746   
       981:     29430.000000           1         -338.2626   
       982:     29460.000000           1         -338.2547   
       983:     29490.000000           1         -338.2502   
       984:     29520.000000           1         -338.2414   
       985:     29550.000000           1         -338.2331   
       986:     29580.000000           1         -338.2287   
       987:     29610.000000           1         -338.2191   
       988:     29640.000000           1         -338.2148   
       989:     29670.000000           1         -338.2091   
       990:     29700.000000           1         -338.1962   
       991:     29730.000000           1         -338.1866   
       992:     29760.000000           1         -338.1701   
       993:     29790.000000           1         -338.1610   
       994:     29820.000000           1         -338.1592   
       995:     29850.000000           1         -338.1557   
       996:     29880.000000           1         -338.1564   
       997:     29910.000000           1         -338.1525   
       998:     29940.000000           1         -338.1528   
       999:     29970.000000           1         -338.1452   
      1000:     30000.000000           1         -338.1427   
      1001:     30030.000000           1         -338.1337   
      1002:     30060.000000           1         -338.1333   
      1003:     30090.000000           1         -338.1239   
      1004:     30120.000000           1         -338.1219   
      1005:     30150.000000           1         -338.1175   
      1006:     30180.000000           1         -338.1261   
      1007:     30210.000000           1         -338.1273   
      1008:     30240.000000           1         -338.1206   
      1009:     30270.000000           1         -338.1137   
      1010:     30300.000000           1         -338.1108   
      1011:     30330.000000           1         -338.1031   
      1012:     30360.000000           1          -20.4233   
      1013:     30390.000000           1          -20.4159   
      1014:     30420.000000           1          -20.4019   
      1015:     30450.000000           1          -20.3987   
      1016:     30480.000000           1          -20.3870   
      1017:     30510.000000           1          -20.3805   
      1018:     30540.000000           1          -20.3677   
      1019:     30570.000000           1          -20.3639   
      1020:     30600.000000           1          -20.3623   
      1021:     30630.000000           1          -20.3526   
      1022:     30660.000000           1          -20.3470   
      1023:     30690.000000           1          -20.3421   
      1024:     30720.000000           1          -20.3298   
      1025:     30750.000000           1          -20.3200   
      1026:     30780.000000           1          -20.3069   
      1027:     30810.000000           1          -20.2928   
      1028:     30840.000000           1          -20.2897   
      1029:     30870.000000           1          -20.2808   
      1030:     30900.000000           1          -20.2667   
      1031:     30930.000000           1          -20.2556   
      1032:     30960.000000           1          -20.2471   
      1033:     30990.000000           1          -20.2519   
      1034:     31020.000000           1          -20.2502   
      1035:     31050.000000           1          -20.2503   
      1036:     31080.000000           1         -337.9193   
      1037:     31110.000000           1          -20.2388   
      1038:     31140.000000           1          -20.2353   
      1039:     31170.000000           1          -20.2370   
      1040:     31200.000000           1          -20.2311   
      1041:     31230.000000           1          -20.2233   
      1042:     31260.000000           1          -20.2107   
      1043:     31290.000000           1          -20.2025   
      1044:     31320.000000           1          -20.1952   
      1045:     31350.000000           1          -20.1934   
      1046:     31380.000000           1          -20.1959   
      1047:     31410.000000           1          -20.1900   
      1048:     31440.000000           1          -20.1844   
      1049:     31470.000000           1          -20.1804   
      1050:     31500.000000           1          -20.1800   
      1051:     31530.000000           1          -20.1756   
      1052:     31560.000000           1          -20.1672   
      1053:     31590.000000           1          -20.1517   
      1054:     31620.000000           1          -20.1410   
      1055:     31650.000000           1          -20.1298   
      1056:     31680.000000           1          -20.1254   
      1057:     31710.000000           1          -20.1213   
      1058:     31740.000000           1          -20.1123   
      1059:     31770.000000           1          -20.1068   
      1060:     31800.000000           1          -20.0978   
      1061:     31830.000000           1          -20.0881   
      1062:     31860.000000           1          -20.0772   
      1063:     31890.000000           1          -20.0693   
      1064:     31920.000000           1          -20.0651   
      1065:     31950.000000           1          -20.0618   
      1066:     31980.000000           1          -20.0553   
      1067:     32010.000000           1          -20.0574   
      1068:     32040.000000           1          -20.0599   
      1069:     32070.000000           1          -20.0634   
      1070:     32100.000000           1          -20.0611   
      1071:     32130.000000           1          -20.0523   
      1072:     32160.000000           1          -20.0467   
      1073:     32190.000000           1          -20.0365   
      1074:     32220.000000           1          -20.0346   
      1075:     32250.000000           1          -20.0286   
      1076:     32280.000000           1         -337.6872   
      1077:     32310.000000           1         -337.6841   
      1078:     32340.000000           1         -305.8368   
      1079:     32370.000000           1         -337.6716   
      1080:     32400.000000           1         -305.8311   
      1081:     32430.000000           1         -337.6734   
      1082:     32460.000000           1         -337.6671   
      1083:     32490.000000           1         -337.6637   
      1084:     32520.000000           1         -337.6573   
      1085:     32550.000000           1         -337.6511   
      1086:     32580.000000           1         -337.6425   
      1087:     32610.000000           1         -337.6417   
      1088:     32640.000000           1         -337.6353   
      1089:     32670.000000           1         -337.6302   
      1090:     32700.000000           1         -337.6201   
      1091:     32730.000000           1         -337.6173   
      1092:     32760.000000           1         -337.6044   
      1093:     32790.000000           1         -337.6065   
      1094:     32820.000000           1         -337.6094   
      1095:     32850.000000           1         -337.6079   
      1096:     32880.000000           1         -337.5987   
      1097:     32910.000000           1         -337.6008   
      1098:     32940.000000           1         -305.7379   
      1099:     32970.000000           1         -337.5895   
      1100:     33000.000000           1         -337.5813   
      1101:     33030.000000           1         -305.7193   
      1102:     33060.000000           1         -305.7163   
      1103:     33090.000000           1         -305.7094   
      1104:     33120.000000           1         -305.7072   
      1105:     33150.000000           1         -305.7018   
      1106:     33180.000000           1         -305.6934   
      1107:     33210.000000           1         -305.6863   
      1108:     33240.000000           1         -305.6789   
      1109:     33270.000000           1         -305.6694   
      1110:     33300.000000           1         -305.6617   
      1111:     33330.000000           1         -337.5077   
      1112:     33360.000000           1         -337.5013   
      1113:     33390.000000           1         -337.4924   
      1114:     33420.000000           1         -337.4795   
      1115:     33450.000000           1         -337.4687   
      1116:     33480.000000           1         -337.4563   
      1117:     33510.000000           1         -337.4434   
      1118:     33540.000000           1         -337.4361   
      1119:     33570.000000           1         -337.4251   
      1120:     33600.000000           1         -337.4163   
      1121:     33630.000000           1         -337.4085   
      1122:     33660.000000           1         -305.5469   
      1123:     33690.000000           1         -337.4117   
      1124:     33720.000000           1         -305.5436   
      1125:     33750.000000           1         -305.5353   
      1126:     33780.000000           1         -337.3957   
      1127:     33810.000000           1         -337.3893   
      1128:     33840.000000           1         -337.3912   
      1129:     33870.000000           1         -305.5136   
      1130:     33900.000000           1         -305.5114   
      1131:     33930.000000           1         -337.3805   
      1132:     33960.000000           1         -305.4965   
      1133:     33990.000000           1         -305.4893   
      1135:     34050.000000           1         -305.4687   
      1137:     34110.000000           1         -305.4573   
      1140:     34200.000000           1         -305.4372   
      1144:     34320.000000           1         -305.4269   
      1145:     34350.000000           1         -305.4172   
      1147:     34410.000000           1         -305.4090   
      1148:     34440.000000           1         -305.4050   
      1149:     34470.000000           1         -305.3961   
      1150:     34500.000000           1         -305.3779   
