         0:         0.000000           1          -28.6938   
         1:        30.000000           1          -25.3939   
         2:        60.000000           1          -25.8654   
         3:        90.000000           1          -23.9856   
         4:       120.000000           1          -22.2701   
         5:       150.000000           1          -21.9582   
         6:       180.000000           1          -21.6526   
         7:       210.000000           1          -22.4902   
         8:       240.000000           1          -22.7774   
         9:       270.000000           1          -23.1741   
        10:       300.000000           1          -23.0240   
        11:       330.000000           1          -23.2169   
        12:       360.000000           1          -23.2181   
        13:       390.000000           1          -23.6100   
        14:       420.000000           1          -23.5269   
        15:       450.000000           1          -23.4357   
        16:       480.000000           1          -23.2857   
        17:       510.000000           1          -23.4153   
        18:       540.000000           1          -23.2637   
        19:       570.000000           1          -23.2375   
        20:       600.000000           1          -23.0407   
        21:       630.000000           1          -22.7554   
        22:       660.000000           1          -22.5387   
        23:       690.000000           1          -22.4576   
        24:       720.000000           1          -22.5897   
        25:       750.000000           1          -22.5311   
        26:       780.000000           1          -22.4751   
        27:       810.000000           1          -22.6001   
        28:       840.000000           1          -22.6136   
        29:       870.000000           1          -22.4863   
        30:       900.000000           1          -22.3493   
        31:       930.000000           1          -22.2551   
        32:       960.000000           1          -22.2003   
        33:       990.000000           1          -22.2550   
        34:      1020.000000           1          -22.1721   
        35:      1050.000000           1          -22.1565   
        36:      1080.000000           1          -22.2336   
        37:      1110.000000           1         -169.2528   
        38:      1140.000000           1          -22.2562   
        39:      1170.000000           1          -21.9852   
        40:      1200.000000           1          -21.6984   
        41:      1230.000000           1          -21.3979   
        42:      1260.000000           1          -21.1778   
        43:      1290.000000           1          -21.1611   
        44:      1320.000000           1          -21.0668   
        45:      1350.000000           1         -168.0953   
        46:      1380.000000           1          -21.0874   
        47:      1410.000000           1          -21.1376   
        48:      1440.000000           1         -168.2817   
        49:      1470.000000           1          -21.0885   
        50:      1500.000000           1          -21.2198   
        51:      1530.000000           1          -21.1591   
        52:      1560.000000           1          -21.0343   
        53:      1590.000000           1          -20.8696   
        54:      1620.000000           1          -20.7710   
        55:      1650.000000           1          -20.7277   
        56:      1680.000000           1          -20.8248   
        57:      1710.000000           1          -20.7501   
        58:      1740.000000           1          -20.7904   
        59:      1770.000000           1          -20.7008   
        60:      1800.000000           1          -20.6905   
        61:      1830.000000           1          -20.7087   
        62:      1860.000000           1          -20.6767   
        63:      1890.000000           1          -20.7334   
        64:      1920.000000           1          -20.7672   
        65:      1950.000000           1          -20.7288   
        66:      1980.000000           1          -20.7894   
        67:      2010.000000           1          -20.8553   
        68:      2040.000000           1          -20.8870   
        69:      2070.000000           1          -20.9832   
        70:      2100.000000           1          -20.9904   
        71:      2130.000000           1          -21.0316   
        72:      2160.000000           1          -21.1271   
        73:      2190.000000           1          -21.1668   
        74:      2220.000000           1          -21.2769   
        75:      2250.000000           1          -21.2490   
        76:      2280.000000           1          -21.2488   
        77:      2310.000000           1          -21.1922   
        78:      2340.000000           1          -21.2557   
        79:      2370.000000           1          -21.2799   
        80:      2400.000000           1          -21.2936   
        81:      2430.000000           1          -21.2826   
        82:      2460.000000           1          -21.2543   
        83:      2490.000000           1          -21.2715   
        84:      2520.000000           1          -21.2128   
        85:      2550.000000           1          -21.0692   
        86:      2580.000000           1          -21.0057   
        87:      2610.000000           1          -20.9116   
        88:      2640.000000           1          -20.9542   
        89:      2670.000000           1          -20.8606   
        90:      2700.000000           1          -20.8876   
        91:      2730.000000           1          -20.8523   
        92:      2760.000000           1          -20.8367   
        93:      2790.000000           1          -20.8163   
        94:      2820.000000           1          -20.8910   
        95:      2850.000000           1          -20.8106   
        96:      2880.000000           1          -20.8120   
        97:      2910.000000           1          -20.8056   
        98:      2940.000000           1          -20.7995   
        99:      2970.000000           1          -20.7813   
       100:      3000.000000           1          -20.8723   
       101:      3030.000000           1          -20.9017   
       102:      3060.000000           1          -20.8745   
       103:      3090.000000           1          -20.8981   
       104:      3120.000000           1          -20.8653   
       105:      3150.000000           1          -20.8143   
       106:      3180.000000           1          -20.8380   
       107:      3210.000000           1          -20.8269   
       108:      3240.000000           1          -20.8212   
       109:      3270.000000           1          -20.8424   
       110:      3300.000000           1          -20.8468   
       111:      3330.000000           1          -20.8901   
       112:      3360.000000           1          -20.9499   
       113:      3390.000000           1          -21.0042   
       114:      3420.000000           1          -21.0100   
       115:      3450.000000           1          -20.9797   
       116:      3480.000000           1          -20.9889   
       117:      3510.000000           1          -21.0539   
       118:      3540.000000           1          -21.0717   
       119:      3570.000000           1          -21.0486   
       120:      3600.000000           1          -21.0388   
       121:      3630.000000           1          -20.9904   
       122:      3660.000000           1          -20.9138   
       123:      3690.000000           1          -20.9647   
       124:      3720.000000           1          -20.9478   
       125:      3750.000000           1          -20.9651   
       126:      3780.000000           1          -20.9609   
       127:      3810.000000           1          -20.9233   
       128:      3840.000000           1          -20.8730   
       129:      3870.000000           1          -20.8276   
       130:      3900.000000           1          -20.7462   
       131:      3930.000000           1          -20.7025   
       132:      3960.000000           1          -20.7079   
       133:      3990.000000           1          -20.7331   
       134:      4020.000000           1          -20.7038   
       135:      4050.000000           1          -20.6973   
       136:      4080.000000           1          -20.7385   
       137:      4110.000000           1          -20.7486   
       138:      4140.000000           1          -20.7373   
       139:      4170.000000           1          -20.7140   
       140:      4200.000000           1          -20.7220   
       141:      4230.000000           1          -20.7458   
       142:      4260.000000           1          -20.7302   
       143:      4290.000000           1          -20.7252   
       144:      4320.000000           1          -20.7327   
       145:      4350.000000           1          -20.6927   
       146:      4380.000000           1          -20.6832   
       147:      4410.000000           1          -20.7153   
       148:      4440.000000           1          -20.7481   
       149:      4470.000000           1          -20.7572   
       150:      4500.000000           1          -20.7485   
       151:      4530.000000           1          -20.6973   
       152:      4560.000000           1          -20.6687   
       153:      4590.000000           1          -20.6741   
       154:      4620.000000           1          -20.6943   
       155:      4650.000000           1          -20.6876   
       156:      4680.000000           1          -20.6595   
       157:      4710.000000           1          -20.6567   
       158:      4740.000000           1          -20.6693   
       159:      4770.000000           1          -20.6622   
       160:      4800.000000           1          -20.6765   
       161:      4830.000000           1          -20.6551   
       162:      4860.000000           1          -20.6595   
       163:      4890.000000           1          -20.6362   
       164:      4920.000000           1          -20.6213   
       165:      4950.000000           1          -20.6354   
       166:      4980.000000           1          -20.6740   
       167:      5010.000000           1          -20.6687   
       168:      5040.000000           1          -20.6619   
       169:      5070.000000           1          -20.6455   
       170:      5100.000000           1          -20.6075   
       171:      5130.000000           1          -20.5751   
       172:      5160.000000           1          -20.5296   
       173:      5190.000000           1          -20.5052   
       174:      5220.000000           1          -20.4739   
       175:      5250.000000           1          -20.4498   
       176:      5280.000000           1          -20.4371   
       177:      5310.000000           1          -20.4292   
       178:      5340.000000           1          -20.4313   
       179:      5370.000000           1          -20.4488   
       180:      5400.000000           1          -20.4228   
       181:      5430.000000           1          -20.3916   
       182:      5460.000000           1          -20.3840   
       183:      5490.000000           1          -20.3803   
       184:      5520.000000           1          -20.3891   
       185:      5550.000000           1          -20.4034   
       186:      5580.000000           1          -20.4005   
       187:      5610.000000           1          -20.4223   
       188:      5640.000000           1          -20.4497   
       189:      5670.000000           1          -20.4688   
       190:      5700.000000           1          -20.4742   
       191:      5730.000000           1          -20.4939   
       192:      5760.000000           1          -20.5060   
       193:      5790.000000           1          -20.5066   
       194:      5820.000000           1          -20.5264   
       195:      5850.000000           1          -20.5341   
       196:      5880.000000           1          -20.5348   
       197:      5910.000000           1          -20.5442   
       198:      5940.000000           1          -20.5713   
       199:      5970.000000           1          -20.5220   
       200:      6000.000000           1          -20.5303   
       201:      6030.000000           1          -20.5163   
       202:      6060.000000           1          -20.4935   
       203:      6090.000000           1          -20.4504   
       204:      6120.000000           1          -20.4498   
       205:      6150.000000           1          -20.4324   
       206:      6180.000000           1          -20.4580   
       207:      6210.000000           1          -20.4836   
       208:      6240.000000           1          -20.5286   
       209:      6270.000000           1          -20.5517   
       210:      6300.000000           1          -20.5680   
       211:      6330.000000           1          -20.5494   
       212:      6360.000000           1          -20.5198   
       213:      6390.000000           1          -20.5116   
       214:      6420.000000           1          -20.4870   
       215:      6450.000000           1          -20.4687   
       216:      6480.000000           1          -20.4518   
       217:      6510.000000           1          -20.4329   
       218:      6540.000000           1          -20.4313   
       219:      6570.000000           1          -20.4595   
       220:      6600.000000           1          -20.4675   
       221:      6630.000000           1          -20.4369   
       222:      6660.000000           1          -20.4372   
       223:      6690.000000           1          -20.4260   
       224:      6720.000000           1          -20.4210   
       225:      6750.000000           1          -20.4116   
       226:      6780.000000           1          -20.4277   
       227:      6810.000000           1          -20.4367   
       228:      6840.000000           1          -20.4365   
       229:      6870.000000           1          -20.4282   
       230:      6900.000000           1          -20.4188   
       231:      6930.000000           1          -20.4313   
       232:      6960.000000           1          -20.4240   
       233:      6990.000000           1          -20.4264   
       234:      7020.000000           1          -20.4234   
       235:      7050.000000           1          -20.4437   
       236:      7080.000000           1          -20.4542   
       237:      7110.000000           1          -20.4702   
       238:      7140.000000           1          -20.4946   
       239:      7170.000000           1          -20.5096   
       240:      7200.000000           1          -20.5051   
       241:      7230.000000           1          -20.4711   
       242:      7260.000000           1          -20.4567   
       243:      7290.000000           1          -20.4119   
       244:      7320.000000           1          -20.4105   
       245:      7350.000000           1          -20.4557   
       246:      7380.000000           1          -20.4831   
       247:      7410.000000           1          -20.5327   
       248:      7440.000000           1          -20.5813   
       249:      7470.000000           1          -20.5908   
       250:      7500.000000           1          -20.5853   
       251:      7530.000000           1          -20.5922   
       252:      7560.000000           1          -20.5864   
       253:      7590.000000           1          -20.5639   
       254:      7620.000000           1          -20.5693   
       255:      7650.000000           1          -20.5969   
       256:      7680.000000           1          -20.6085   
       257:      7710.000000           1          -20.6245   
       258:      7740.000000           1          -20.6400   
       259:      7770.000000           1          -20.6506   
       260:      7800.000000           1          -20.6618   
       261:      7830.000000           1          -20.6664   
       262:      7860.000000           1          -20.6581   
       263:      7890.000000           1          -20.6522   
       264:      7920.000000           1          -20.6455   
       265:      7950.000000           1          -20.6561   
       266:      7980.000000           1          -20.6405   
       267:      8010.000000           1          -20.6321   
       268:      8040.000000           1          -20.6260   
       269:      8070.000000           1          -20.6214   
       270:      8100.000000           1          -20.6416   
       271:      8130.000000           1          -20.6407   
       272:      8160.000000           1          -20.6119   
       273:      8190.000000           1          -20.5787   
       274:      8220.000000           1          -20.5599   
       275:      8250.000000           1          -20.5441   
       276:      8280.000000           1          -20.5125   
       277:      8310.000000           1          -20.4933   
       278:      8340.000000           1          -20.4787   
       279:      8370.000000           1          -20.4872   
       280:      8400.000000           1          -20.4903   
       281:      8430.000000           1          -20.4875   
       282:      8460.000000           1          -20.4750   
       283:      8490.000000           1          -20.4781   
       284:      8520.000000           1          -20.4840   
       285:      8550.000000           1          -20.4968   
       286:      8580.000000           1          -20.5081   
       287:      8610.000000           1          -20.5089   
       288:      8640.000000           1          -20.4987   
       289:      8670.000000           1          -20.4827   
       290:      8700.000000           1          -20.4754   
       291:      8730.000000           1          -20.4682   
       292:      8760.000000           1          -20.4463   
       293:      8790.000000           1          -20.4344   
       294:      8820.000000           1          -20.4324   
       295:      8850.000000           1          -20.4252   
       296:      8880.000000           1          -20.4389   
       297:      8910.000000           1          -20.4389   
       298:      8940.000000           1          -20.4334   
       299:      8970.000000           1          -20.4331   
       300:      9000.000000           1          -20.4415   
       301:      9030.000000           1          -20.4451   
       302:      9060.000000           1          -20.4580   
       303:      9090.000000           1          -20.4672   
       304:      9120.000000           1          -20.4562   
       305:      9150.000000           1          -20.4516   
       306:      9180.000000           1          -20.4551   
       307:      9210.000000           1          -20.4624   
       308:      9240.000000           1          -20.4700   
       309:      9270.000000           1          -20.4871   
       310:      9300.000000           1          -20.5101   
       311:      9330.000000           1          -20.5221   
       312:      9360.000000           1          -20.5327   
       313:      9390.000000           1          -20.5480   
       314:      9420.000000           1          -20.5629   
       315:      9450.000000           1          -20.5483   
       316:      9480.000000           1          -20.5642   
       317:      9510.000000           1          -20.5662   
       318:      9540.000000           1          -20.5732   
       319:      9570.000000           1          -20.5701   
       320:      9600.000000           1          -20.5607   
       321:      9630.000000           1          -20.5583   
       322:      9660.000000           1          -20.5401   
       323:      9690.000000           1          -20.5308   
       324:      9720.000000           1          -20.5175   
       325:      9750.000000           1          -20.5004   
       326:      9780.000000           1          -20.5051   
       327:      9810.000000           1          -20.5133   
       328:      9840.000000           1          -20.5063   
       329:      9870.000000           1          -20.4905   
       330:      9900.000000           1          -20.4787   
       331:      9930.000000           1          -20.4814   
       332:      9960.000000           1          -20.4967   
       333:      9990.000000           1          -20.5045   
       334:     10020.000000           1          -20.5110   
       335:     10050.000000           1          -20.5064   
       336:     10080.000000           1          -20.5060   
       337:     10110.000000           1          -20.4974   
       338:     10140.000000           1          -20.4934   
       339:     10170.000000           1          -20.4941   
       340:     10200.000000           1          -20.5033   
       341:     10230.000000           1          -20.5146   
       342:     10260.000000           1          -20.5072   
       343:     10290.000000           1          -20.5097   
       344:     10320.000000           1          -20.5030   
       345:     10350.000000           1          -20.5044   
       346:     10380.000000           1          -20.4917   
       347:     10410.000000           1          -20.4752   
       348:     10440.000000           1          -20.4601   
       349:     10470.000000           1          -20.4582   
       350:     10500.000000           1          -20.4462   
       351:     10530.000000           1          -20.4422   
       352:     10560.000000           1          -20.4197   
       353:     10590.000000           1          -20.4286   
       354:     10620.000000           1          -20.4152   
       355:     10650.000000           1          -20.4107   
       356:     10680.000000           1          -20.4258   
       357:     10710.000000           1          -20.4503   
       358:     10740.000000           1          -20.4604   
       359:     10770.000000           1          -20.4690   
       360:     10800.000000           1          -20.4801   
       361:     10830.000000           1          -20.4713   
       362:     10860.000000           1          -20.4605   
       363:     10890.000000           1          -20.4684   
       364:     10920.000000           1          -20.4694   
       365:     10950.000000           1          -20.4739   
       366:     10980.000000           1          -20.4848   
       367:     11010.000000           1         -168.0247   
       368:     11040.000000           1          -20.3497   
       369:     11070.000000           1          -20.4208   
       370:     11100.000000           1         -168.0361   
       371:     11130.000000           1          -20.4096   
       372:     11160.000000           1          -20.3374   
       373:     11190.000000           1          -20.4028   
       374:     11220.000000           1          -20.4610   
       375:     11250.000000           1         -168.0183   
       376:     11280.000000           1          -20.3794   
       377:     11310.000000           1          -20.3372   
       378:     11340.000000           1         -167.9906   
       379:     11370.000000           1         -167.9851   
       380:     11400.000000           1          -20.3585   
       381:     11430.000000           1          -20.3505   
       382:     11460.000000           1          -20.3335   
       383:     11490.000000           1          -20.3419   
       384:     11520.000000           1          -20.3379   
       385:     11550.000000           1          -20.3183   
       386:     11580.000000           1          -20.3121   
       387:     11610.000000           1         -167.9742   
       388:     11640.000000           1          -20.2997   
       389:     11670.000000           1         -167.9844   
       390:     11700.000000           1          -20.1397   
       391:     11730.000000           1          -20.0981   
       392:     11760.000000           1          -20.1344   
       393:     11790.000000           1          -20.1194   
       394:     11820.000000           1          -20.1432   
       395:     11850.000000           1         -167.9691   
       396:     11880.000000           1         -167.9694   
       397:     11910.000000           1         -167.9802   
       398:     11940.000000           1         -167.9823   
       399:     11970.000000           1         -167.9891   
       400:     12000.000000           1         -167.9840   
       401:     12030.000000           1         -167.9814   
       402:     12060.000000           1         -167.9823   
       403:     12090.000000           1         -167.9803   
       404:     12120.000000           1         -167.9867   
       405:     12150.000000           1         -167.9834   
       406:     12180.000000           1          348.2748   
       407:     12210.000000           1          348.2730   
       408:     12240.000000           1          348.2842   
       409:     12270.000000           1          348.3008   
       410:     12300.000000           1          348.3309   
       411:     12330.000000           1          348.3408   
       412:     12360.000000           1          348.3451   
       413:     12390.000000           1          348.3435   
       414:     12420.000000           1          348.3530   
       415:     12450.000000           1          348.3679   
       416:     12480.000000           1          348.3980   
       417:     12510.000000           1          348.4126   
       418:     12540.000000           1          348.4227   
       419:     12570.000000           1          348.4218   
       420:     12600.000000           1          348.4217   
       421:     12630.000000           1          348.4325   
       422:     12660.000000           1          348.4375   
       423:     12690.000000           1          348.4493   
       424:     12720.000000           1          348.4582   
       425:     12750.000000           1          348.4534   
       426:     12780.000000           1          348.4663   
       427:     12810.000000           1          348.4713   
       428:     12840.000000           1          348.4790   
       429:     12870.000000           1          348.4854   
       430:     12900.000000           1          348.5003   
       431:     12930.000000           1          348.5142   
       432:     12960.000000           1          348.5158   
      2412:     72360.000000           1          170.4835   
      2414:     72420.000000           1          170.4823   
      2415:     72450.000000           1          170.4840   
      2416:     72480.000000           1          170.4838   
      2417:     72510.000000           1          170.4815   
      2418:     72540.000000           1          170.4800   
      2419:     72570.000000           1          170.4738   
      2420:     72600.000000           1          170.4711   
      2421:     72630.000000           1          170.4695   
      2422:     72660.000000           1           65.2306   
      2423:     72690.000000           1           65.2310   
      2424:     72720.000000           1           65.2292   
      2425:     72750.000000           1           65.2281   
      2426:     72780.000000           1           65.2265   
      2427:     72810.000000           1           65.2277   
      2428:     72840.000000           1           65.2252   
      2429:     72870.000000           1           65.2226   
      2430:     72900.000000           1           65.2220   
      2431:     72930.000000           1           65.2202   
      2432:     72960.000000           1           65.2190   
      2433:     72990.000000           1           65.2209   
      2434:     73020.000000           1           65.2184   
      2435:     73050.000000           1           65.2216   
      2436:     73080.000000           1           65.2216   
      2437:     73110.000000           1           65.2224   
      2438:     73140.000000           1           65.2236   
      2439:     73170.000000           1           65.2214   
      2440:     73200.000000           1           65.2190   
      2441:     73230.000000           1           65.2179   
      2442:     73260.000000           1           65.2154   
      2443:     73290.000000           1           65.2147   
      2444:     73320.000000           1           65.2104   
      2445:     73350.000000           1           65.2069   
      2446:     73380.000000           1           65.2021   
      2447:     73410.000000           1           65.1995   
      2448:     73440.000000           1           65.1976   
      2449:     73470.000000           1           65.1974   
      2450:     73500.000000           1           65.2002   
      2451:     73530.000000           1          -29.2877   
      2452:     73560.000000           1          -29.4836   
      2453:     73590.000000           1          -29.5029   
      2454:     73620.000000           1          -29.5576   
      2455:     73650.000000           1          -29.5134   
      2456:     73680.000000           1          -29.5174   
      2457:     73710.000000           1          -29.4871   
      2458:     73740.000000           1          -29.5024   
      2459:     73770.000000           1          -29.5269   
      2460:     73800.000000           1          -29.5578   
      2461:     73830.000000           1          -29.5560   
      2462:     73860.000000           1          -29.5630   
      2463:     73890.000000           1          -29.5634   
      2464:     73920.000000           1          -29.5483   
      2465:     73950.000000           1          -29.5534   
      2466:     73980.000000           1          -29.5571   
      2467:     74010.000000           1          -29.5801   
      2468:     74040.000000           1          -29.5847   
      2469:     74070.000000           1          -29.5877   
      2470:     74100.000000           1          -29.5918   
      2471:     74130.000000           1          -29.5927   
      2472:     74160.000000           1          -29.6077   
      2473:     74190.000000           1          -29.6096   
      2474:     74220.000000           1          -29.6197   
      2475:     74250.000000           1          -29.6282   
      2476:     74280.000000           1          -29.6359   
      2477:     74310.000000           1          -29.6547   
      2478:     74340.000000           1          -29.6700   
      2479:     74370.000000           1          -29.6837   
      2480:     74400.000000           1          -29.7019   
      2481:     74430.000000           1          -29.7181   
      2482:     74460.000000           1          -29.7303   
      2483:     74490.000000           1          -29.7331   
      2484:     74520.000000           1          -29.7339   
      2485:     74550.000000           1          -29.7312   
      2486:     74580.000000           1          -29.7273   
      2487:     74610.000000           1          -29.7215   
      2488:     74640.000000           1          -29.7262   
      2489:     74670.000000           1          -29.7193   
      2490:     74700.000000           1          -29.7201   
      2491:     74730.000000           1          -29.7190   
      2492:     74760.000000           1          -29.7225   
      2493:     74790.000000           1          -29.7325   
      2494:     74820.000000           1          -29.7356   
      2495:     74850.000000           1          -29.7424   
      2496:     74880.000000           1          -29.7487   
      2497:     74910.000000           1          -29.7582   
      2498:     74940.000000           1          -29.7637   
      2499:     74970.000000           1          -29.7621   
      2500:     75000.000000           1          -29.7678   
      2501:     75030.000000           1          -29.7801   
      2502:     75060.000000           1          -29.7802   
      2503:     75090.000000           1          -29.7869   
      2504:     75120.000000           1          -29.7887   
      2505:     75150.000000           1          -29.7855   
      2506:     75180.000000           1          -29.7888   
      2507:     75210.000000           1          -29.7937   
      2508:     75240.000000           1          -29.7852   
      2509:     75270.000000           1          -29.7886   
      2510:     75300.000000           1          -29.7936   
      2511:     75330.000000           1          -29.7951   
      2512:     75360.000000           1          -29.7925   
      2513:     75390.000000           1           65.0769   
      2514:     75420.000000           1          -29.7978   
      2515:     75450.000000           1          -29.7981   
      2516:     75480.000000           1          -29.8018   
      2517:     75510.000000           1          -29.7996   
      2518:     75540.000000           1          -29.7935   
      2519:     75570.000000           1          -29.8000   
      2520:     75600.000000           1          -29.8011   
      2521:     75630.000000           1          -29.7988   
      2522:     75660.000000           1          -29.7950   
      2523:     75690.000000           1          -29.7899   
      2524:     75720.000000           1          -29.7887   
      2525:     75750.000000           1          -29.7868   
      2526:     75780.000000           1          -29.7811   
      2527:     75810.000000           1          -29.7788   
      2528:     75840.000000           1          -29.7807   
      2529:     75870.000000           1          -29.7905   
      2530:     75900.000000           1          -29.7967   
      2531:     75930.000000           1          -29.8057   
      2532:     75960.000000           1          -29.8062   
      2533:     75990.000000           1          -29.8021   
      2534:     76020.000000           1          -29.8044   
      2535:     76050.000000           1          -29.8034   
      2536:     76080.000000           1          -29.8032   
      2537:     76110.000000           1          -29.8003   
      2538:     76140.000000           1          -29.7983   
      2539:     76170.000000           1          -29.7894   
      2540:     76200.000000           1          -29.7896   
      2541:     76230.000000           1          -29.7956   
      2542:     76260.000000           1          -29.7963   
      2543:     76290.000000           1          -29.7959   
      2544:     76320.000000           1          -29.7950   
      2545:     76350.000000           1          -29.7960   
      2546:     76380.000000           1          -29.7957   
      2547:     76410.000000           1          -29.7951   
      2548:     76440.000000           1          -29.7892   
      2549:     76470.000000           1          -29.7889   
      2550:     76500.000000           1          -29.7857   
      2551:     76530.000000           1          -29.7805   
      2552:     76560.000000           1          -29.7762   
      2553:     76590.000000           1          -29.7746   
      2554:     76620.000000           1          -29.7778   
      2555:     76650.000000           1          -29.7792   
      2556:     76680.000000           1          -29.7816   
      2557:     76710.000000           1          -29.7836   
      2558:     76740.000000           1          -29.7905   
      2559:     76770.000000           1          -29.7967   
      2560:     76800.000000           1          -29.8035   
      2561:     76830.000000           1          -29.8079   
      2562:     76860.000000           1          -29.8130   
      2563:     76890.000000           1          -29.8170   
      2564:     76920.000000           1          -29.8231   
      2565:     76950.000000           1          -29.8271   
      2566:     76980.000000           1          -29.8309   
      2567:     77010.000000           1          -29.8313   
      2568:     77040.000000           1          -29.8337   
      2569:     77070.000000           1          -29.8357   
      2570:     77100.000000           1          -29.8378   
      2571:     77130.000000           1          -29.8415   
      2572:     77160.000000           1          -29.8436   
      2573:     77190.000000           1          -29.8465   
      2574:     77220.000000           1          -29.8464   
      2575:     77250.000000           1          -29.8451   
      2576:     77280.000000           1          -29.8449   
      2577:     77310.000000           1          -29.8477   
      2578:     77340.000000           1          -29.8521   
      2579:     77370.000000           1          -29.8570   
      2580:     77400.000000           1          -29.8615   
      2581:     77430.000000           1          -29.8637   
      2582:     77460.000000           1          -29.8689   
      2583:     77490.000000           1          -29.8722   
      2584:     77520.000000           1          -29.8753   
      2585:     77550.000000           1          -29.8774   
      2586:     77580.000000           1          -29.8800   
      2587:     77610.000000           1          -29.8836   
      2588:     77640.000000           1          -29.8867   
      2589:     77670.000000           1          -29.8925   
      2590:     77700.000000           1          -29.8948   
      2591:     77730.000000           1          -29.8981   
      2592:     77760.000000           1          -29.9044   
      2593:     77790.000000           1          -29.9112   
      2594:     77820.000000           1          -29.9150   
      2595:     77850.000000           1          -29.9177   
      2596:     77880.000000           1          -29.9197   
      2597:     77910.000000           1          -29.9256   
      2598:     77940.000000           1          -29.9301   
      2599:     77970.000000           1          -29.9343   
      2600:     78000.000000           1          -29.9385   
      2601:     78030.000000           1          -29.9434   
      2602:     78060.000000           1          -29.9483   
      2603:     78090.000000           1          -29.9541   
      2604:     78120.000000           1          -29.9572   
      2605:     78150.000000           1          -29.9636   
      2606:     78180.000000           1          -29.9700   
      2607:     78210.000000           1          -29.9761   
      2608:     78240.000000           1          -29.9793   
      2609:     78270.000000           1          -29.9816   
      2610:     78300.000000           1          -29.9854   
      2611:     78330.000000           1          -29.9889   
      2612:     78360.000000           1          -29.9910   
      2613:     78390.000000           1          -29.9909   
      2614:     78420.000000           1          -29.9901   
      2615:     78450.000000           1          -29.9908   
      2616:     78480.000000           1          -29.9944   
      2617:     78510.000000           1          -29.9973   
      2618:     78540.000000           1          -29.9992   
      2619:     78570.000000           1          -30.0014   
      2620:     78600.000000           1          -30.0077   
      2621:     78630.000000           1          -30.0143   
      2622:     78660.000000           1          -30.0208   
      2623:     78690.000000           1          -30.0280   
      2624:     78720.000000           1          -30.0354   
      2625:     78750.000000           1          -30.0426   
      2626:     78780.000000           1          -30.0489   
      2627:     78810.000000           1          -30.0547   
      2628:     78840.000000           1          -30.0603   
      2629:     78870.000000           1          -30.0669   
      2630:     78900.000000           1          -30.0732   
      2631:     78930.000000           1          -30.0775   
      2632:     78960.000000           1          -30.0807   
      2633:     78990.000000           1          -30.0826   
      2634:     79020.000000           1          -30.0844   
      2635:     79050.000000           1          -30.0876   
      2636:     79080.000000           1          -30.0903   
      2637:     79110.000000           1          -30.0941   
      2638:     79140.000000           1          -30.0962   
      2639:     79170.000000           1          -30.0994   
      2640:     79200.000000           1          -30.1041   
      2641:     79230.000000           1          -30.1053   
      2642:     79260.000000           1          -30.1101   
      2643:     79290.000000           1          -30.1155   
      2644:     79320.000000           1          -30.1194   
      2645:     79350.000000           1          -30.1241   
      2646:     79380.000000           1          -30.1286   
      2647:     79410.000000           1          -30.1323   
      2648:     79440.000000           1          -30.1361   
      2649:     79470.000000           1          -30.1418   
      2650:     79500.000000           1          -30.1462   
      2651:     79530.000000           1          -30.1513   
      2652:     79560.000000           1          -30.1567   
      2653:     79590.000000           1          -30.1625   
      2654:     79620.000000           1          -30.1690   
      2655:     79650.000000           1          -30.1770   
      2656:     79680.000000           1          -30.1825   
      2657:     79710.000000           1          -30.1908   
      2658:     79740.000000           1          -30.1935   
      2659:     79770.000000           1          -30.1985   
      2660:     79800.000000           1          -30.2018   
      2661:     79830.000000           1          -30.2081   
      2662:     79860.000000           1          -30.2129   
      2663:     79890.000000           1          -30.2218   
      2664:     79920.000000           1          -30.2270   
      2665:     79950.000000           1          -30.2313   
      2666:     79980.000000           1          -30.2353   
      2667:     80010.000000           1          -30.2413   
      2668:     80040.000000           1          -30.2446   
      2669:     80070.000000           1          -30.2499   
      2670:     80100.000000           1          -30.2509   
      2671:     80130.000000           1          -30.2527   
      2672:     80160.000000           1          -30.2532   
      2673:     80190.000000           1          -30.2557   
      2674:     80220.000000           1          -30.2569   
      2675:     80250.000000           1          -30.2613   
      2676:     80280.000000           1          -30.2638   
      2677:     80310.000000           1          -30.2683   
      2678:     80340.000000           1          -30.2702   
      2679:     80370.000000           1          -30.2734   
      2680:     80400.000000           1          -30.2773   
      2681:     80430.000000           1          -30.2803   
      2682:     80460.000000           1          -30.2857   
      2683:     80490.000000           1          -30.2875   
      2684:     80520.000000           1          -30.2914   
      2685:     80550.000000           1          -30.2951   
      2686:     80580.000000           1          -30.2991   
      2687:     80610.000000           1          -30.3050   
      2688:     80640.000000           1          -30.3083   
      2689:     80670.000000           1          -30.3105   
      2690:     80700.000000           1          -30.3139   
      2691:     80730.000000           1          -30.3159   
      2692:     80760.000000           1          -30.3212   
      2693:     80790.000000           1          -30.3262   
      2694:     80820.000000           1          -30.3285   
      2695:     80850.000000           1          -30.3336   
      2696:     80880.000000           1          -30.3358   
      2697:     80910.000000           1          -30.3368   
      2698:     80940.000000           1          -30.3394   
      2699:     80970.000000           1          -30.3438   
      2700:     81000.000000           1          -30.3441   
      2701:     81030.000000           1          -30.3460   
      2702:     81060.000000           1          -30.3489   
      2703:     81090.000000           1          -30.3510   
      2704:     81120.000000           1          -30.3546   
      2705:     81150.000000           1          -30.3561   
      2706:     81180.000000           1          -30.3569   
      2707:     81210.000000           1          -30.3581   
      2708:     81240.000000           1          -30.3629   
      2709:     81270.000000           1          -30.3657   
      2710:     81300.000000           1          -30.3666   
      2711:     81330.000000           1          -30.3722   
      2712:     81360.000000           1          -30.3757   
      2713:     81390.000000           1          -30.3798   
      2714:     81420.000000           1          -30.3836   
      2715:     81450.000000           1          -30.3885   
      2716:     81480.000000           1          -30.3921   
      2717:     81510.000000           1          -30.3956   
      2718:     81540.000000           1          -30.3970   
      2719:     81570.000000           1          -30.3975   
      2720:     81600.000000           1          -30.4037   
      2721:     81630.000000           1          -30.4083   
      2722:     81660.000000           1          -30.4122   
      2723:     81690.000000           1          -30.4165   
      2724:     81720.000000           1          -30.4229   
      2725:     81750.000000           1          -30.4289   
      2726:     81780.000000           1          -30.4308   
      2727:     81810.000000           1          -30.4339   
      2728:     81840.000000           1          -30.4369   
      2729:     81870.000000           1          -30.4394   
      2730:     81900.000000           1          -30.4399   
      2731:     81930.000000           1          -30.4433   
      2732:     81960.000000           1          -30.4454   
      2733:     81990.000000           1          -30.4481   
      2734:     82020.000000           1          -30.4510   
      2735:     82050.000000           1          -30.4555   
      2736:     82080.000000           1          -30.4585   
      2737:     82110.000000           1          -30.4606   
      2738:     82140.000000           1          -30.4629   
      2739:     82170.000000           1          -30.4677   
      2740:     82200.000000           1          -30.4715   
      2741:     82230.000000           1          -30.4755   
      2742:     82260.000000           1          169.6562   
      2743:     82290.000000           1          169.6568   
      2744:     82320.000000           1          169.6565   
      2745:     82350.000000           1          169.6559   
      2746:     82380.000000           1          169.6542   
      2747:     82410.000000           1          169.6525   
      2748:     82440.000000           1          169.6520   
      2749:     82470.000000           1          169.6465   
      2750:     82500.000000           1          169.6437   
      2751:     82530.000000           1          169.6389   
      2752:     82560.000000           1          169.6350   
      2753:     82590.000000           1          169.6329   
      2754:     82620.000000           1          169.6309   
      2755:     82650.000000           1          169.6278   
      2756:     82680.000000           1          169.6256   
      2757:     82710.000000           1          169.6242   
      2758:     82740.000000           1          169.6210   
      2759:     82770.000000           1          169.6185   
      2760:     82800.000000           1          169.6139   
      2761:     82830.000000           1          169.6113   
      2762:     82860.000000           1          169.6079   
      2763:     82890.000000           1          169.6029   
      2764:     82920.000000           1          169.6010   
      2765:     82950.000000           1          169.5941   
      2766:     82980.000000           1          169.5907   
      2767:     83010.000000           1          109.6675   
      2768:     83040.000000           1          109.6655   
      2769:     83070.000000           1          109.6610   
      2770:     83100.000000           1          109.6570   
      2771:     83130.000000           1          109.6560   
      2772:     83160.000000           1          109.6516   
      2773:     83190.000000           1          109.6471   
      2774:     83220.000000           1          169.5614   
      2775:     83250.000000           1          169.5567   
      2776:     83280.000000           1          169.5541   
      2777:     83310.000000           1          169.5511   
      2778:     83340.000000           1          169.5467   
      2779:     83370.000000           1          169.5460   
      2780:     83400.000000           1          169.5407   
      2781:     83430.000000           1          169.5373   
      2782:     83460.000000           1          169.5339   
      2783:     83490.000000           1          169.5304   
      2784:     83520.000000           1          169.5259   
      2785:     83550.000000           1          169.5240   
      2786:     83580.000000           1          169.5191   
      2787:     83610.000000           1          169.5170   
      2788:     83640.000000           1          169.5109   
      2789:     83670.000000           1          169.5089   
      2790:     83700.000000           1          169.5053   
      2791:     83730.000000           1          169.5039   
      2792:     83760.000000           1          169.4991   
      2793:     83790.000000           1          169.4972   
      2794:     83820.000000           1          169.4961   
      2795:     83850.000000           1          169.4932   
      2796:     83880.000000           1          169.4898   
      2797:     83910.000000           1          169.4859   
      2798:     83940.000000           1          169.4855   
      2799:     83970.000000           1          -30.6797   
      2800:     84000.000000           1          -30.6836   
      2801:     84030.000000           1          -30.6840   
      2802:     84060.000000           1          -30.6869   
      2803:     84090.000000           1          -30.6877   
      2804:     84120.000000           1          -30.6934   
      2805:     84150.000000           1          -30.6966   
      2806:     84180.000000           1          -30.6979   
      2807:     84210.000000           1          -30.7000   
      2808:     84240.000000           1          -30.7020   
      2809:     84270.000000           1          -30.7047   
      2810:     84300.000000           1          -30.7073   
      2811:     84330.000000           1          -30.7074   
      2812:     84360.000000           1          -30.7096   
      2813:     84390.000000           1          -30.7118   
      2814:     84420.000000           1          -30.7136   
      2815:     84450.000000           1          -30.7178   
      2816:     84480.000000           1          -30.7186   
      2817:     84510.000000           1          -30.7212   
      2818:     84540.000000           1          -30.7259   
      2819:     84570.000000           1          169.4381   
      2820:     84600.000000           1          169.4345   
      2821:     84630.000000           1          -30.7355   
      2822:     84660.000000           1          169.4271   
      2823:     84690.000000           1          169.4259   
      2824:     84720.000000           1          169.4240   
      2825:     84750.000000           1          -30.7441   
      2826:     84780.000000           1          169.4224   
      2827:     84810.000000           1          169.4213   
      2828:     84840.000000           1          169.4214   
      2829:     84870.000000           1          -30.7451   
      2830:     84900.000000           1          169.4181   
      2831:     84930.000000           1          169.4169   
      2832:     84960.000000           1          169.4143   
      2833:     84990.000000           1          169.4112   
      2834:     85020.000000           1          169.4050   
      2835:     85050.000000           1          169.3992   
      2836:     85080.000000           1          169.3963   
      2837:     85110.000000           1          169.3954   
      2838:     85140.000000           1          169.3924   
      2839:     85170.000000           1          169.3903   
      2840:     85200.000000           1          169.3894   
      2841:     85230.000000           1          169.3871   
      2842:     85260.000000           1          169.3850   
      2843:     85290.000000           1          169.3849   
      2844:     85320.000000           1          169.3860   
      2845:     85350.000000           1          169.3849   
      2846:     85380.000000           1          169.3815   
      2847:     85410.000000           1          169.3795   
      2848:     85440.000000           1          169.3767   
      2849:     85470.000000           1          169.3748   
      2850:     85500.000000           1          169.3733   
      2851:     85530.000000           1          169.3717   
      2852:     85560.000000           1          169.3710   
      2853:     85590.000000           1          169.3710   
      2854:     85620.000000           1          169.3691   
      2855:     85650.000000           1          169.3671   
      2856:     85680.000000           1          169.3636   
      2857:     85710.000000           1          169.3620   
      2858:     85740.000000           1          169.3607   
      2859:     85770.000000           1          169.3586   
      2860:     85800.000000           1          169.3562   
      2861:     85830.000000           1          169.3550   
      2862:     85860.000000           1          169.3531   
      2863:     85890.000000           1          169.3523   
      2864:     85920.000000           1          169.3514   
      2865:     85950.000000           1          169.3485   
      2866:     85980.000000           1          169.3462   
      2867:     86010.000000           1          169.3436   
      2868:     86040.000000           1          109.4476   
      2869:     86070.000000           1          169.3353   
      2870:     86100.000000           1          169.3305   
      2871:     86130.000000           1          169.3270   
      2872:     86160.000000           1          169.3240   
      2873:     86190.000000           1          169.3216   
      2874:     86220.000000           1          169.3190   
      2875:     86250.000000           1          -30.8617   
      2876:     86280.000000           1          -30.8645   
      2877:     86310.000000           1          -30.8673   
      2878:     86340.000000           1          -30.8670   
      2879:     86370.000000           1          -30.8675   
