         0:         0.000000           1         -175.8829   
         1:        30.000000           1         -169.8900   
         2:        60.000000           1         -175.7470   
         3:        90.000000           1         -173.3048   
         4:       120.000000           1         -169.8554   
         5:       150.000000           1         -170.2868   
         6:       180.000000           1         -170.9539   
         7:       210.000000           1         -170.3121   
         8:       240.000000           1         -171.3900   
         9:       270.000000           1         -171.1831   
        10:       300.000000           1         -170.9749   
        11:       330.000000           1         -171.5595   
        12:       360.000000           1         -171.3823   
        13:       390.000000           1         -171.8251   
        14:       420.000000           1         -171.5270   
        15:       450.000000           1         -171.1214   
        16:       480.000000           1         -170.7610   
        17:       510.000000           1         -170.6176   
        18:       540.000000           1         -170.6116   
        19:       570.000000           1         -170.2526   
        20:       600.000000           1         -169.6227   
        21:       630.000000           1         -168.9033   
        22:       660.000000           1         -168.6939   
        23:       690.000000           1         -168.4732   
        24:       720.000000           1         -169.0059   
        25:       750.000000           1         -169.1528   
        26:       780.000000           1         -169.2258   
        27:       810.000000           1         -169.5242   
        28:       840.000000           1         -169.5714   
        29:       870.000000           1         -169.5441   
        30:       900.000000           1         -169.4468   
        31:       930.000000           1         -169.3962   
        32:       960.000000           1         -169.2592   
        33:       990.000000           1         -169.3453   
        34:      1020.000000           1         -169.1300   
        35:      1050.000000           1         -169.0209   
        36:      1080.000000           1         -169.0768   
        37:      1110.000000           1          347.4302   
        38:      1140.000000           1         -169.2560   
        39:      1170.000000           1         -169.0060   
        40:      1200.000000           1         -168.5965   
        41:      1230.000000           1         -168.3976   
        42:      1260.000000           1         -168.2165   
        43:      1290.000000           1         -168.2361   
        44:      1320.000000           1         -168.0875   
        45:      1350.000000           1          -87.2194   
        46:      1380.000000           1         -168.2252   
        47:      1410.000000           1         -168.2996   
        48:      1440.000000           1          -87.3047   
        49:      1470.000000           1         -168.3189   
        50:      1500.000000           1         -168.4174   
        51:      1530.000000           1         -168.3951   
        52:      1560.000000           1         -168.2614   
        53:      1590.000000           1         -168.0559   
        54:      1620.000000           1         -167.9385   
        55:      1650.000000           1         -167.8240   
        56:      1680.000000           1         -167.8834   
        57:      1710.000000           1         -167.8294   
        58:      1740.000000           1         -167.8520   
        59:      1770.000000           1         -167.8243   
        60:      1800.000000           1         -167.8223   
        61:      1830.000000           1         -167.8460   
        62:      1860.000000           1         -167.8335   
        63:      1890.000000           1         -167.9033   
        64:      1920.000000           1         -167.9126   
        65:      1950.000000           1         -167.9004   
        66:      1980.000000           1         -167.9486   
        67:      2010.000000           1         -168.0162   
        68:      2040.000000           1         -168.0509   
        69:      2070.000000           1         -168.1730   
        70:      2100.000000           1         -168.2124   
        71:      2130.000000           1         -168.2701   
        72:      2160.000000           1         -168.4157   
        73:      2190.000000           1         -168.4858   
        74:      2220.000000           1         -168.6192   
        75:      2250.000000           1         -168.5934   
        76:      2280.000000           1         -168.5697   
        77:      2310.000000           1         -168.5010   
        78:      2340.000000           1         -168.5638   
        79:      2370.000000           1         -168.5672   
        80:      2400.000000           1         -168.5720   
        81:      2430.000000           1         -168.5306   
        82:      2460.000000           1         -168.5046   
        83:      2490.000000           1         -168.5237   
        84:      2520.000000           1         -168.4783   
        85:      2550.000000           1         -168.3109   
        86:      2580.000000           1         -168.2300   
        87:      2610.000000           1         -168.1303   
        88:      2640.000000           1         -168.1787   
        89:      2670.000000           1         -168.0936   
        90:      2700.000000           1         -168.1189   
        91:      2730.000000           1         -168.0911   
        92:      2760.000000           1         -168.0765   
        93:      2790.000000           1         -168.0628   
        94:      2820.000000           1         -168.1371   
        95:      2850.000000           1         -168.0680   
        96:      2880.000000           1         -168.0855   
        97:      2910.000000           1         -168.0859   
        98:      2940.000000           1         -168.0842   
        99:      2970.000000           1         -168.0904   
       100:      3000.000000           1         -168.2023   
       101:      3030.000000           1         -168.2420   
       102:      3060.000000           1         -168.2313   
       103:      3090.000000           1         -168.2536   
       104:      3120.000000           1         -168.2350   
       105:      3150.000000           1         -168.1874   
       106:      3180.000000           1         -168.2019   
       107:      3210.000000           1         -168.1840   
       108:      3240.000000           1         -168.1774   
       109:      3270.000000           1         -168.1892   
       110:      3300.000000           1         -168.1816   
       111:      3330.000000           1         -168.2125   
       112:      3360.000000           1         -168.2609   
       113:      3390.000000           1         -168.3030   
       114:      3420.000000           1         -168.3000   
       115:      3450.000000           1         -168.2701   
       116:      3480.000000           1         -168.2743   
       117:      3510.000000           1         -168.3422   
       118:      3540.000000           1         -168.3581   
       119:      3570.000000           1         -168.3249   
       120:      3600.000000           1         -168.2968   
       121:      3630.000000           1         -168.2273   
       122:      3660.000000           1         -168.1431   
       123:      3690.000000           1         -168.1904   
       124:      3720.000000           1         -168.1780   
       125:      3750.000000           1         -168.1959   
       126:      3780.000000           1         -168.1998   
       127:      3810.000000           1         -168.1742   
       128:      3840.000000           1         -168.1269   
       129:      3870.000000           1         -168.0889   
       130:      3900.000000           1         -168.0135   
       131:      3930.000000           1         -167.9760   
       132:      3960.000000           1         -168.0001   
       133:      3990.000000           1         -168.0363   
       134:      4020.000000           1         -168.0229   
       135:      4050.000000           1         -168.0142   
       136:      4080.000000           1         -168.0558   
       137:      4110.000000           1         -168.0485   
       138:      4140.000000           1         -168.0235   
       139:      4170.000000           1         -167.9891   
       140:      4200.000000           1         -167.9901   
       141:      4230.000000           1         -168.0048   
       142:      4260.000000           1         -167.9879   
       143:      4290.000000           1         -167.9868   
       144:      4320.000000           1         -167.9964   
       145:      4350.000000           1         -167.9549   
       146:      4380.000000           1         -167.9407   
       147:      4410.000000           1         -167.9711   
       148:      4440.000000           1         -168.0039   
       149:      4470.000000           1         -168.0127   
       150:      4500.000000           1         -168.0042   
       151:      4530.000000           1         -167.9542   
       152:      4560.000000           1         -167.9303   
       153:      4590.000000           1         -167.9433   
       154:      4620.000000           1         -167.9734   
       155:      4650.000000           1         -167.9700   
       156:      4680.000000           1         -167.9425   
       157:      4710.000000           1         -167.9428   
       158:      4740.000000           1         -167.9590   
       159:      4770.000000           1         -167.9567   
       160:      4800.000000           1         -167.9705   
       161:      4830.000000           1         -167.9526   
       162:      4860.000000           1         -167.9590   
       163:      4890.000000           1         -167.9416   
       164:      4920.000000           1         -167.9355   
       165:      4950.000000           1         -167.9551   
       166:      4980.000000           1         -168.0035   
       167:      5010.000000           1         -168.0043   
       168:      5040.000000           1         -168.0004   
       169:      5070.000000           1         -167.9781   
       170:      5100.000000           1         -167.9335   
       171:      5130.000000           1         -167.8976   
       172:      5160.000000           1         -167.8490   
       173:      5190.000000           1         -167.8238   
       174:      5220.000000           1         -167.7902   
       175:      5250.000000           1         -167.7647   
       176:      5280.000000           1         -167.7572   
       177:      5310.000000           1         -167.7484   
       178:      5340.000000           1         -167.7521   
       179:      5370.000000           1         -167.7669   
       180:      5400.000000           1         -167.7353   
       181:      5430.000000           1         -167.7055   
       182:      5460.000000           1         -167.6997   
       183:      5490.000000           1         -167.6977   
       184:      5520.000000           1         -167.7136   
       185:      5550.000000           1         -167.7351   
       186:      5580.000000           1         -167.7402   
       187:      5610.000000           1         -167.7665   
       188:      5640.000000           1         -167.8005   
       189:      5670.000000           1         -167.8277   
       190:      5700.000000           1         -167.8398   
       191:      5730.000000           1         -167.8650   
       192:      5760.000000           1         -167.8834   
       193:      5790.000000           1         -167.8894   
       194:      5820.000000           1         -167.9132   
       195:      5850.000000           1         -167.9272   
       196:      5880.000000           1         -167.9327   
       197:      5910.000000           1         -167.9432   
       198:      5940.000000           1         -167.9762   
       199:      5970.000000           1         -167.9274   
       200:      6000.000000           1         -167.9349   
       201:      6030.000000           1         -167.9244   
       202:      6060.000000           1         -167.8998   
       203:      6090.000000           1         -167.8571   
       204:      6120.000000           1         -167.8568   
       205:      6150.000000           1         -167.8385   
       206:      6180.000000           1         -167.8621   
       207:      6210.000000           1         -167.8888   
       208:      6240.000000           1         -167.9296   
       209:      6270.000000           1         -167.9487   
       210:      6300.000000           1         -167.9594   
       211:      6330.000000           1         -167.9381   
       212:      6360.000000           1         -167.9080   
       213:      6390.000000           1         -167.9051   
       214:      6420.000000           1         -167.8847   
       215:      6450.000000           1         -167.8702   
       216:      6480.000000           1         -167.8590   
       217:      6510.000000           1         -167.8436   
       218:      6540.000000           1         -167.8466   
       219:      6570.000000           1         -167.8803   
       220:      6600.000000           1         -167.8904   
       221:      6630.000000           1         -167.8627   
       222:      6660.000000           1         -167.8630   
       223:      6690.000000           1         -167.8533   
       224:      6720.000000           1         -167.8495   
       225:      6750.000000           1         -167.8422   
       226:      6780.000000           1         -167.8612   
       227:      6810.000000           1         -167.8738   
       228:      6840.000000           1         -167.8774   
       229:      6870.000000           1         -167.8725   
       230:      6900.000000           1         -167.8651   
       231:      6930.000000           1         -167.8782   
       232:      6960.000000           1         -167.8724   
       233:      6990.000000           1         -167.8769   
       234:      7020.000000           1         -167.8731   
       235:      7050.000000           1         -167.8895   
       236:      7080.000000           1         -167.9000   
       237:      7110.000000           1         -167.9131   
       238:      7140.000000           1         -167.9337   
       239:      7170.000000           1         -167.9474   
       240:      7200.000000           1         -167.9403   
       241:      7230.000000           1         -167.9066   
       242:      7260.000000           1         -167.8906   
       243:      7290.000000           1         -167.8427   
       244:      7320.000000           1         -167.8414   
       245:      7350.000000           1         -167.8869   
       246:      7380.000000           1         -167.9140   
       247:      7410.000000           1         -167.9645   
       248:      7440.000000           1         -168.0138   
       249:      7470.000000           1         -168.0256   
       250:      7500.000000           1         -168.0220   
       251:      7530.000000           1         -168.0302   
       252:      7560.000000           1         -168.0273   
       253:      7590.000000           1         -168.0058   
       254:      7620.000000           1         -168.0115   
       255:      7650.000000           1         -168.0423   
       256:      7680.000000           1         -168.0556   
       257:      7710.000000           1         -168.0746   
       258:      7740.000000           1         -168.0936   
       259:      7770.000000           1         -168.1076   
       260:      7800.000000           1         -168.1227   
       261:      7830.000000           1         -168.1317   
       262:      7860.000000           1         -168.1280   
       263:      7890.000000           1         -168.1257   
       264:      7920.000000           1         -168.1234   
       265:      7950.000000           1         -168.1377   
       266:      7980.000000           1         -168.1266   
       267:      8010.000000           1         -168.1227   
       268:      8040.000000           1         -168.1199   
       269:      8070.000000           1         -168.1184   
       270:      8100.000000           1         -168.1411   
       271:      8130.000000           1         -168.1423   
       272:      8160.000000           1         -168.1159   
       273:      8190.000000           1         -168.0848   
       274:      8220.000000           1         -168.0697   
       275:      8250.000000           1         -168.0564   
       276:      8280.000000           1         -168.0261   
       277:      8310.000000           1         -168.0072   
       278:      8340.000000           1         -167.9929   
       279:      8370.000000           1         -168.0018   
       280:      8400.000000           1         -168.0049   
       281:      8430.000000           1         -168.0011   
       282:      8460.000000           1         -167.9876   
       283:      8490.000000           1         -167.9917   
       284:      8520.000000           1         -167.9983   
       285:      8550.000000           1         -168.0102   
       286:      8580.000000           1         -168.0201   
       287:      8610.000000           1         -168.0210   
       288:      8640.000000           1         -168.0113   
       289:      8670.000000           1         -167.9960   
       290:      8700.000000           1         -167.9897   
       291:      8730.000000           1         -167.9833   
       292:      8760.000000           1         -167.9625   
       293:      8790.000000           1         -167.9521   
       294:      8820.000000           1         -167.9519   
       295:      8850.000000           1         -167.9465   
       296:      8880.000000           1         -167.9610   
       297:      8910.000000           1         -167.9612   
       298:      8940.000000           1         -167.9559   
       299:      8970.000000           1         -167.9562   
       300:      9000.000000           1         -167.9655   
       301:      9030.000000           1         -167.9697   
       302:      9060.000000           1         -167.9836   
       303:      9090.000000           1         -167.9933   
       304:      9120.000000           1         -167.9820   
       305:      9150.000000           1         -167.9778   
       306:      9180.000000           1         -167.9821   
       307:      9210.000000           1         -167.9891   
       308:      9240.000000           1         -167.9963   
       309:      9270.000000           1         -168.0122   
       310:      9300.000000           1         -168.0350   
       311:      9330.000000           1         -168.0461   
       312:      9360.000000           1         -168.0559   
       313:      9390.000000           1         -168.0702   
       314:      9420.000000           1         -168.0845   
       315:      9450.000000           1         -168.0685   
       316:      9480.000000           1         -168.0832   
       317:      9510.000000           1         -168.0840   
       318:      9540.000000           1         -168.0900   
       319:      9570.000000           1         -168.0864   
       320:      9600.000000           1         -168.0762   
       321:      9630.000000           1         -168.0729   
       322:      9660.000000           1         -168.0550   
       323:      9690.000000           1         -168.0467   
       324:      9720.000000           1         -168.0342   
       325:      9750.000000           1         -168.0186   
       326:      9780.000000           1         -168.0253   
       327:      9810.000000           1         -168.0358   
       328:      9840.000000           1         -168.0302   
       329:      9870.000000           1         -168.0155   
       330:      9900.000000           1         -168.0047   
       331:      9930.000000           1         -168.0080   
       332:      9960.000000           1         -168.0234   
       333:      9990.000000           1         -168.0321   
       334:     10020.000000           1         -168.0396   
       335:     10050.000000           1         -168.0350   
       336:     10080.000000           1         -168.0354   
       337:     10110.000000           1         -168.0269   
       338:     10140.000000           1         -168.0231   
       339:     10170.000000           1         -168.0236   
       340:     10200.000000           1         -168.0327   
       341:     10230.000000           1         -168.0443   
       342:     10260.000000           1         -168.0365   
       343:     10290.000000           1         -168.0395   
       344:     10320.000000           1         -168.0324   
       345:     10350.000000           1         -168.0336   
       346:     10380.000000           1         -168.0206   
       347:     10410.000000           1         -168.0041   
       348:     10440.000000           1         -167.9879   
       349:     10470.000000           1         -167.9854   
       350:     10500.000000           1         -167.9724   
       351:     10530.000000           1         -167.9679   
       352:     10560.000000           1         -167.9449   
       353:     10590.000000           1         -167.9540   
       354:     10620.000000           1         -167.9417   
       355:     10650.000000           1         -167.9379   
       356:     10680.000000           1         -167.9540   
       357:     10710.000000           1         -167.9795   
       358:     10740.000000           1         -167.9908   
       359:     10770.000000           1         -168.0002   
       360:     10800.000000           1         -168.0110   
       361:     10830.000000           1         -168.0018   
       362:     10860.000000           1         -167.9910   
       363:     10890.000000           1         -167.9993   
       364:     10920.000000           1         -168.0002   
       365:     10950.000000           1         -168.0039   
       366:     10980.000000           1         -168.0145   
       367:     11010.000000           1          348.2364   
       368:     11040.000000           1         -168.0263   
       369:     11070.000000           1         -168.0290   
       370:     11100.000000           1          348.2262   
       371:     11130.000000           1         -168.0291   
       372:     11160.000000           1         -168.0328   
       373:     11190.000000           1         -168.0324   
       374:     11220.000000           1         -168.0330   
       375:     11250.000000           1          348.2413   
       376:     11280.000000           1         -167.9971   
       377:     11310.000000           1         -168.0020   
       378:     11340.000000           1          348.2692   
       379:     11370.000000           1          348.2741   
       380:     11400.000000           1         -167.9672   
       381:     11430.000000           1         -167.9557   
       382:     11460.000000           1         -167.9482   
       383:     11490.000000           1         -167.9639   
       384:     11520.000000           1         -167.9669   
       385:     11550.000000           1         -167.9514   
       386:     11580.000000           1         -167.9668   
       387:     11610.000000           1          348.2886   
       388:     11640.000000           1         -167.9832   
       389:     11670.000000           1          348.2794   
       390:     11700.000000           1         -167.9856   
       391:     11730.000000           1         -167.9796   
       392:     11760.000000           1         -167.9917   
       393:     11790.000000           1         -167.9944   
       394:     11820.000000           1         -167.9827   
       395:     11850.000000           1          348.2936   
       396:     11880.000000           1          348.2928   
       397:     11910.000000           1          348.2814   
       398:     11940.000000           1          348.2789   
       399:     11970.000000           1          348.2718   
       400:     12000.000000           1          348.2761   
       401:     12030.000000           1          348.2779   
       402:     12060.000000           1          348.2769   
       403:     12090.000000           1          348.2782   
       404:     12120.000000           1          348.2718   
       405:     12150.000000           1          348.2746   
       406:     12180.000000           1           52.9909   
       407:     12210.000000           1           52.9883   
       408:     12240.000000           1           52.9989   
       409:     12270.000000           1           53.0137   
       410:     12300.000000           1           53.0415   
       411:     12330.000000           1           53.0478   
       412:     12360.000000           1           53.0495   
       413:     12390.000000           1           53.0455   
       414:     12420.000000           1           53.0533   
       415:     12450.000000           1           53.0668   
       416:     12480.000000           1           53.0950   
       417:     12510.000000           1           53.1077   
       418:     12540.000000           1           53.1164   
       419:     12570.000000           1           53.1148   
       420:     12600.000000           1           53.1146   
       421:     12630.000000           1           53.1254   
       422:     12660.000000           1           53.1289   
       423:     12690.000000           1           53.1393   
       424:     12720.000000           1           53.1474   
       425:     12750.000000           1           53.1419   
       426:     12780.000000           1           53.1541   
       427:     12810.000000           1           53.1587   
       428:     12840.000000           1           53.1668   
       429:     12870.000000           1           53.1730   
       430:     12900.000000           1           53.1871   
       431:     12930.000000           1           53.1986   
       432:     12960.000000           1           53.1998   
       433:     12990.000000           1          348.5441   
       434:     13020.000000           1          348.5422   
       435:     13050.000000           1          348.5412   
       436:     13080.000000           1         -167.7235   
       437:     13110.000000           1          348.5584   
       438:     13140.000000           1          348.5530   
       439:     13170.000000           1          348.5592   
       440:     13200.000000           1          348.5859   
       441:     13230.000000           1         -167.6926   
       442:     13260.000000           1          348.5936   
       443:     13290.000000           1         -167.6885   
       444:     13320.000000           1          348.5848   
       445:     13350.000000           1          348.5873   
       446:     13380.000000           1          348.5924   
       447:     13410.000000           1          348.5784   
       448:     13440.000000           1          348.5768   
       449:     13470.000000           1          348.5788   
       450:     13500.000000           1          348.5814   
       451:     13530.000000           1          348.5935   
       452:     13560.000000           1          348.5875   
       453:     13590.000000           1          348.5739   
       454:     13620.000000           1          348.5757   
       455:     13650.000000           1          348.5715   
       456:     13680.000000           1          348.5626   
       457:     13710.000000           1          348.5478   
       458:     13740.000000           1          348.5259   
       459:     13770.000000           1          348.5199   
       460:     13800.000000           1          348.5288   
       461:     13830.000000           1          348.5305   
       462:     13860.000000           1          348.5372   
       463:     13890.000000           1          348.5455   
       464:     13920.000000           1          348.5512   
       465:     13950.000000           1          348.5494   
       466:     13980.000000           1          348.5376   
       467:     14010.000000           1          348.5477   
       468:     14040.000000           1          348.5631   
       469:     14070.000000           1          348.5551   
       470:     14100.000000           1          348.5710   
       471:     14130.000000           1          348.6102   
       472:     14160.000000           1          348.6038   
       473:     14190.000000           1          348.6018   
       474:     14220.000000           1          348.6009   
       475:     14250.000000           1          348.5963   
       476:     14280.000000           1          348.6077   
       477:     14310.000000           1          348.6061   
       478:     14340.000000           1          348.6030   
       479:     14370.000000           1          348.6075   
       480:     14400.000000           1         -167.6977   
       481:     14430.000000           1          348.5927   
       482:     14460.000000           1         -167.7020   
       483:     14490.000000           1          348.5720   
       484:     14520.000000           1         -167.7332   
       485:     14550.000000           1         -167.7353   
       486:     14580.000000           1         -167.7390   
       487:     14610.000000           1         -167.7367   
       488:     14640.000000           1         -167.7331   
       489:     14670.000000           1          348.5635   
       490:     14700.000000           1          348.5704   
       491:     14730.000000           1         -167.7226   
       492:     14760.000000           1         -167.7322   
       493:     14790.000000           1         -167.7405   
       494:     14820.000000           1         -167.7415   
       495:     14850.000000           1         -167.7541   
       496:     14880.000000           1         -167.7549   
       497:     14910.000000           1         -167.7444   
       498:     14940.000000           1         -167.7496   
       499:     14970.000000           1         -167.7484   
       500:     15000.000000           1         -167.7524   
       501:     15030.000000           1         -167.7582   
       502:     15060.000000           1         -167.7424   
       503:     15090.000000           1         -167.7468   
       504:     15120.000000           1          348.5511   
       505:     15150.000000           1         -167.7158   
       506:     15180.000000           1         -167.7141   
       507:     15210.000000           1         -167.7008   
       508:     15240.000000           1         -167.7055   
       509:     15270.000000           1         -167.7013   
       510:     15300.000000           1         -167.7184   
       511:     15330.000000           1         -167.7104   
       512:     15360.000000           1         -167.7245   
       513:     15390.000000           1         -167.7391   
       514:     15420.000000           1         -167.7292   
       515:     15450.000000           1         -167.7280   
       516:     15480.000000           1         -167.7233   
       517:     15510.000000           1         -167.7236   
       518:     15540.000000           1         -167.7114   
       519:     15570.000000           1         -167.7095   
       520:     15600.000000           1         -167.7067   
       521:     15630.000000           1         -167.7030   
       522:     15660.000000           1         -167.6918   
       523:     15690.000000           1         -167.6923   
       524:     15720.000000           1         -167.6744   
       525:     15750.000000           1         -167.6657   
       526:     15780.000000           1         -167.6439   
       527:     15810.000000           1         -167.6447   
       528:     15840.000000           1         -167.6198   
       529:     15870.000000           1         -167.6133   
       530:     15900.000000           1         -167.5990   
       531:     15930.000000           1         -167.5966   
       532:     15960.000000           1         -167.6030   
       533:     15990.000000           1         -167.6004   
       534:     16020.000000           1         -167.6046   
       535:     16050.000000           1         -167.6027   
       536:     16080.000000           1         -167.5938   
       537:     16110.000000           1         -167.6087   
       538:     16140.000000           1         -167.6051   
       539:     16170.000000           1         -167.6140   
       540:     16200.000000           1         -167.6015   
       541:     16230.000000           1         -167.6014   
       542:     16260.000000           1         -167.6057   
       543:     16290.000000           1         -167.6128   
       544:     16320.000000           1         -167.6256   
       545:     16350.000000           1         -167.6211   
       546:     16380.000000           1         -167.6140   
       547:     16410.000000           1         -167.6109   
       548:     16440.000000           1         -167.5883   
       549:     16470.000000           1         -167.5869   
       550:     16500.000000           1         -167.5658   
       551:     16530.000000           1         -167.5566   
       552:     16560.000000           1         -167.5555   
       553:     16590.000000           1         -167.5583   
       554:     16620.000000           1         -167.5428   
       555:     16650.000000           1         -167.5435   
       556:     16680.000000           1         -167.5306   
       557:     16710.000000           1         -167.5230   
       558:     16740.000000           1         -167.5163   
       559:     16770.000000           1         -167.5151   
       560:     16800.000000           1         -167.5145   
       561:     16830.000000           1         -167.5110   
       562:     16860.000000           1         -167.4970   
       563:     16890.000000           1         -167.5050   
       564:     16920.000000           1         -167.4970   
       565:     16950.000000           1         -167.5015   
       566:     16980.000000           1         -167.5022   
       567:     17010.000000           1         -167.4969   
       568:     17040.000000           1         -167.4952   
       569:     17070.000000           1         -167.4864   
       570:     17100.000000           1         -167.4857   
       571:     17130.000000           1         -167.4833   
       572:     17160.000000           1         -167.4771   
       573:     17190.000000           1         -167.4787   
       574:     17220.000000           1         -167.4730   
       575:     17250.000000           1         -167.4741   
       576:     17280.000000           1         -167.4758   
       577:     17310.000000           1         -167.4709   
       578:     17340.000000           1         -167.4679   
       579:     17370.000000           1         -167.4680   
       580:     17400.000000           1         -167.4683   
       581:     17430.000000           1         -167.4753   
       582:     17460.000000           1         -167.4799   
       583:     17490.000000           1         -167.4799   
       584:     17520.000000           1         -167.4718   
       585:     17550.000000           1         -167.4655   
       586:     17580.000000           1         -167.4568   
       587:     17610.000000           1         -167.4407   
       588:     17640.000000           1         -167.4433   
       589:     17670.000000           1         -167.4609   
       590:     17700.000000           1         -167.4666   
       591:     17730.000000           1         -167.4764   
       592:     17760.000000           1         -167.4752   
       593:     17790.000000           1         -167.4773   
       594:     17820.000000           1         -167.4835   
       595:     17850.000000           1         -167.4862   
       596:     17880.000000           1         -167.4756   
       597:     17910.000000           1         -167.4665   
       598:     17940.000000           1         -167.4656   
       599:     17970.000000           1         -167.4452   
       600:     18000.000000           1         -167.4286   
       601:     18030.000000           1         -167.4194   
       602:     18060.000000           1         -167.4080   
       603:     18090.000000           1         -167.4023   
       604:     18120.000000           1         -167.4029   
       605:     18150.000000           1         -167.3951   
       606:     18180.000000           1         -167.3949   
       607:     18210.000000           1         -167.3937   
       608:     18240.000000           1         -167.3978   
       609:     18270.000000           1         -167.4011   
       610:     18300.000000           1         -167.3965   
       611:     18330.000000           1         -167.4033   
       612:     18360.000000           1         -167.4062   
       613:     18390.000000           1         -167.4065   
       614:     18420.000000           1         -167.4091   
       615:     18450.000000           1         -167.4063   
       616:     18480.000000           1         -167.3934   
       617:     18510.000000           1         -167.3869   
       618:     18540.000000           1         -167.3953   
       619:     18570.000000           1         -167.3892   
       620:     18600.000000           1         -167.3804   
       621:     18630.000000           1         -167.3691   
       622:     18660.000000           1         -167.3734   
       623:     18690.000000           1         -167.3643   
       624:     18720.000000           1         -167.3576   
       625:     18750.000000           1         -167.3428   
       626:     18780.000000           1         -167.3299   
       627:     18810.000000           1         -167.3231   
       628:     18840.000000           1         -167.3132   
       629:     18870.000000           1         -167.3059   
       630:     18900.000000           1         -167.3062   
       631:     18930.000000           1         -167.3119   
       632:     18960.000000           1         -167.3067   
       633:     18990.000000           1         -167.2895   
       634:     19020.000000           1         -167.2757   
       635:     19050.000000           1         -167.2778   
       636:     19080.000000           1         -167.2715   
       637:     19110.000000           1         -167.2687   
       638:     19140.000000           1         -167.2576   
       639:     19170.000000           1         -167.2579   
       640:     19200.000000           1         -167.2574   
       641:     19230.000000           1         -167.2580   
       642:     19260.000000           1         -167.2637   
       643:     19290.000000           1         -167.2615   
       644:     19320.000000           1         -167.2588   
       645:     19350.000000           1         -167.2501   
       646:     19380.000000           1         -167.2551   
       647:     19410.000000           1         -167.2512   
       648:     19440.000000           1         -167.2472   
       649:     19470.000000           1         -167.2405   
       650:     19500.000000           1         -167.2394   
       651:     19530.000000           1         -167.2356   
       652:     19560.000000           1         -167.2394   
       653:     19590.000000           1         -167.2315   
       654:     19620.000000           1         -167.2152   
       655:     19650.000000           1         -167.2089   
       656:     19680.000000           1         -167.2060   
       657:     19710.000000           1         -167.1917   
       658:     19740.000000           1         -167.1732   
       659:     19770.000000           1         -167.1609   
       660:     19800.000000           1         -167.1622   
       661:     19830.000000           1         -167.1576   
       662:     19860.000000           1         -167.1466   
       663:     19890.000000           1         -167.1358   
       664:     19920.000000           1         -167.1294   
       665:     19950.000000           1         -167.1197   
       666:     19980.000000           1         -167.1149   
       667:     20010.000000           1         -167.1057   
       668:     20040.000000           1         -167.1028   
       669:     20070.000000           1         -167.0998   
       670:     20100.000000           1         -167.0976   
       671:     20130.000000           1         -167.0882   
       672:     20160.000000           1         -167.0815   
       673:     20190.000000           1         -167.0782   
       674:     20220.000000           1         -167.0738   
       675:     20250.000000           1         -167.0703   
       676:     20280.000000           1         -167.0619   
       677:     20310.000000           1         -167.0605   
       678:     20340.000000           1         -167.0520   
       679:     20370.000000           1         -167.0321   
       680:     20400.000000           1         -167.0334   
       681:     20430.000000           1         -167.0366   
       682:     20460.000000           1         -167.0309   
       683:     20490.000000           1         -167.0266   
       684:     20520.000000           1         -167.0178   
       685:     20550.000000           1         -167.0061   
       686:     20580.000000           1         -166.9992   
       687:     20610.000000           1         -166.9924   
       688:     20640.000000           1         -166.9971   
       689:     20670.000000           1         -166.9948   
       690:     20700.000000           1         -166.9893   
       691:     20730.000000           1         -166.9920   
       692:     20760.000000           1         -166.9801   
       693:     20790.000000           1         -166.9816   
       694:     20820.000000           1         -166.9837   
       695:     20850.000000           1         -166.9886   
       696:     20880.000000           1         -166.9903   
       697:     20910.000000           1         -166.9874   
       698:     20940.000000           1         -166.9767   
       699:     20970.000000           1         -166.9675   
       700:     21000.000000           1         -166.9592   
       701:     21030.000000           1         -166.9487   
       702:     21060.000000           1         -166.9343   
       703:     21090.000000           1         -166.9232   
       704:     21120.000000           1         -166.9091   
       705:     21150.000000           1         -166.8989   
       706:     21180.000000           1         -166.8951   
       707:     21210.000000           1         -166.8813   
       708:     21240.000000           1         -166.8800   
       709:     21270.000000           1         -166.8719   
       710:     21300.000000           1         -166.8705   
       711:     21330.000000           1         -166.8760   
       712:     21360.000000           1         -166.8669   
       713:     21390.000000           1         -166.8687   
       714:     21420.000000           1         -166.8514   
       715:     21450.000000           1         -166.8406   
       716:     21480.000000           1         -166.8342   
       717:     21510.000000           1         -166.8251   
       718:     21540.000000           1         -166.8257   
       719:     21570.000000           1         -166.8160   
       720:     21600.000000           1         -166.8094   
       721:     21630.000000           1         -166.7997   
       722:     21660.000000           1         -166.7899   
       723:     21690.000000           1         -166.7829   
       724:     21720.000000           1         -166.7746   
       725:     21750.000000           1         -166.7689   
       726:     21780.000000           1         -166.7629   
       727:     21810.000000           1         -166.7525   
       728:     21840.000000           1         -166.7444   
       729:     21870.000000           1         -166.7296   
       730:     21900.000000           1         -166.7145   
       731:     21930.000000           1         -166.7031   
       732:     21960.000000           1         -166.7019   
       733:     21990.000000           1         -166.7030   
       734:     22020.000000           1         -166.6901   
       735:     22050.000000           1         -166.6900   
       736:     22080.000000           1         -166.6838   
       737:     22110.000000           1         -166.6764   
       738:     22140.000000           1         -166.6724   
       739:     22170.000000           1         -166.6550   
       740:     22200.000000           1         -166.6457   
       741:     22230.000000           1         -166.6359   
       742:     22260.000000           1         -166.6281   
       743:     22290.000000           1         -166.6238   
       744:     22320.000000           1         -166.6183   
       745:     22350.000000           1         -166.6091   
       746:     22380.000000           1         -166.6044   
       747:     22410.000000           1         -166.5994   
       748:     22440.000000           1         -166.5892   
       749:     22470.000000           1         -166.5753   
       750:     22500.000000           1         -166.5661   
       751:     22530.000000           1         -166.5561   
       752:     22560.000000           1         -166.5502   
       753:     22590.000000           1         -166.5370   
       754:     22620.000000           1         -166.5250   
       755:     22650.000000           1         -166.5172   
       756:     22680.000000           1         -166.5101   
       757:     22710.000000           1         -166.4967   
       758:     22740.000000           1         -166.4924   
       759:     22770.000000           1         -166.4863   
       760:     22800.000000           1         -166.4827   
       761:     22830.000000           1         -166.4814   
       762:     22860.000000           1         -166.4902   
       763:     22890.000000           1         -166.4786   
       764:     22920.000000           1         -166.4685   
       765:     22950.000000           1         -166.4566   
       766:     22980.000000           1         -166.4547   
       767:     23010.000000           1         -166.4467   
       768:     23040.000000           1         -166.4311   
       769:     23070.000000           1         -166.4219   
       770:     23100.000000           1         -166.4194   
       771:     23130.000000           1         -166.4141   
       772:     23160.000000           1         -166.4091   
       773:     23190.000000           1          349.9363   
       774:     23220.000000           1         -166.4977   
       775:     23250.000000           1         -166.6708   
       776:     23280.000000           1         -166.5581   
       777:     23310.000000           1         -166.5744   
       778:     23340.000000           1         -166.5756   
       779:     23370.000000           1         -166.5535   
       780:     23400.000000           1         -166.5365   
       781:     23430.000000           1         -166.5410   
       782:     23460.000000           1         -166.5400   
       783:     23490.000000           1         -166.5339   
       784:     23520.000000           1         -166.5211   
       785:     23550.000000           1         -166.5059   
       786:     23580.000000           1         -166.4870   
       787:     23610.000000           1         -166.4737   
       788:     23640.000000           1          350.1318   
       789:     23670.000000           1          350.1428   
       790:     23700.000000           1          350.1448   
       791:     23730.000000           1          350.1495   
       792:     23760.000000           1          350.1596   
       793:     23790.000000           1          350.1779   
       794:     23820.000000           1          350.1861   
       795:     23850.000000           1          350.1866   
       796:     23880.000000           1          350.1925   
       797:     23910.000000           1          350.1985   
       798:     23940.000000           1          350.2144   
       799:     23970.000000           1          350.2302   
       800:     24000.000000           1          350.2340   
       801:     24030.000000           1          350.2328   
       802:     24060.000000           1          350.2420   
       803:     24090.000000           1          350.2485   
       804:     24120.000000           1          350.2510   
       805:     24150.000000           1          350.2566   
       806:     24180.000000           1          350.2636   
       807:     24210.000000           1          350.2796   
       808:     24240.000000           1          350.2837   
       810:     24300.000000           1          350.2906   
       811:     24330.000000           1          350.2955   
       812:     24360.000000           1          350.3080   
       813:     24390.000000           1          350.3058   
      2803:     84090.000000           1           81.5577   
      2804:     84120.000000           1           81.5261   
      2805:     84150.000000           1           81.5349   
      2806:     84180.000000           1           81.5694   
      2807:     84210.000000           1           81.5843   
      2808:     84240.000000           1           81.5864   
      2809:     84270.000000           1           81.6174   
      2810:     84300.000000           1           81.6153   
      2811:     84330.000000           1           81.6088   
      2812:     84360.000000           1           81.5873   
      2813:     84390.000000           1           81.5890   
      2814:     84420.000000           1           81.5909   
      2815:     84450.000000           1           81.5958   
      2816:     84480.000000           1           81.5949   
      2817:     84510.000000           1           81.5812   
      2818:     84540.000000           1           81.5774   
      2821:     84630.000000           1           81.5507   
      2825:     84750.000000           1           81.5473   
      2829:     84870.000000           1           81.5175   
      2875:     86250.000000           1           81.4847   
      2876:     86280.000000           1           81.4871   
      2877:     86310.000000           1           81.4868   
      2878:     86340.000000           1           81.4792   
      2879:     86370.000000           1           81.4734   
