         0:         0.000000           1          142.7798   
         1:        30.000000           1          142.9549   
         2:        60.000000           1          141.7488   
         3:        90.000000           1         -117.0777   
         4:       120.000000           1         -118.0242   
         5:       150.000000           1         -118.9024   
         6:       180.000000           1         -118.4530   
         7:       210.000000           1         -117.9276   
         8:       240.000000           1         -117.1240   
         9:       270.000000           1         -118.0557   
        10:       300.000000           1         -118.4867   
        11:       330.000000           1         -119.0338   
        12:       360.000000           1         -119.3467   
        13:       390.000000           1         -120.2809   
        14:       420.000000           1         -120.2532   
        15:       450.000000           1         -119.8703   
        16:       480.000000           1         -120.4185   
        17:       510.000000           1         -120.7076   
        18:       540.000000           1         -120.7101   
        19:       570.000000           1         -121.1416   
        20:       600.000000           1         -121.1893   
        21:       630.000000           1         -121.0251   
        22:       660.000000           1         -120.9325   
        23:       690.000000           1         -121.1554   
        24:       720.000000           1         -121.3444   
        25:       750.000000           1         -121.5086   
        26:       780.000000           1         -121.5409   
        27:       810.000000           1         -121.8574   
        28:       840.000000           1         -122.0149   
        29:       870.000000           1          143.2783   
        30:       900.000000           1         -122.0448   
        31:       930.000000           1         -122.0538   
        32:       960.000000           1         -122.0470   
        33:       990.000000           1         -122.0975   
        34:      1020.000000           1         -122.1492   
        35:      1050.000000           1         -122.1745   
        36:      1080.000000           1         -122.3438   
        37:      1110.000000           1          -47.2919   
        38:      1140.000000           1         -122.4681   
        39:      1170.000000           1         -122.2857   
        40:      1200.000000           1         -122.1801   
        41:      1230.000000           1          143.1984   
        42:      1260.000000           1          143.3375   
        43:      1290.000000           1          143.3452   
        44:      1320.000000           1          143.3496   
        45:      1350.000000           1          -45.9647   
        46:      1380.000000           1          143.3695   
        47:      1410.000000           1          143.3058   
        48:      1440.000000           1          -46.0956   
        49:      1470.000000           1          143.4174   
        50:      1500.000000           1          143.2090   
        51:      1530.000000           1          143.2279   
        52:      1560.000000           1          143.2977   
        53:      1590.000000           1          143.4288   
        54:      1620.000000           1          143.5198   
        55:      1650.000000           1          143.4742   
        56:      1680.000000           1          143.3306   
        57:      1710.000000           1          143.3980   
        58:      1740.000000           1          143.2760   
        59:      1770.000000           1          143.4122   
        60:      1800.000000           1          143.3687   
        61:      1830.000000           1          143.3038   
        62:      1860.000000           1          143.3261   
        63:      1890.000000           1          143.2629   
        64:      1920.000000           1          143.1559   
        65:      1950.000000           1          143.1921   
        66:      1980.000000           1          143.0958   
      2070:     62100.000000           1          181.7384   
      2071:     62130.000000           1          -87.3377   
      2072:     62160.000000           1          181.7428   
      2073:     62190.000000           1          181.7451   
      2074:     62220.000000           1          181.7470   
      2077:     62310.000000           1          181.7398   
      2078:     62340.000000           1         -191.6807   
      2079:     62370.000000           1          -87.3356   
      2080:     62400.000000           1          181.7399   
      2081:     62430.000000           1          181.7364   
      2082:     62460.000000           1          181.7364   
      2083:     62490.000000           1          181.7366   
      2084:     62520.000000           1          181.7366   
      2085:     62550.000000           1          181.7322   
      2086:     62580.000000           1          181.7301   
      2087:     62610.000000           1          181.7292   
      2088:     62640.000000           1          181.7294   
      2089:     62670.000000           1          181.7287   
      2090:     62700.000000           1          181.7323   
      2092:     62760.000000           1          181.7324   
      2093:     62790.000000           1          -87.3425   
      2095:     62850.000000           1          -87.3439   
      2096:     62880.000000           1          -87.3455   
      2097:     62910.000000           1          -87.3445   
      2098:     62940.000000           1          -87.3458   
      2099:     62970.000000           1          -87.3424   
      2100:     63000.000000           1          -87.3410   
      2101:     63030.000000           1          -87.3385   
      2102:     63060.000000           1            5.5617   
      2103:     63090.000000           1          -87.3359   
      2104:     63120.000000           1          -87.3310   
      2105:     63150.000000           1          -87.3314   
      2106:     63180.000000           1          -87.3297   
      2107:     63210.000000           1          -87.3285   
      2108:     63240.000000           1          -87.3270   
      2109:     63270.000000           1          -87.3257   
      2110:     63300.000000           1          -87.3250   
      2111:     63330.000000           1          -87.3221   
      2112:     63360.000000           1          -87.3187   
      2113:     63390.000000           1          -87.3186   
      2114:     63420.000000           1          181.7571   
      2115:     63450.000000           1          181.7583   
      2116:     63480.000000           1          181.7604   
      2117:     63510.000000           1          181.7638   
      2118:     63540.000000           1          181.7667   
      2119:     63570.000000           1         -191.6499   
      2120:     63600.000000           1         -191.6486   
      2121:     63630.000000           1         -191.6466   
      2122:     63660.000000           1         -191.6422   
      2123:     63690.000000           1         -191.6379   
      2124:     63720.000000           1         -191.6403   
      2125:     63750.000000           1         -191.6393   
      2126:     63780.000000           1         -191.6386   
      2127:     63810.000000           1         -191.6394   
      2128:     63840.000000           1         -191.6401   
      2129:     63870.000000           1         -191.6420   
      2130:     63900.000000           1         -191.6424   
      2131:     63930.000000           1         -191.6451   
      2132:     63960.000000           1         -191.6453   
      2133:     63990.000000           1         -191.6461   
      2134:     64020.000000           1         -191.6481   
      2135:     64050.000000           1         -191.6463   
      2136:     64080.000000           1         -191.6466   
      2137:     64110.000000           1         -191.6460   
      2138:     64140.000000           1         -191.6453   
      2139:     64170.000000           1         -191.6459   
      2140:     64200.000000           1         -191.6433   
      2141:     64230.000000           1         -191.6419   
      2142:     64260.000000           1         -191.6387   
      2143:     64290.000000           1          -87.2939   
      2144:     64320.000000           1         -191.6365   
      2145:     64350.000000           1         -191.6380   
      2146:     64380.000000           1          170.8014   
      2147:     64410.000000           1         -191.6416   
      2148:     64440.000000           1          170.8430   
      2149:     64470.000000           1          170.8697   
      2150:     64500.000000           1          170.8520   
      2151:     64530.000000           1          170.9217   
      2152:     64560.000000           1          170.9066   
      2153:     64590.000000           1          170.8911   
      2154:     64620.000000           1          170.8739   
      2155:     64650.000000           1          170.8946   
      2156:     64680.000000           1          170.8889   
      2157:     64710.000000           1          170.8993   
      2158:     64740.000000           1          170.9179   
      2159:     64770.000000           1          170.9178   
      2160:     64800.000000           1          170.9262   
      2161:     64830.000000           1          170.9154   
      2162:     64860.000000           1          170.9038   
      2163:     64890.000000           1          170.9124   
      2164:     64920.000000           1          170.9217   
      2165:     64950.000000           1          170.9211   
      2166:     64980.000000           1          170.9235   
      2167:     65010.000000           1          170.9278   
      2168:     65040.000000           1          170.9270   
      2169:     65070.000000           1         -191.6305   
      2170:     65100.000000           1         -191.6274   
      2171:     65130.000000           1          170.9426   
      2172:     65160.000000           1         -191.6230   
      2173:     65190.000000           1         -191.6242   
      2174:     65220.000000           1         -191.6229   
      2175:     65250.000000           1         -191.6245   
      2176:     65280.000000           1         -191.6277   
      2177:     65310.000000           1         -191.6284   
      2178:     65340.000000           1         -191.6297   
      2179:     65370.000000           1         -191.6319   
      2180:     65400.000000           1         -191.6295   
      2181:     65430.000000           1         -191.6273   
      2182:     65460.000000           1         -191.6223   
      2183:     65490.000000           1         -191.6206   
      2184:     65520.000000           1         -191.6155   
      2185:     65550.000000           1          -87.2705   
      2186:     65580.000000           1          -87.2697   
      2187:     65610.000000           1         -191.6110   
      2188:     65640.000000           1         -191.6077   
      2189:     65670.000000           1          -87.2613   
      2190:     65700.000000           1          -87.2572   
      2191:     65730.000000           1         -191.5966   
      2192:     65760.000000           1         -191.5948   
      2193:     65790.000000           1         -191.5969   
      2194:     65820.000000           1         -191.5990   
      2195:     65850.000000           1         -191.6011   
      2196:     65880.000000           1         -191.6000   
      2197:     65910.000000           1         -191.5969   
      2198:     65940.000000           1         -191.5949   
      2199:     65970.000000           1         -191.5930   
      2200:     66000.000000           1         -191.5890   
      2201:     66030.000000           1         -191.5855   
      2202:     66060.000000           1         -191.5837   
      2203:     66090.000000           1         -191.5864   
      2204:     66120.000000           1         -191.5867   
      2205:     66150.000000           1         1224.6839   
      2206:     66180.000000           1         -191.5890   
      2207:     66210.000000           1         -191.5895   
      2208:     66240.000000           1         -191.5886   
      2209:     66270.000000           1         -191.5890   
      2210:     66300.000000           1         -191.5880   
      2211:     66330.000000           1         -191.5853   
      2212:     66360.000000           1         -191.5829   
      2213:     66390.000000           1         -191.5821   
      2214:     66420.000000           1         -191.5829   
      2215:     66450.000000           1         -191.5822   
      2216:     66480.000000           1         -191.5819   
      2217:     66510.000000           1         -191.5817   
      2218:     66540.000000           1         -191.5806   
      2219:     66570.000000           1            5.6800   
      2220:     66600.000000           1         -370.4906   
      2221:     66630.000000           1            5.6836   
      2222:     66660.000000           1            5.6861   
      2223:     66690.000000           1            5.6888   
      2224:     66720.000000           1            5.6886   
      2225:     66750.000000           1            5.6883   
      2226:     66780.000000           1            5.6843   
      2227:     66810.000000           1            5.6863   
      2228:     66840.000000           1            5.6832   
      2229:     66870.000000           1            5.6839   
      2230:     66900.000000           1            5.6847   
      2231:     66930.000000           1            5.6847   
      2232:     66960.000000           1            5.6836   
      2233:     66990.000000           1            5.6868   
      2234:     67020.000000           1            5.6855   
      2235:     67050.000000           1         -370.5006   
      2236:     67080.000000           1         -370.5030   
      2237:     67110.000000           1         -370.5061   
      2238:     67140.000000           1         -370.5075   
      2239:     67170.000000           1         -370.5088   
      2240:     67200.000000           1         -370.5097   
      2241:     67230.000000           1         -370.5074   
      2242:     67260.000000           1         -370.5094   
      2243:     67290.000000           1         -370.5092   
      2244:     67320.000000           1         -370.5079   
      2245:     67350.000000           1            5.6807   
      2246:     67380.000000           1            5.6819   
      2247:     67410.000000           1            5.6822   
      2248:     67440.000000           1            5.6795   
      2249:     67470.000000           1            5.6788   
      2250:     67500.000000           1            5.6800   
      2251:     67530.000000           1            5.6792   
      2252:     67560.000000           1            5.6821   
      2253:     67590.000000           1            5.6803   
      2254:     67620.000000           1            5.6800   
      2255:     67650.000000           1            5.6840   
      2256:     67680.000000           1            5.6841   
      2257:     67710.000000           1            5.6861   
      2258:     67740.000000           1            5.6876   
      2259:     67770.000000           1            5.6876   
      2260:     67800.000000           1            5.6890   
      2261:     67830.000000           1         -191.5767   
      2262:     67860.000000           1         -191.5749   
      2263:     67890.000000           1         -191.5703   
      2264:     67920.000000           1         -191.5745   
      2265:     67950.000000           1         -191.5755   
      2266:     67980.000000           1         -191.5745   
      2267:     68010.000000           1         -191.5778   
      2268:     68040.000000           1         -191.5750   
      2269:     68070.000000           1         -191.5750   
      2270:     68100.000000           1         -191.5768   
      2271:     68130.000000           1         -191.5760   
      2272:     68160.000000           1         -191.5748   
      2273:     68190.000000           1         -191.5770   
      2274:     68220.000000           1         -191.5739   
      2275:     68250.000000           1         -191.5747   
      2276:     68280.000000           1         -191.5746   
      2277:     68310.000000           1         -191.5773   
      2278:     68340.000000           1         -191.5764   
      2279:     68370.000000           1         -191.5757   
      2280:     68400.000000           1         -191.5780   
      2281:     68430.000000           1         -191.5764   
      2282:     68460.000000           1         -191.5764   
      2283:     68490.000000           1         -191.5773   
      2284:     68520.000000           1         -191.5792   
      2285:     68550.000000           1         -191.5795   
      2286:     68580.000000           1         -191.5796   
      2287:     68610.000000           1            5.6845   
      2288:     68640.000000           1            5.6882   
      2289:     68670.000000           1            5.6865   
      2290:     68700.000000           1            5.6827   
      2291:     68730.000000           1            5.6776   
      2292:     68760.000000           1            5.6762   
      2293:     68790.000000           1            5.6757   
      2294:     68820.000000           1            5.6755   
      2295:     68850.000000           1            5.6767   
      2296:     68880.000000           1            5.6768   
      2297:     68910.000000           1            5.6781   
      2298:     68940.000000           1            5.6769   
      2299:     68970.000000           1            5.6771   
      2300:     69000.000000           1            5.6784   
      2301:     69030.000000           1            5.6822   
      2302:     69060.000000           1            5.6856   
      2303:     69090.000000           1            5.6893   
      2304:     69120.000000           1            5.6894   
      2305:     69150.000000           1            5.6858   
      2306:     69180.000000           1            5.6811   
      2307:     69210.000000           1            5.6785   
      2308:     69240.000000           1            5.6782   
      2309:     69270.000000           1            5.6778   
      2310:     69300.000000           1            5.6776   
      2311:     69330.000000           1            5.6786   
      2312:     69360.000000           1            5.6786   
      2313:     69390.000000           1            5.6782   
      2314:     69420.000000           1            5.6763   
      2315:     69450.000000           1         -191.5871   
      2316:     69480.000000           1         -191.5887   
      2317:     69510.000000           1         -191.5877   
      2318:     69540.000000           1         -191.5879   
      2319:     69570.000000           1         -191.5901   
      2320:     69600.000000           1         -191.5909   
      2321:     69630.000000           1         -191.5906   
      2322:     69660.000000           1          170.5006   
      2323:     69690.000000           1          170.4966   
      2324:     69720.000000           1          170.4964   
      2325:     69750.000000           1          170.4951   
      2326:     69780.000000           1          170.4947   
      2327:     69810.000000           1          170.4927   
      2328:     69840.000000           1          170.4927   
      2329:     69870.000000           1          170.4892   
      2330:     69900.000000           1          170.4877   
      2331:     69930.000000           1          170.4882   
      2332:     69960.000000           1          170.4852   
      2333:     69990.000000           1          170.4878   
      2334:     70020.000000           1          170.4891   
      2335:     70050.000000           1          170.4912   
      2336:     70080.000000           1          170.4930   
      2337:     70110.000000           1          170.4957   
      2338:     70140.000000           1            5.6651   
      2339:     70170.000000           1          170.4950   
      2340:     70200.000000           1          170.4873   
      2341:     70230.000000           1          170.4925   
      2342:     70260.000000           1          170.4958   
      2343:     70290.000000           1          170.4945   
      2344:     70320.000000           1          170.4977   
      2345:     70350.000000           1          170.4979   
      2346:     70380.000000           1          170.4952   
      2347:     70410.000000           1          170.4918   
      2348:     70440.000000           1          170.4887   
      2349:     70470.000000           1          170.4841   
      2350:     70500.000000           1          170.4830   
      2351:     70530.000000           1          170.4802   
      2352:     70560.000000           1         -191.6095   
      2353:     70590.000000           1         -191.6098   
      2354:     70620.000000           1         -191.6088   
      2355:     70650.000000           1         -191.6074   
      2356:     70680.000000           1         -191.6047   
      2357:     70710.000000           1         -191.6036   
      2358:     70740.000000           1         -191.6025   
      2359:     70770.000000           1         -191.6022   
      2360:     70800.000000           1         -191.6039   
      2361:     70830.000000           1         -191.6048   
      2362:     70860.000000           1         -191.6097   
      2363:     70890.000000           1         -191.6105   
      2364:     70920.000000           1         -191.6122   
      2365:     70950.000000           1         -191.6124   
      2366:     70980.000000           1         -191.6131   
      2367:     71010.000000           1         -191.6111   
      2368:     71040.000000           1         -191.6140   
      2369:     71070.000000           1         -191.6150   
      2370:     71100.000000           1         -191.6165   
      2371:     71130.000000           1         -191.6164   
      2372:     71160.000000           1         -191.6146   
      2373:     71190.000000           1         -191.6123   
      2374:     71220.000000           1         -191.6106   
      2375:     71250.000000           1         -191.6077   
      2376:     71280.000000           1         -191.6051   
      2377:     71310.000000           1         -191.6053   
      2378:     71340.000000           1         -191.6033   
      2379:     71370.000000           1         -191.6013   
      2380:     71400.000000           1         -191.6034   
      2381:     71430.000000           1         -191.6048   
      2382:     71460.000000           1         -191.6075   
      2383:     71490.000000           1         -191.6088   
      2384:     71520.000000           1         -191.6089   
      2385:     71550.000000           1         -191.6097   
      2386:     71580.000000           1         -191.6119   
      2387:     71610.000000           1         -191.6104   
      2388:     71640.000000           1         -191.6113   
      2389:     71670.000000           1         -191.6086   
      2390:     71700.000000           1         -191.6082   
      2391:     71730.000000           1         -191.6087   
      2392:     71760.000000           1         -191.6069   
      2393:     71790.000000           1         -191.6038   
      2394:     71820.000000           1         -191.6006   
      2395:     71850.000000           1         -191.5976   
      2396:     71880.000000           1         -191.5939   
      2397:     71910.000000           1         -191.5935   
      2398:     71940.000000           1         -191.5941   
      2399:     71970.000000           1         -191.5935   
      2400:     72000.000000           1         -191.5950   
      2401:     72030.000000           1           13.2527   
      2402:     72060.000000           1           13.2544   
      2403:     72090.000000           1           13.2515   
      2404:     72120.000000           1           13.2481   
      2405:     72150.000000           1           13.2417   
      2406:     72180.000000           1           13.2418   
      2407:     72210.000000           1           13.2379   
      2408:     72240.000000           1           13.2327   
      2409:     72270.000000           1           13.2255   
      2410:     72300.000000           1           13.2169   
      2411:     72330.000000           1           13.2138   
      2412:     72360.000000           1            5.6546   
      2413:     72390.000000           1           13.2062   
      2414:     72420.000000           1            5.6549   
      2415:     72450.000000           1            5.6568   
      2416:     72480.000000           1            5.6576   
      2417:     72510.000000           1            5.6559   
      2418:     72540.000000           1            5.6550   
      2419:     72570.000000           1            5.6497   
      2420:     72600.000000           1            5.6475   
      2421:     72630.000000           1            5.6464   
      2422:     72660.000000           1           13.1607   
      2423:     72690.000000           1           13.1578   
      2424:     72720.000000           1           13.1548   
      2425:     72750.000000           1           13.1517   
      2426:     72780.000000           1           13.1475   
      2427:     72810.000000           1           13.1474   
      2428:     72840.000000           1           13.1410   
      2429:     72870.000000           1           13.1378   
      2430:     72900.000000           1           13.1364   
      2431:     72930.000000           1           13.1326   
      2432:     72960.000000           1         -191.6230   
      2433:     72990.000000           1         -191.6211   
      2434:     73020.000000           1         -191.6233   
      2435:     73050.000000           1         -191.6245   
      2436:     73080.000000           1         -191.6236   
      2437:     73110.000000           1         -191.6230   
      2438:     73140.000000           1         -191.6217   
      2439:     73170.000000           1         -191.6238   
      2440:     73200.000000           1         -191.6261   
      2441:     73230.000000           1         -191.6269   
      2442:     73260.000000           1         -191.6292   
      2443:     73290.000000           1         -191.6296   
      2444:     73320.000000           1         -191.6335   
      2445:     73350.000000           1         -191.6368   
      2446:     73380.000000           1         -191.6411   
      2447:     73410.000000           1         -191.6436   
      2448:     73440.000000           1         -191.6455   
      2449:     73470.000000           1         -191.6457   
      2450:     73500.000000           1         -191.6429   
      2451:     73530.000000           1          170.4316   
      2452:     73560.000000           1          170.4298   
      2453:     73590.000000           1          170.4251   
      2454:     73620.000000           1          170.4227   
      2455:     73650.000000           1          170.4232   
      2456:     73680.000000           1          170.4222   
      2457:     73710.000000           1          170.4224   
      2458:     73740.000000           1          170.4220   
      2459:     73770.000000           1          170.4207   
      2460:     73800.000000           1          170.4226   
      2461:     73830.000000           1          170.4226   
      2462:     73860.000000           1          170.4212   
      2463:     73890.000000           1          170.4203   
      2464:     73920.000000           1          170.4181   
      2465:     73950.000000           1          170.4141   
      2466:     73980.000000           1          170.4109   
      2467:     74010.000000           1          170.4103   
      2468:     74040.000000           1          170.4116   
      2469:     74070.000000           1          170.4129   
      2470:     74100.000000           1          170.4119   
      2471:     74130.000000           1          170.4093   
      2472:     74160.000000           1          170.4071   
      2473:     74190.000000           1          170.4045   
      2474:     74220.000000           1          170.4032   
      2475:     74250.000000           1          170.4037   
      2476:     74280.000000           1          170.4008   
      2477:     74310.000000           1          170.4007   
      2478:     74340.000000           1          170.3973   
      2479:     74370.000000           1          170.3959   
      2480:     74400.000000           1          170.3895   
      2481:     74430.000000           1          170.3856   
      2482:     74460.000000           1          170.3841   
      2483:     74490.000000           1          170.3837   
      2484:     74520.000000           1          170.3821   
      2485:     74550.000000           1          170.3822   
      2486:     74580.000000           1          170.3778   
      2487:     74610.000000           1          170.3763   
      2488:     74640.000000           1          170.3712   
      2489:     74670.000000           1          170.3693   
      2490:     74700.000000           1          170.3670   
      2491:     74730.000000           1          170.3658   
      2492:     74760.000000           1          170.3628   
      2493:     74790.000000           1          170.3609   
      2494:     74820.000000           1          170.3594   
      2495:     74850.000000           1          170.3583   
      2496:     74880.000000           1          170.3569   
      2497:     74910.000000           1          170.3538   
      2498:     74940.000000           1          170.3505   
      2499:     74970.000000           1          170.3497   
      2500:     75000.000000           1          170.3490   
      2501:     75030.000000           1          170.3460   
      2502:     75060.000000           1          170.3429   
      2503:     75090.000000           1          170.3387   
      2504:     75120.000000           1          170.3337   
      2505:     75150.000000           1          170.3309   
      2506:     75180.000000           1          170.3267   
      2507:     75210.000000           1          170.3245   
      2508:     75240.000000           1          170.3253   
      2509:     75270.000000           1          170.3213   
      2510:     75300.000000           1          170.3138   
      2511:     75330.000000           1          170.3105   
      2512:     75360.000000           1          170.3094   
      2513:     75390.000000           1           12.9501   
      2514:     75420.000000           1          170.3054   
      2515:     75450.000000           1          170.3028   
      2516:     75480.000000           1          170.2998   
      2517:     75510.000000           1          170.2988   
      2518:     75540.000000           1          170.2996   
      2519:     75570.000000           1          170.2962   
      2520:     75600.000000           1          170.2936   
      2521:     75630.000000           1          170.2932   
      2522:     75660.000000           1          170.2921   
      2523:     75690.000000           1          170.2894   
      2524:     75720.000000           1          170.2870   
      2525:     75750.000000           1          170.2835   
      2526:     75780.000000           1          170.2808   
      2527:     75810.000000           1          170.2795   
      2528:     75840.000000           1          170.2776   
      2529:     75870.000000           1          170.2738   
      2530:     75900.000000           1          170.2735   
      2531:     75930.000000           1          170.2694   
      2532:     75960.000000           1          170.2695   
      2533:     75990.000000           1          170.2690   
      2534:     76020.000000           1          170.2642   
      2535:     76050.000000           1          170.2630   
      2536:     76080.000000           1          170.2602   
      2537:     76110.000000           1          170.2588   
      2538:     76140.000000           1          170.2558   
      2539:     76170.000000           1          170.2569   
      2540:     76200.000000           1          170.2545   
      2541:     76230.000000           1          170.2473   
      2542:     76260.000000           1          170.2453   
      2543:     76290.000000           1          170.2421   
      2544:     76320.000000           1          170.2414   
      2545:     76350.000000           1          170.2389   
      2546:     76380.000000           1          170.2366   
      2547:     76410.000000           1          170.2355   
      2548:     76440.000000           1          170.2351   
      2549:     76470.000000           1          170.2312   
      2550:     76500.000000           1          170.2272   
      2551:     76530.000000           1          170.2267   
      2552:     76560.000000           1          170.2268   
      2553:     76590.000000           1          170.2254   
      2554:     76620.000000           1          170.2229   
      2555:     76650.000000           1          170.2209   
      2556:     76680.000000           1          170.2187   
      2557:     76710.000000           1          170.2191   
      2558:     76740.000000           1          170.2176   
      2559:     76770.000000           1          170.2173   
      2560:     76800.000000           1          170.2147   
      2561:     76830.000000           1          170.2114   
      2562:     76860.000000           1          170.2078   
      2563:     76890.000000           1          170.2080   
      2564:     76920.000000           1          170.2042   
      2565:     76950.000000           1          170.2013   
      2566:     76980.000000           1          170.1978   
      2567:     77010.000000           1          170.1954   
      2568:     77040.000000           1          170.1912   
      2569:     77070.000000           1          170.1874   
      2570:     77100.000000           1          170.1841   
      2571:     77130.000000           1          170.1790   
      2572:     77160.000000           1          170.1757   
      2573:     77190.000000           1          170.1700   
      2574:     77220.000000           1          170.1673   
      2575:     77250.000000           1          170.1647   
      2576:     77280.000000           1          170.1617   
      2577:     77310.000000           1          170.1579   
      2578:     77340.000000           1          170.1520   
      2579:     77370.000000           1          170.1460   
      2580:     77400.000000           1          170.1415   
      2581:     77430.000000           1          170.1384   
      2582:     77460.000000           1          170.1343   
      2583:     77490.000000           1          170.1318   
      2584:     77520.000000           1          170.1286   
      2585:     77550.000000           1          170.1270   
      2586:     77580.000000           1          170.1250   
      2587:     77610.000000           1          170.1238   
      2588:     77640.000000           1          170.1229   
      2589:     77670.000000           1          170.1195   
      2590:     77700.000000           1          170.1195   
      2591:     77730.000000           1          170.1190   
      2592:     77760.000000           1          170.1159   
      2593:     77790.000000           1          170.1123   
      2594:     77820.000000           1          170.1108   
      2595:     77850.000000           1          170.1095   
      2596:     77880.000000           1          170.1103   
      2597:     77910.000000           1          170.1078   
      2598:     77940.000000           1          170.1052   
      2599:     77970.000000           1          170.1019   
      2600:     78000.000000           1          170.0996   
      2601:     78030.000000           1          170.0961   
      2602:     78060.000000           1          170.0939   
      2603:     78090.000000           1          170.0905   
      2604:     78120.000000           1          170.0879   
      2605:     78150.000000           1          170.0821   
      2606:     78180.000000           1          170.0767   
      2607:     78210.000000           1          170.0707   
      2608:     78240.000000           1          170.0675   
      2609:     78270.000000           1          170.0652   
      2610:     78300.000000           1          170.0611   
      2611:     78330.000000           1          170.0572   
      2612:     78360.000000           1          170.0542   
      2613:     78390.000000           1          170.0536   
      2614:     78420.000000           1          170.0537   
      2615:     78450.000000           1          170.0541   
      2616:     78480.000000           1          170.0527   
      2617:     78510.000000           1          170.0517   
      2618:     78540.000000           1          170.0507   
      2619:     78570.000000           1          170.0494   
      2620:     78600.000000           1          170.0448   
      2621:     78630.000000           1          170.0406   
      2622:     78660.000000           1          170.0358   
      2623:     78690.000000           1          170.0321   
      2624:     78720.000000           1          170.0261   
      2625:     78750.000000           1          170.0201   
      2626:     78780.000000           1          170.0148   
      2627:     78810.000000           1          170.0094   
      2628:     78840.000000           1          170.0062   
      2629:     78870.000000           1          170.0016   
      2630:     78900.000000           1          169.9972   
      2631:     78930.000000           1          169.9943   
      2632:     78960.000000           1          169.9925   
      2633:     78990.000000           1          169.9916   
      2634:     79020.000000           1          169.9913   
      2635:     79050.000000           1          169.9894   
      2636:     79080.000000           1          169.9883   
      2637:     79110.000000           1          169.9864   
      2638:     79140.000000           1          169.9854   
      2639:     79170.000000           1          169.9823   
      2640:     79200.000000           1          169.9769   
      2641:     79230.000000           1          169.9741   
      2642:     79260.000000           1          169.9691   
      2643:     79290.000000           1          169.9635   
      2644:     79320.000000           1          169.9602   
      2645:     79350.000000           1          169.9561   
      2646:     79380.000000           1          169.9526   
      2647:     79410.000000           1          169.9497   
      2648:     79440.000000           1          169.9465   
      2649:     79470.000000           1          169.9423   
      2650:     79500.000000           1          169.9401   
      2651:     79530.000000           1          169.9370   
      2652:     79560.000000           1          169.9338   
      2653:     79590.000000           1          169.9307   
      2654:     79620.000000           1          169.9270   
      2655:     79650.000000           1          169.9226   
      2656:     79680.000000           1          169.9187   
      2657:     79710.000000           1          169.9125   
      2658:     79740.000000           1          169.9117   
      2659:     79770.000000           1          110.0508   
      2660:     79800.000000           1          110.0123   
      2661:     79830.000000           1         -318.9534   
      2662:     79860.000000           1          109.7264   
      2663:     79890.000000           1          109.8959   
      2664:     79920.000000           1          109.9194   
      2665:     79950.000000           1          109.9132   
      2666:     79980.000000           1          109.8781   
      2667:     80010.000000           1          109.8584   
      2668:     80040.000000           1          109.8555   
      2669:     80070.000000           1          109.8089   
      2670:     80100.000000           1          109.7929   
      2671:     80130.000000           1          109.7630   
      2672:     80160.000000           1          109.7222   
      2673:     80190.000000           1          109.7141   
      2674:     80220.000000           1          109.6978   
      2675:     80250.000000           1          109.7043   
      2676:     80280.000000           1          109.6880   
      2677:     80310.000000           1          109.6686   
      2678:     80340.000000           1          109.6583   
      2679:     80370.000000           1          109.6558   
      2680:     80400.000000           1          109.6448   
      2681:     80430.000000           1          109.6347   
      2682:     80460.000000           1          109.6308   
      2683:     80490.000000           1          109.6290   
      2684:     80520.000000           1          109.6208   
      2685:     80550.000000           1          109.6191   
      2686:     80580.000000           1          109.6056   
      2687:     80610.000000           1          109.6023   
      2688:     80640.000000           1          109.5959   
      2689:     80670.000000           1          109.6000   
      2690:     80700.000000           1          109.6066   
      2691:     80730.000000           1          109.6050   
      2692:     80760.000000           1          109.5934   
      2693:     80790.000000           1          109.5992   
      2694:     80820.000000           1          109.6108   
      2695:     80850.000000           1          109.6099   
      2696:     80880.000000           1          109.6156   
      2697:     80910.000000           1          109.6132   
      2698:     80940.000000           1          169.7879   
      2699:     80970.000000           1          169.7833   
      2700:     81000.000000           1          169.7828   
      2701:     81030.000000           1          169.7804   
      2702:     81060.000000           1          169.7767   
      2703:     81090.000000           1          169.7732   
      2704:     81120.000000           1          169.7689   
      2705:     81150.000000           1          169.7668   
      2706:     81180.000000           1          169.7657   
      2707:     81210.000000           1          169.7646   
      2708:     81240.000000           1          169.7600   
      2709:     81270.000000           1          169.7579   
      2710:     81300.000000           1          169.7579   
      2711:     81330.000000           1          169.7528   
      2712:     81360.000000           1          169.7504   
      2713:     81390.000000           1          169.7473   
      2714:     81420.000000           1          169.7442   
      2715:     81450.000000           1          169.7396   
      2716:     81480.000000           1          169.7366   
      2717:     81510.000000           1          169.7332   
      2718:     81540.000000           1          169.7321   
      2719:     81570.000000           1          169.7296   
      2720:     81600.000000           1          169.7259   
      2721:     81630.000000           1          169.7228   
      2722:     81660.000000           1          169.7200   
      2723:     81690.000000           1          169.7162   
      2724:     81720.000000           1          169.7107   
      2725:     81750.000000           1          169.7053   
      2726:     81780.000000           1          169.7033   
      2727:     81810.000000           1          169.6998   
      2728:     81840.000000           1          169.6961   
      2729:     81870.000000           1          169.6924   
      2730:     81900.000000           1          169.6908   
      2731:     81930.000000           1          169.6871   
      2732:     81960.000000           1          169.6847   
      2733:     81990.000000           1          169.6815   
      2734:     82020.000000           1          169.6786   
      2735:     82050.000000           1          169.6743   
      2736:     82080.000000           1          169.6714   
      2737:     82110.000000           1          169.6697   
      2738:     82140.000000           1          169.6678   
      2739:     82170.000000           1          169.6632   
      2740:     82200.000000           1          169.6599   
      2741:     82230.000000           1          169.6568   
      2742:     82260.000000           1          109.7052   
      2743:     82290.000000           1          109.7075   
      2744:     82320.000000           1          109.7062   
      2745:     82350.000000           1          109.7052   
      2746:     82380.000000           1          109.7075   
      2747:     82410.000000           1          109.7068   
      2748:     82440.000000           1          109.7071   
      2749:     82470.000000           1          109.7045   
      2750:     82500.000000           1          109.7048   
      2751:     82530.000000           1          109.7032   
      2752:     82560.000000           1          109.6985   
      2753:     82590.000000           1          109.6988   
      2754:     82620.000000           1          109.6974   
      2755:     82650.000000           1          109.6965   
      2756:     82680.000000           1          109.6991   
      2757:     82710.000000           1          109.7000   
      2758:     82740.000000           1          109.7020   
      2759:     82770.000000           1          109.7010   
      2760:     82800.000000           1          109.6997   
      2761:     82830.000000           1          109.6965   
      2762:     82860.000000           1          109.6907   
      2763:     82890.000000           1          109.6843   
      2764:     82920.000000           1          109.6806   
      2765:     82950.000000           1          109.6745   
      2766:     82980.000000           1          109.6720   
      2767:     83010.000000           1           12.2661   
      2768:     83040.000000           1           12.2637   
      2769:     83070.000000           1           12.2615   
      2770:     83100.000000           1           12.2559   
      2771:     83130.000000           1           12.2534   
      2772:     83160.000000           1           12.2480   
      2773:     83190.000000           1           12.2457   
      2774:     83220.000000           1          109.6419   
      2775:     83250.000000           1          109.6392   
      2776:     83280.000000           1          109.6369   
      2777:     83310.000000           1          109.6367   
      2778:     83340.000000           1          109.6326   
      2779:     83370.000000           1          109.6315   
      2780:     83400.000000           1          109.6274   
      2781:     83430.000000           1          109.6257   
      2782:     83460.000000           1          109.6216   
      2783:     83490.000000           1          109.6198   
      2784:     83520.000000           1          109.6150   
      2785:     83550.000000           1          109.6139   
      2786:     83580.000000           1          109.6107   
      2787:     83610.000000           1          109.6078   
      2788:     83640.000000           1          109.6034   
      2789:     83670.000000           1          109.6029   
      2790:     83700.000000           1          109.5983   
      2791:     83730.000000           1          109.5962   
      2792:     83760.000000           1          109.5911   
      2793:     83790.000000           1          109.5895   
      2794:     83820.000000           1          109.5875   
      2795:     83850.000000           1          109.5854   
      2796:     83880.000000           1          109.5823   
      2797:     83910.000000           1          109.5787   
      2798:     83940.000000           1          109.5778   
      2799:     83970.000000           1          169.4807   
      2800:     84000.000000           1          169.4772   
      2801:     84030.000000           1          169.4772   
      2802:     84060.000000           1          169.4759   
      2803:     84090.000000           1          169.4758   
      2804:     84120.000000           1          169.4712   
      2805:     84150.000000           1          169.4688   
      2806:     84180.000000           1          169.4678   
      2807:     84210.000000           1          169.4660   
      2808:     84240.000000           1          169.4643   
      2809:     84270.000000           1          169.4618   
      2810:     84300.000000           1          169.4594   
      2811:     84330.000000           1          169.4593   
      2812:     84360.000000           1          169.4573   
      2813:     84390.000000           1          169.4552   
      2814:     84420.000000           1          169.4531   
      2815:     84450.000000           1          169.4488   
      2816:     84480.000000           1          169.4479   
      2817:     84510.000000           1          169.4451   
      2818:     84540.000000           1          169.4403   
      2819:     84570.000000           1          109.5312   
      2820:     84600.000000           1          109.5274   
      2821:     84630.000000           1          169.4304   
      2822:     84660.000000           1          109.5211   
      2823:     84690.000000           1          109.5193   
      2824:     84720.000000           1          109.5174   
      2825:     84750.000000           1          169.4216   
      2826:     84780.000000           1          109.5104   
      2827:     84810.000000           1          109.5063   
      2828:     84840.000000           1          109.5041   
      2829:     84870.000000           1          169.4213   
      2830:     84900.000000           1          109.4990   
      2831:     84930.000000           1          109.4972   
      2832:     84960.000000           1          109.4958   
      2833:     84990.000000           1          109.4918   
      2834:     85020.000000           1          109.4838   
      2835:     85050.000000           1          109.4773   
      2836:     85080.000000           1          109.4739   
      2837:     85110.000000           1          109.4721   
      2838:     85140.000000           1          109.4676   
      2839:     85170.000000           1          109.4641   
      2840:     85200.000000           1          109.4634   
      2841:     85230.000000           1          109.4621   
      2842:     85260.000000           1          109.4601   
      2843:     85290.000000           1          109.4589   
      2844:     85320.000000           1          109.4589   
      2845:     85350.000000           1          109.4574   
      2846:     85380.000000           1          109.4542   
      2847:     85410.000000           1          109.4541   
      2848:     85440.000000           1          109.4526   
      2849:     85470.000000           1          109.4513   
      2850:     85500.000000           1          109.4504   
      2851:     85530.000000           1          109.4508   
      2852:     85560.000000           1          109.4526   
      2853:     85590.000000           1          109.4551   
      2854:     85620.000000           1          109.4553   
      2855:     85650.000000           1          109.4557   
      2856:     85680.000000           1          109.4542   
      2857:     85710.000000           1          109.4544   
      2858:     85740.000000           1          109.4555   
      2859:     85770.000000           1          109.4558   
      2860:     85800.000000           1          109.4545   
      2861:     85830.000000           1          109.4551   
      2862:     85860.000000           1          109.4554   
      2863:     85890.000000           1          109.4556   
      2864:     85920.000000           1          109.4556   
      2865:     85950.000000           1          109.4531   
      2866:     85980.000000           1          109.4516   
      2867:     86010.000000           1          109.4503   
      2868:     86040.000000           1           12.0072   
      2869:     86070.000000           1          109.4458   
      2870:     86100.000000           1          109.4432   
      2871:     86130.000000           1          109.4414   
      2872:     86160.000000           1          109.4399   
      2873:     86190.000000           1          109.4397   
      2874:     86220.000000           1          109.4394   
      2875:     86250.000000           1          169.3181   
      2876:     86280.000000           1          169.3151   
      2877:     86310.000000           1          169.3118   
      2878:     86340.000000           1          169.3111   
      2879:     86370.000000           1          169.3098   
