       629:     18870.000000           1           59.7047   
       630:     18900.000000           1           59.7034   
       631:     18930.000000           1           59.6968   
       632:     18960.000000           1           59.7011   
       633:     18990.000000           1           59.7169   
       634:     19020.000000           1           59.7299   
       635:     19050.000000           1           59.7269   
       636:     19080.000000           1           59.7326   
       637:     19110.000000           1           59.7345   
       638:     19140.000000           1           59.7448   
       639:     19170.000000           1           59.7440   
       640:     19200.000000           1           59.7440   
       641:     19230.000000           1           59.7427   
       642:     19260.000000           1           59.7362   
       643:     19290.000000           1           59.7372   
       644:     19320.000000           1           59.7389   
       645:     19350.000000           1           59.7466   
       646:     19380.000000           1           59.7407   
       647:     19410.000000           1           59.7442   
       648:     19440.000000           1           59.7473   
       649:     19470.000000           1           59.7535   
       650:     19500.000000           1           59.7547   
       651:     19530.000000           1           59.7573   
       652:     19560.000000           1           59.7521   
       653:     19590.000000           1           59.7592   
       654:     19620.000000           1           59.7754   
       655:     19650.000000           1           59.7817   
       656:     19680.000000           1           59.7838   
       657:     19710.000000           1           59.7974   
       658:     19740.000000           1           59.8156   
       659:     19770.000000           1           59.8274   
       660:     19800.000000           1           59.8257   
       661:     19830.000000           1           59.8298   
       662:     19860.000000           1           59.8397   
       663:     19890.000000           1           59.8496   
       664:     19920.000000           1           59.8558   
       665:     19950.000000           1           59.8651   
       666:     19980.000000           1          -37.8065   
       667:     20010.000000           1          -37.8301   
       668:     20040.000000           1          -37.8794   
       669:     20070.000000           1          -37.8583   
       670:     20100.000000           1          -37.8407   
       671:     20130.000000           1          -37.8593   
       672:     20160.000000           1          -37.8662   
       673:     20190.000000           1          -37.9089   
       674:     20220.000000           1          -37.9176   
       675:     20250.000000           1          -37.9363   
       676:     20280.000000           1          -37.9440   
       677:     20310.000000           1          -37.9598   
       678:     20340.000000           1          -37.9708   
       679:     20370.000000           1          -37.9565   
       680:     20400.000000           1          -37.9476   
       681:     20430.000000           1          -37.9788   
       682:     20460.000000           1          -37.9985   
       683:     20490.000000           1          -37.9905   
       684:     20520.000000           1          -37.9929   
       685:     20550.000000           1          -37.9966   
       686:     20580.000000           1          -38.0054   
       687:     20610.000000           1          -38.0191   
       688:     20640.000000           1          -38.0355   
       689:     20670.000000           1          -38.0333   
       690:     20700.000000           1          -38.0522   
       691:     20730.000000           1          -38.0784   
       692:     20760.000000           1          -38.0837   
       693:     20790.000000           1          -38.1142   
       694:     20820.000000           1          -38.1371   
       695:     20850.000000           1          -38.1637   
       696:     20880.000000           1         -439.6720   
       697:     20910.000000           1          -38.7360   
       698:     20940.000000           1          -38.4957   
       699:     20970.000000           1          -38.4483   
       700:     21000.000000           1          -38.4680   
       701:     21030.000000           1          -38.4950   
       702:     21060.000000           1          -38.5108   
       703:     21090.000000           1         -439.6322   
       704:     21120.000000           1          -38.5512   
       705:     21150.000000           1          -38.5645   
       706:     21180.000000           1          -38.5507   
       707:     21210.000000           1          -38.4469   
       708:     21240.000000           1          -38.4208   
       709:     21270.000000           1          -38.4117   
       710:     21300.000000           1          -38.3774   
       711:     21330.000000           1          -38.3686   
       712:     21360.000000           1          -38.3400   
       713:     21390.000000           1          -38.3317   
       714:     21420.000000           1          -38.3092   
       715:     21450.000000           1          -38.2944   
       716:     21480.000000           1          -38.2786   
       717:     21510.000000           1          -38.2611   
       718:     21540.000000           1          -38.2624   
       719:     21570.000000           1          -38.2564   
       720:     21600.000000           1          -38.2467   
       721:     21630.000000           1          -38.2426   
       722:     21660.000000           1          -38.2373   
       723:     21690.000000           1          -38.2413   
       724:     21720.000000           1          -38.2405   
       725:     21750.000000           1          -38.2417   
       726:     21780.000000           1          -38.2396   
       727:     21810.000000           1          -38.2429   
       728:     21840.000000           1          -38.2550   
       729:     21870.000000           1          -38.2550   
       730:     21900.000000           1          -38.2584   
       731:     21930.000000           1          -38.2590   
       732:     21960.000000           1          -38.2692   
       733:     21990.000000           1          -38.2883   
       734:     22020.000000           1          -38.2944   
       735:     22050.000000           1          -38.3150   
       736:     22080.000000           1          -38.3324   
       737:     22110.000000           1          -38.3433   
       738:     22140.000000           1          -38.3553   
       739:     22170.000000           1          -38.3460   
       740:     22200.000000           1          -38.3416   
       741:     22230.000000           1          -38.3362   
       742:     22260.000000           1          -38.3309   
       743:     22290.000000           1          -38.3272   
       744:     22320.000000           1          -38.3226   
       745:     22350.000000           1          -38.3152   
       746:     22380.000000           1          -38.3085   
       747:     22410.000000           1          -38.2984   
       748:     22440.000000           1          -38.2837   
       749:     22470.000000           1          -38.2650   
       750:     22500.000000           1          -38.2502   
       751:     22530.000000           1          -38.2364   
       752:     22560.000000           1          -38.2270   
       753:     22590.000000           1          -38.2098   
       754:     22620.000000           1          -38.1967   
       755:     22650.000000           1          -38.1893   
       756:     22680.000000           1          -38.1834   
       757:     22710.000000           1          -38.1724   
       758:     22740.000000           1          -38.1724   
       759:     22770.000000           1          -38.1696   
       760:     22800.000000           1          -38.1722   
       761:     22830.000000           1          -38.1785   
       762:     22860.000000           1          -38.1946   
       763:     22890.000000           1          -38.1902   
       764:     22920.000000           1          -38.1869   
       765:     22950.000000           1          -38.1813   
       766:     22980.000000           1          -38.1848   
       767:     23010.000000           1          -38.1815   
       768:     23040.000000           1          -38.1711   
       769:     23070.000000           1          -38.1690   
       770:     23100.000000           1          -38.1695   
       771:     23130.000000           1          -38.1674   
       772:     23160.000000           1          -38.1631   
       773:     23190.000000           1          -79.9769   
       774:     23220.000000           1          -38.1509   
       775:     23250.000000           1          -38.1397   
       776:     23280.000000           1          -38.1171   
       777:     23310.000000           1          -38.0911   
       778:     23340.000000           1          -38.0868   
       779:     23370.000000           1          -38.0810   
       780:     23400.000000           1          -38.0739   
       781:     23430.000000           1          -38.0733   
       782:     23460.000000           1          -38.0638   
       783:     23490.000000           1          -38.0489   
       784:     23520.000000           1          -38.0348   
       785:     23550.000000           1          -38.0204   
       786:     23580.000000           1          -38.0078   
       787:     23610.000000           1          -37.9925   
       788:     23640.000000           1          -79.9689   
       789:     23670.000000           1          -79.9680   
       790:     23700.000000           1          -79.9668   
       791:     23730.000000           1          -79.9598   
       792:     23760.000000           1          -79.9589   
       793:     23790.000000           1          -79.9533   
       794:     23820.000000           1          -79.9532   
       795:     23850.000000           1          -79.9583   
       796:     23880.000000           1          -79.9535   
       797:     23910.000000           1          -79.9482   
       798:     23940.000000           1          -79.9242   
       799:     23970.000000           1          -79.9133   
       800:     24000.000000           1          -79.9051   
       801:     24030.000000           1          -79.8977   
       802:     24060.000000           1          -79.8895   
       803:     24090.000000           1          -79.8850   
       804:     24120.000000           1          -79.8838   
       805:     24150.000000           1          -79.8808   
       806:     24180.000000           1          -79.8744   
       807:     24210.000000           1          -79.8586   
       808:     24240.000000           1          -79.8518   
       809:     24270.000000           1          -37.8771   
       810:     24300.000000           1          -79.8440   
       811:     24330.000000           1          -79.8371   
       812:     24360.000000           1          -79.8288   
       813:     24390.000000           1          -79.8406   
       814:     24420.000000           1          -37.8489   
       815:     24450.000000           1          -37.8371   
       816:     24480.000000           1          -37.8250   
       817:     24510.000000           1          -37.8176   
       818:     24540.000000           1          -37.8067   
       819:     24570.000000           1          -37.7994   
       820:     24600.000000           1          -37.7952   
       821:     24630.000000           1          -37.7916   
       822:     24660.000000           1          -37.7805   
       823:     24690.000000           1          -37.7834   
       824:     24720.000000           1          -37.7860   
       825:     24750.000000           1          -37.7824   
       826:     24780.000000           1          -37.7769   
       827:     24810.000000           1          -37.7748   
       828:     24840.000000           1          -37.7587   
       829:     24870.000000           1          -37.7498   
       830:     24900.000000           1          -37.7478   
       831:     24930.000000           1          -79.8404   
       832:     24960.000000           1          -79.8352   
       833:     24990.000000           1          -37.7247   
       834:     25020.000000           1          -79.8268   
       835:     25050.000000           1          -79.8083   
       836:     25080.000000           1          -79.8034   
       837:     25110.000000           1          -79.7926   
       838:     25140.000000           1          -79.7876   
       839:     25170.000000           1          -79.7872   
       840:     25200.000000           1          -79.7807   
       841:     25230.000000           1          -79.7724   
       842:     25260.000000           1          -79.7517   
       843:     25290.000000           1         -438.4390   
       844:     25320.000000           1          -79.7315   
       845:     25350.000000           1          -79.7146   
       846:     25380.000000           1          -79.7057   
       847:     25410.000000           1          -79.6969   
       848:     25440.000000           1          -79.6954   
       849:     25470.000000           1          -79.6942   
       850:     25500.000000           1          -79.6885   
       851:     25530.000000           1          -79.6919   
       852:     25560.000000           1          -79.6878   
       853:     25590.000000           1          -79.6862   
       854:     25620.000000           1          -79.6907   
       855:     25650.000000           1          -79.6802   
       856:     25680.000000           1          -79.6790   
       857:     25710.000000           1          -79.6791   
       858:     25740.000000           1          -79.6881   
       859:     25770.000000           1          -79.6877   
       860:     25800.000000           1          -79.6923   
       861:     25830.000000           1          -79.6842   
       862:     25860.000000           1          -79.6781   
       863:     25890.000000           1          -79.6665   
       864:     25920.000000           1          -37.4611   
       865:     25950.000000           1          -37.4603   
       866:     25980.000000           1          -37.4482   
       867:     26010.000000           1          -37.4376   
       868:     26040.000000           1          -37.4431   
       869:     26070.000000           1          -37.4352   
       870:     26100.000000           1          -37.4316   
       871:     26130.000000           1          -37.4267   
       872:     26160.000000           1          -37.4245   
       873:     26190.000000           1          -37.4174   
       874:     26220.000000           1          -37.4138   
       875:     26250.000000           1          -37.4122   
       876:     26280.000000           1          -37.4066   
       877:     26310.000000           1          -37.4007   
       878:     26340.000000           1          -37.3956   
       879:     26370.000000           1          -37.3856   
       880:     26400.000000           1          -37.3788   
       881:     26430.000000           1          -37.3647   
       882:     26460.000000           1          -37.3469   
       883:     26490.000000           1          -37.3377   
       884:     26520.000000           1          -37.3283   
       885:     26550.000000           1          -37.3220   
       886:     26580.000000           1          -37.3215   
       887:     26610.000000           1          -37.3152   
       888:     26640.000000           1          -37.3040   
       889:     26670.000000           1          -37.3004   
       890:     26700.000000           1          -37.3007   
       891:     26730.000000           1          -37.2939   
       892:     26760.000000           1          -37.2823   
       893:     26790.000000           1          -37.2696   
       894:     26820.000000           1          -37.2540   
       895:     26850.000000           1          -37.2519   
       896:     26880.000000           1          -37.2375   
       897:     26910.000000           1          -37.2219   
       898:     26940.000000           1          -37.2168   
       899:     26970.000000           1          -37.2046   
       900:     27000.000000           1          -37.1961   
       901:     27030.000000           1          -37.1897   
       902:     27060.000000           1          -37.1916   
       903:     27090.000000           1          -37.1875   
       904:     27120.000000           1          -37.1756   
       905:     27150.000000           1          -37.1563   
       906:     27180.000000           1          -37.1381   
       907:     27210.000000           1          -37.1214   
       908:     27240.000000           1          -37.1139   
       909:     27270.000000           1          -37.1147   
       910:     27300.000000           1          -37.1150   
       911:     27330.000000           1          -37.1172   
       912:     27360.000000           1          -37.1184   
       913:     27390.000000           1          -37.1105   
       914:     27420.000000           1          -37.1007   
       915:     27450.000000           1          -37.0905   
       916:     27480.000000           1          -37.0796   
       917:     27510.000000           1          -37.0762   
       918:     27540.000000           1          -37.0642   
       919:     27570.000000           1          -37.0496   
       920:     27600.000000           1          -37.0401   
       921:     27630.000000           1          -37.0345   
       922:     27660.000000           1          -37.0287   
       923:     27690.000000           1          -37.0159   
       924:     27720.000000           1          -37.0038   
       925:     27750.000000           1          -36.9872   
       926:     27780.000000           1          -36.9746   
       927:     27810.000000           1          -36.9702   
       928:     27840.000000           1          -36.9597   
       929:     27870.000000           1          -36.9528   
       930:     27900.000000           1          -36.9443   
       931:     27930.000000           1          -36.9342   
       932:     27960.000000           1          -36.9260   
       933:     27990.000000           1          -36.9264   
       934:     28020.000000           1          -79.1559   
       935:     28050.000000           1          -79.1514   
       936:     28080.000000           1          -79.1483   
       937:     28110.000000           1          -79.1442   
       938:     28140.000000           1          -79.1302   
       939:     28170.000000           1          -79.1135   
       940:     28200.000000           1          -79.1054   
       941:     28230.000000           1          -79.0940   
       942:     28260.000000           1         -437.6272   
       943:     28290.000000           1          -79.0874   
       944:     28320.000000           1         -437.6085   
       945:     28350.000000           1         -437.6006   
       946:     28380.000000           1         -437.5925   
       947:     28410.000000           1         -437.5918   
       948:     28440.000000           1         -437.5836   
       949:     28470.000000           1         -437.5740   
       950:     28500.000000           1         -437.5653   
       951:     28530.000000           1         -437.5530   
       952:     28560.000000           1         -437.5522   
       953:     28590.000000           1         -437.5443   
       954:     28620.000000           1         -437.5445   
       955:     28650.000000           1         -437.5338   
       956:     28680.000000           1         -437.5316   
       957:     28710.000000           1         -437.5252   
       958:     28740.000000           1         -437.5204   
       959:     28770.000000           1         -437.5129   
       960:     28800.000000           1         -437.5020   
       961:     28830.000000           1         -437.4946   
       962:     28860.000000           1         -437.4846   
       963:     28890.000000           1         -437.4697   
       964:     28920.000000           1         -437.4590   
       965:     28950.000000           1          -78.9046   
       966:     28980.000000           1          -78.9033   
       967:     29010.000000           1          -78.8917   
       968:     29040.000000           1          -78.8824   
       969:     29070.000000           1          -36.6371   
       970:     29100.000000           1          -36.6316   
       971:     29130.000000           1          -36.6232   
       972:     29160.000000           1          -36.6168   
       973:     29190.000000           1          -36.6117   
       974:     29220.000000           1          -36.6074   
       975:     29250.000000           1          -36.5988   
       976:     29280.000000           1          -36.5898   
       977:     29310.000000           1          -36.5768   
       978:     29340.000000           1          -36.5680   
       979:     29370.000000           1          -36.5561   
       980:     29400.000000           1          -36.5584   
       981:     29430.000000           1          -36.5473   
       982:     29460.000000           1          -36.5408   
       983:     29490.000000           1          -36.5380   
       984:     29520.000000           1          -36.5307   
       985:     29550.000000           1          -36.5237   
       986:     29580.000000           1          -36.5207   
       987:     29610.000000           1          -36.5115   
       988:     29640.000000           1          -36.5080   
       989:     29670.000000           1          -36.5033   
       990:     29700.000000           1          -36.4909   
       991:     29730.000000           1          -36.4816   
       992:     29760.000000           1          -36.4656   
       993:     29790.000000           1          -36.4570   
       994:     29820.000000           1          -36.4558   
       995:     29850.000000           1          -36.4529   
       996:     29880.000000           1          -36.4538   
       997:     29910.000000           1          -36.4500   
       998:     29940.000000           1          -36.4506   
       999:     29970.000000           1          -36.4433   
      1000:     30000.000000           1          -36.4414   
      1001:     30030.000000           1          -36.4329   
      1002:     30060.000000           1          -36.4331   
      1003:     30090.000000           1          -36.4244   
      1004:     30120.000000           1          -36.4233   
      1005:     30150.000000           1          -36.4194   
      1006:     30180.000000           1          -36.4282   
      1007:     30210.000000           1          -36.4296   
      1008:     30240.000000           1          -36.4228   
      1009:     30270.000000           1          -36.4159   
      1010:     30300.000000           1          -36.4134   
      1011:     30330.000000           1          -36.4057   
      1012:     30360.000000           1          -36.4047   
      1013:     30390.000000           1          -36.3968   
      1014:     30420.000000           1          -36.3822   
      1015:     30450.000000           1          -36.3792   
      1016:     30480.000000           1          -36.3670   
      1017:     30510.000000           1          -36.3601   
      1018:     30540.000000           1          -36.3466   
      1019:     30570.000000           1          -36.3424   
      1020:     30600.000000           1          -36.3406   
      1021:     30630.000000           1          -36.3308   
      1022:     30660.000000           1          -36.3250   
      1023:     30690.000000           1          -36.3200   
      1024:     30720.000000           1          -36.3077   
      1025:     30750.000000           1          -36.2981   
      1026:     30780.000000           1          -36.2849   
      1027:     30810.000000           1          -36.2708   
      1028:     30840.000000           1          -36.2680   
      1029:     30870.000000           1          -36.2592   
      1030:     30900.000000           1          -36.2453   
      1031:     30930.000000           1          -36.2344   
      1032:     30960.000000           1          -36.2260   
      1033:     30990.000000           1          -36.2314   
      1034:     31020.000000           1          -36.2303   
      1035:     31050.000000           1          -36.2305   
      1036:     31080.000000           1          -36.2261   
      1037:     31110.000000           1          -36.2194   
      1038:     31140.000000           1          -36.2163   
      1039:     31170.000000           1          -36.2184   
      1040:     31200.000000           1          -36.2127   
      1041:     31230.000000           1          -36.2048   
      1042:     31260.000000           1          -36.1920   
      1043:     31290.000000           1          -36.1840   
      1044:     31320.000000           1          -36.1767   
      1045:     31350.000000           1          -36.1748   
      1046:     31380.000000           1          -36.1775   
      1047:     31410.000000           1          -36.1714   
      1048:     31440.000000           1          -36.1653   
      1049:     31470.000000           1          -36.1610   
      1050:     31500.000000           1          -36.1603   
      1051:     31530.000000           1          -36.1559   
      1052:     31560.000000           1          -36.1474   
      1053:     31590.000000           1          -36.1318   
      1054:     31620.000000           1          -36.1211   
      1055:     31650.000000           1          -36.1096   
      1056:     31680.000000           1          -36.1053   
      1057:     31710.000000           1          -36.1011   
      1058:     31740.000000           1          -36.0921   
      1059:     31770.000000           1          -36.0864   
      1060:     31800.000000           1          -36.0770   
      1061:     31830.000000           1          -36.0670   
      1062:     31860.000000           1          -36.0556   
      1063:     31890.000000           1          -36.0476   
      1064:     31920.000000           1          -36.0433   
      1065:     31950.000000           1          -36.0400   
      1066:     31980.000000           1          -36.0333   
      1067:     32010.000000           1          -36.0356   
      1068:     32040.000000           1          -36.0381   
      1069:     32070.000000           1          -36.0416   
      1070:     32100.000000           1          -36.0392   
      1071:     32130.000000           1          -36.0303   
      1072:     32160.000000           1          -36.0248   
      1073:     32190.000000           1          -36.0144   
      1074:     32220.000000           1          -36.0125   
      1075:     32250.000000           1          -36.0064   
      1076:     32280.000000           1          -35.9976   
      1077:     32310.000000           1          -35.9952   
      1078:     32340.000000           1          -35.9873   
      1079:     32370.000000           1          -35.9839   
      1080:     32400.000000           1          -35.9820   
      1081:     32430.000000           1          -35.9866   
      1082:     32460.000000           1          -35.9805   
      1083:     32490.000000           1          -35.9775   
      1084:     32520.000000           1          -35.9714   
      1085:     32550.000000           1          -35.9654   
      1086:     32580.000000           1          -35.9567   
      1087:     32610.000000           1          -35.9556   
      1088:     32640.000000           1          -35.9488   
      1089:     32670.000000           1          -35.9432   
      1090:     32700.000000           1          -35.9325   
      1091:     32730.000000           1          -35.9293   
      1092:     32760.000000           1          -35.9160   
      1093:     32790.000000           1          -35.9179   
      1094:     32820.000000           1          -35.9208   
      1095:     32850.000000           1          -35.9193   
      1096:     32880.000000           1          -35.9100   
      1097:     32910.000000           1          -35.9119   
      1098:     32940.000000           1          -35.9028   
      1099:     32970.000000           1          -35.9006   
      1100:     33000.000000           1          -35.8926   
      1101:     33030.000000           1          -35.8857   
      1102:     33060.000000           1          -35.8832   
      1103:     33090.000000           1          -35.8766   
      1104:     33120.000000           1          -35.8747   
      1105:     33150.000000           1          -35.8701   
      1106:     33180.000000           1          -35.8621   
      1107:     33210.000000           1          -35.8559   
      1108:     33240.000000           1          -35.8490   
      1109:     33270.000000           1          -35.8399   
      1110:     33300.000000           1          -35.8319   
      1111:     33330.000000           1          -35.8237   
      1112:     33360.000000           1          -35.8176   
      1113:     33390.000000           1          -35.8091   
      1114:     33420.000000           1          -35.7962   
      1115:     33450.000000           1          -35.7853   
      1116:     33480.000000           1          -35.7725   
      1117:     33510.000000           1          -35.7591   
      1118:     33540.000000           1          -35.7515   
      1119:     33570.000000           1          -35.7401   
      1120:     33600.000000           1          -35.7307   
      1121:     33630.000000           1          -35.7224   
      1122:     33660.000000           1          -35.7226   
      1123:     33690.000000           1          -35.7252   
      1124:     33720.000000           1          -35.7212   
      1125:     33750.000000           1          -35.7134   
      1126:     33780.000000           1          -35.7084   
      1127:     33810.000000           1          -35.7018   
      1128:     33840.000000           1          -35.7038   
      1129:     33870.000000           1          -35.6960   
      1130:     33900.000000           1          -35.6945   
      1131:     33930.000000           1          -35.6932   
      1132:     33960.000000           1          -77.9349   
      1133:     33990.000000           1          -77.9282   
      1134:     34020.000000           1          -77.9161   
      1135:     34050.000000           1          -77.9084   
      1136:     34080.000000           1          -77.9007   
      1137:     34110.000000           1          -77.8987   
      1138:     34140.000000           1          -77.8971   
      1139:     34170.000000           1          -77.8885   
      1140:     34200.000000           1          -77.8794   
      1141:     34230.000000           1          -77.8810   
      1142:     34260.000000           1          -77.8795   
      1143:     34290.000000           1          -77.8800   
      1144:     34320.000000           1          -77.8707   
      1145:     34350.000000           1          -77.8615   
      1146:     34380.000000           1          -77.8537   
      1147:     34410.000000           1          -77.8547   
      1148:     34440.000000           1          -77.8518   
      1149:     34470.000000           1          -77.8435   
      1150:     34500.000000           1          -77.8261   
      1151:     34530.000000           1          -77.8233   
      1152:     34560.000000           1          -77.8096   
      1153:     34590.000000           1          -77.7932   
      1154:     34620.000000           1          -77.7883   
      1155:     34650.000000           1          -77.7861   
      1156:     34680.000000           1          -77.7802   
      1157:     34710.000000           1          -77.7759   
      1158:     34740.000000           1          -77.7750   
      1159:     34770.000000           1          -77.7731   
      1160:     34800.000000           1          -77.7681   
      1161:     34830.000000           1          -77.7618   
      1162:     34860.000000           1          -77.7582   
      1163:     34890.000000           1          -77.7502   
      1164:     34920.000000           1          -77.7445   
      1165:     34950.000000           1          -35.4740   
      1166:     34980.000000           1          -35.4650   
      1167:     35010.000000           1          -35.4614   
      1168:     35040.000000           1          -35.4576   
      1169:     35070.000000           1          -35.4551   
      1170:     35100.000000           1          -77.7187   
      1171:     35130.000000           1          -35.4436   
      1172:     35160.000000           1          -77.7000   
      1173:     35190.000000           1          -35.4319   
      1174:     35220.000000           1          -35.4237   
      1175:     35250.000000           1          -77.6835   
      1176:     35280.000000           1          -77.6758   
      1177:     35310.000000           1          -77.6649   
      1178:     35340.000000           1          -77.6615   
      1179:     35370.000000           1          -77.6542   
      1180:     35400.000000           1          -77.6422   
      1181:     35430.000000           1          -77.6374   
      1182:     35460.000000           1          -77.6286   
      1183:     35490.000000           1          -77.6196   
      1184:     35520.000000           1          -77.6089   
      1185:     35550.000000           1          -77.5994   
      1186:     35580.000000           1          -77.5912   
      1187:     35610.000000           1          -77.5836   
      1188:     35640.000000           1          -77.5746   
      1189:     35670.000000           1          -77.5664   
      1190:     35700.000000           1          -77.5635   
      1191:     35730.000000           1          -77.5559   
      1192:     35760.000000           1          -77.5479   
      1193:     35790.000000           1          -77.5393   
      1194:     35820.000000           1          -77.5271   
      1195:     35850.000000           1          -77.5123   
      1196:     35880.000000           1          -77.4989   
      1197:     35910.000000           1          -77.4929   
      1198:     35940.000000           1          -77.4861   
      1199:     35970.000000           1          -77.4800   
      1200:     36000.000000           1          -77.4667   
      1201:     36030.000000           1          -35.1994   
      1202:     36060.000000           1          -77.4603   
      1203:     36090.000000           1          -77.4630   
      1204:     36120.000000           1          -77.4625   
      1205:     36150.000000           1          -35.1874   
      1206:     36180.000000           1          -35.1889   
      1207:     36210.000000           1          -35.1934   
      1208:     36240.000000           1          -35.1897   
      1209:     36270.000000           1          -35.1954   
      1210:     36300.000000           1          -35.1858   
      1211:     36330.000000           1          -35.1833   
      1212:     36360.000000           1          -35.1855   
      1213:     36390.000000           1          -35.1812   
      1214:     36420.000000           1          -35.1736   
      1215:     36450.000000           1          -35.1685   
      1216:     36480.000000           1          -77.4311   
      1217:     36510.000000           1          -77.4255   
      1218:     36540.000000           1          -35.1575   
      1219:     36570.000000           1          -77.4209   
      1220:     36600.000000           1          -77.4138   
      1221:     36630.000000           1          -77.4053   
      1222:     36660.000000           1          -77.4048   
      1223:     36690.000000           1          -77.3921   
      1224:     36720.000000           1          -77.3916   
      1225:     36750.000000           1          -77.3843   
      1226:     36780.000000           1          -77.3782   
      1227:     36810.000000           1          -77.3737   
      1228:     36840.000000           1          -77.3717   
      1229:     36870.000000           1          -77.3669   
      1230:     36900.000000           1          -77.3587   
      1231:     36930.000000           1          -77.3580   
      1232:     36960.000000           1          -77.3560   
      1233:     36990.000000           1          -77.3508   
      1234:     37020.000000           1          -77.3456   
      1235:     37050.000000           1          -77.3442   
      1236:     37080.000000           1          -77.3411   
      1237:     37110.000000           1          -77.3350   
      1238:     37140.000000           1          -77.3344   
      1239:     37170.000000           1          -77.3345   
      1240:     37200.000000           1          -77.3408   
      1241:     37230.000000           1          -77.3416   
      1242:     37260.000000           1          -77.3379   
      1243:     37290.000000           1          -77.3292   
      1244:     37320.000000           1          -77.3272   
      1245:     37350.000000           1          -77.3164   
      1246:     37380.000000           1          -77.3098   
      1247:     37410.000000           1          -77.3009   
      1248:     37440.000000           1          -77.3006   
      1249:     37470.000000           1          -77.2918   
      1250:     37500.000000           1          -77.2815   
      1251:     37530.000000           1          -77.2766   
      1252:     37560.000000           1          -77.2778   
      1253:     37590.000000           1          -77.2698   
      1254:     37620.000000           1          -77.2654   
      1255:     37650.000000           1          -77.2602   
      1256:     37680.000000           1          -34.9961   
      1257:     37710.000000           1          -34.9947   
      1258:     37740.000000           1          -77.2490   
      1259:     37770.000000           1          -34.9800   
      1260:     37800.000000           1          -34.9704   
      1261:     37830.000000           1          -34.9643   
      1262:     37860.000000           1          -34.9589   
      1263:     37890.000000           1          -34.9525   
      1264:     37920.000000           1          -77.2089   
      1265:     37950.000000           1          -34.9400   
      1266:     37980.000000           1          -34.9343   
      1267:     38010.000000           1          -34.9335   
      1268:     38040.000000           1          -34.9266   
      1269:     38070.000000           1          -34.9250   
      1270:     38100.000000           1          -34.9134   
      1271:     38130.000000           1          -34.9085   
      1272:     38160.000000           1          -34.9123   
      1273:     38190.000000           1          -34.9050   
      1274:     38220.000000           1          -34.9050   
      1275:     38250.000000           1          -34.9043   
      1276:     38280.000000           1          -34.8999   
      1277:     38310.000000           1          -34.8920   
      1278:     38340.000000           1          -34.8892   
      1279:     38370.000000           1          -34.8869   
      1280:     38400.000000           1          -34.8935   
      1281:     38430.000000           1          -34.8913   
      1282:     38460.000000           1          -34.8922   
      1283:     38490.000000           1          -34.8910   
      1284:     38520.000000           1          -34.8874   
      1285:     38550.000000           1          -34.8757   
      1286:     38580.000000           1          -34.8719   
      1287:     38610.000000           1          -34.8714   
      1288:     38640.000000           1          -34.8653   
      1289:     38670.000000           1          -34.8663   
      1290:     38700.000000           1          -34.8665   
      1291:     38730.000000           1          -34.8580   
      1292:     38760.000000           1          -34.8538   
      1293:     38790.000000           1          -34.8531   
      1294:     38820.000000           1          -34.8596   
      1295:     38850.000000           1          -34.8534   
      1296:     38880.000000           1          -34.8463   
      1297:     38910.000000           1          -34.8430   
      1298:     38940.000000           1          -34.8399   
      1299:     38970.000000           1          -34.8349   
      1300:     39000.000000           1          -34.8306   
      1301:     39030.000000           1          -34.8298   
      1302:     39060.000000           1          -34.8245   
      1303:     39090.000000           1          -34.8217   
      1304:     39120.000000           1          -34.8075   
      1305:     39150.000000           1          -34.8046   
      1306:     39180.000000           1          -34.8069   
      1307:     39210.000000           1          -34.8072   
      1308:     39240.000000           1          -34.8012   
      1309:     39270.000000           1          -34.8037   
      1310:     39300.000000           1          -34.8032   
      1311:     39330.000000           1          -34.8010   
      1312:     39360.000000           1          -34.7976   
      1313:     39390.000000           1          -34.7980   
      1314:     39420.000000           1          -34.7978   
      1315:     39450.000000           1          -34.7965   
      1316:     39480.000000           1          -34.7970   
      1317:     39510.000000           1          -34.7897   
      1318:     39540.000000           1          -34.7890   
      1319:     39570.000000           1          -34.7827   
      1320:     39600.000000           1          -34.7805   
      1321:     39630.000000           1          -34.7730   
      1322:     39660.000000           1          -34.7708   
      1323:     39690.000000           1          -34.7695   
      1324:     39720.000000           1          -34.7707   
      1325:     39750.000000           1          -34.7678   
      1326:     39780.000000           1          -34.7651   
      1327:     39810.000000           1          -34.7595   
      1328:     39840.000000           1          -34.7548   
      1329:     39870.000000           1          -34.7529   
      1330:     39900.000000           1          -34.7515   
      1331:     39930.000000           1          -34.7478   
      1332:     39960.000000           1          -34.7431   
      1333:     39990.000000           1          -34.7462   
      1334:     40020.000000           1          -34.7511   
      1335:     40050.000000           1          -34.7460   
      1336:     40080.000000           1          -34.7449   
      1337:     40110.000000           1          -34.7365   
      1338:     40140.000000           1          -34.7395   
      1339:     40170.000000           1          -34.7391   
      1340:     40200.000000           1          -34.7354   
      1341:     40230.000000           1          -34.7312   
      1342:     40260.000000           1          -34.7252   
      1343:     40290.000000           1          -34.7243   
      1344:     40320.000000           1          -34.7188   
      1345:     40350.000000           1          -34.7167   
      1346:     40380.000000           1          -34.7142   
      1347:     40410.000000           1          -34.7070   
      1348:     40440.000000           1          -34.7080   
      1349:     40470.000000           1          -34.7040   
      1350:     40500.000000           1          -34.6990   
      1351:     40530.000000           1          -34.6933   
      1352:     40560.000000           1          -34.6884   
      1353:     40590.000000           1          -34.6877   
      1354:     40620.000000           1          -34.6833   
      1355:     40650.000000           1          -34.6776   
      1356:     40680.000000           1          -34.6737   
      1357:     40710.000000           1          -34.6670   
      1358:     40740.000000           1          -34.6638   
      1359:     40770.000000           1          -34.6653   
      1360:     40800.000000           1          -34.6616   
      1361:     40830.000000           1          -34.6619   
      1362:     40860.000000           1          -34.6609   
      1363:     40890.000000           1          -34.6580   
      1364:     40920.000000           1          -34.6561   
      1365:     40950.000000           1          -34.6525   
      1366:     40980.000000           1          -34.6500   
      1367:     41010.000000           1          -34.6444   
      1368:     41040.000000           1          -34.6416   
      1369:     41070.000000           1          -34.6387   
      1370:     41100.000000           1          -34.6369   
      1371:     41130.000000           1          -34.6316   
      1372:     41160.000000           1          -34.6296   
      1373:     41190.000000           1          -34.6259   
      1374:     41220.000000           1          -34.6290   
      1375:     41250.000000           1          -34.6296   
      1376:     41280.000000           1          -34.6304   
      1377:     41310.000000           1          -34.6260   
      1378:     41340.000000           1          -34.6264   
      1379:     41370.000000           1          -34.6304   
      1380:     41400.000000           1          -34.6326   
      1381:     41430.000000           1          -34.6300   
      1382:     41460.000000           1          -34.6283   
      1383:     41490.000000           1          -34.6217   
      1384:     41520.000000           1          -34.6215   
      1385:     41550.000000           1          -34.6210   
      1386:     41580.000000           1          -34.6223   
      1387:     41610.000000           1          -34.6228   
      1388:     41640.000000           1          -34.6222   
      1389:     41670.000000           1          -34.6215   
      1390:     41700.000000           1          -34.6196   
      1391:     41730.000000           1          -34.6253   
      1392:     41760.000000           1          -34.6294   
      1393:     41790.000000           1          -34.6325   
      1394:     41820.000000           1          -34.6306   
      1395:     41850.000000           1          -34.6344   
      1396:     41880.000000           1          -34.6357   
      1397:     41910.000000           1          -34.6332   
      1398:     41940.000000           1          -34.6311   
      1399:     41970.000000           1          -34.6339   
      1400:     42000.000000           1          -34.6319   
      1401:     42030.000000           1          -34.6295   
      1402:     42060.000000           1          -34.6295   
      1403:     42090.000000           1          -34.6303   
      1404:     42120.000000           1          -34.6315   
      1405:     42150.000000           1          -34.6365   
      1406:     42180.000000           1          -34.6376   
      1407:     42210.000000           1          -34.6389   
      1408:     42240.000000           1          -34.6398   
      1409:     42270.000000           1          -34.6455   
      1410:     42300.000000           1          -34.6476   
      1411:     42330.000000           1          -34.6455   
      1412:     42360.000000           1          -34.6478   
      1413:     42390.000000           1          -34.6561   
      1414:     42420.000000           1          -34.6581   
      1415:     42450.000000           1          -34.6606   
      1416:     42480.000000           1          -34.6627   
      1417:     42510.000000           1          -34.6658   
      1418:     42540.000000           1          -34.6640   
      1419:     42570.000000           1          -34.6626   
      1420:     42600.000000           1          -34.6620   
      1421:     42630.000000           1          -34.6579   
      1422:     42660.000000           1          -34.6523   
      1423:     42690.000000           1          -34.6500   
      1424:     42720.000000           1          -34.6517   
      1425:     42750.000000           1          -34.6456   
      1426:     42780.000000           1          -34.6353   
      1427:     42810.000000           1          -34.6312   
      1428:     42840.000000           1          -34.6298   
      1429:     42870.000000           1          -34.6297   
      1430:     42900.000000           1          -34.6297   
      1431:     42930.000000           1          -34.6260   
      1432:     42960.000000           1          -34.6266   
      1433:     42990.000000           1          -34.6282   
      1434:     43020.000000           1          -34.6253   
      1435:     43050.000000           1          -34.6269   
      1436:     43080.000000           1          -34.6265   
      1437:     43110.000000           1          -34.6234   
      1438:     43140.000000           1          -34.6206   
      1439:     43170.000000           1          -34.6179   
      1440:     43200.000000           1          -34.6127   
      1441:     43230.000000           1          -34.6069   
      1442:     43260.000000           1          -34.6056   
      1443:     43290.000000           1          -34.6020   
      1444:     43320.000000           1          -34.6024   
      1445:     43350.000000           1           42.8193   
      1446:     43380.000000           1           42.8290   
      1447:     43410.000000           1           42.8407   
      1448:     43440.000000           1           42.8370   
      1449:     43470.000000           1           42.8193   
      1450:     43500.000000           1           42.8020   
      1451:     43530.000000           1           42.7963   
      1452:     43560.000000           1           42.7926   
      1453:     43590.000000           1           42.7941   
      1454:     43620.000000           1           42.7935   
      1455:     43650.000000           1           42.7949   
      1456:     43680.000000           1           42.7838   
      1457:     43710.000000           1           42.7963   
      1458:     43740.000000           1           42.7803   
      1459:     43770.000000           1           42.7658   
      1460:     43800.000000           1           42.7660   
      1461:     43830.000000           1           42.7593   
      1462:     43860.000000           1           42.7515   
      1463:     43890.000000           1           42.7475   
      1464:     43920.000000           1           42.7496   
      1465:     43950.000000           1           42.7575   
      1466:     43980.000000           1           42.7607   
      1467:     44010.000000           1           42.7613   
      1468:     44040.000000           1           42.7628   
      1469:     44070.000000           1           42.7670   
      1470:     44100.000000           1           42.7809   
      1471:     44130.000000           1           42.7938   
