         0:         0.000000           1           60.3620   
         1:        30.000000           1           62.3553   
         2:        60.000000           1           61.1450   
         3:        90.000000           1          349.9538   
         4:       120.000000           1          350.1008   
         5:       150.000000           1          346.6604   
         6:       180.000000           1          347.2903   
         7:       210.000000           1          346.6844   
         8:       240.000000           1          347.0562   
         9:       270.000000           1          347.0939   
        10:       300.000000           1          347.0862   
        11:       330.000000           1          346.6704   
        12:       360.000000           1          347.1469   
        13:       390.000000           1          346.7665   
        14:       420.000000           1          347.0449   
        15:       450.000000           1          347.4329   
        16:       480.000000           1          347.3581   
        17:       510.000000           1          347.3591   
        18:       540.000000           1          347.3348   
        19:       570.000000           1          347.5562   
        20:       600.000000           1          347.9550   
        21:       630.000000           1          348.5411   
        22:       660.000000           1          348.6189   
        23:       690.000000           1          348.6821   
        24:       720.000000           1          348.1572   
        25:       750.000000           1          347.9942   
        26:       780.000000           1          347.8593   
        27:       810.000000           1          347.5275   
        28:       840.000000           1          347.4171   
        29:       870.000000           1           53.2799   
        30:       900.000000           1          347.2572   
        31:       930.000000           1          347.5303   
        32:       960.000000           1          347.5525   
        33:       990.000000           1          347.4739   
        34:      1020.000000           1          347.6276   
        35:      1050.000000           1          347.7002   
        36:      1080.000000           1          347.6351   
        37:      1110.000000           1         -122.5148   
        38:      1140.000000           1          347.4224   
        39:      1170.000000           1          347.6343   
        40:      1200.000000           1          347.9277   
        41:      1230.000000           1          348.1181   
        42:      1260.000000           1          348.2945   
        43:      1290.000000           1          348.2750   
        44:      1320.000000           1          348.3940   
        45:      1350.000000           1           53.5677   
        46:      1380.000000           1          348.2219   
        47:      1410.000000           1          348.1317   
        48:      1440.000000           1           53.4372   
        49:      1470.000000           1          348.1197   
        50:      1500.000000           1          347.9852   
        51:      1530.000000           1          347.9858   
        52:      1560.000000           1          348.0978   
        53:      1590.000000           1          348.2719   
        54:      1620.000000           1          348.3641   
        55:      1650.000000           1          348.4606   
        56:      1680.000000           1          348.3753   
        57:      1710.000000           1          348.4319   
        58:      1740.000000           1          348.3948   
        59:      1770.000000           1          348.4375   
        60:      1800.000000           1          348.4410   
        61:      1830.000000           1          348.4206   
        62:      1860.000000           1          348.4455   
        63:      1890.000000           1          348.3784   
        64:      1920.000000           1          348.3708   
        65:      1950.000000           1          348.3914   
        66:      1980.000000           1          348.3416   
        67:      2010.000000           1          348.2774   
        68:      2040.000000           1          348.2439   
        69:      2070.000000           1          348.1225   
        70:      2100.000000           1          348.0898   
        71:      2130.000000           1          348.0225   
        72:      2160.000000           1          347.8866   
        73:      2190.000000           1          347.8203   
        74:      2220.000000           1          347.6921   
        75:      2250.000000           1          347.7175   
        76:      2280.000000           1          347.7444   
        77:      2310.000000           1          347.8156   
        78:      2340.000000           1          347.7585   
        79:      2370.000000           1          347.7586   
        80:      2400.000000           1           52.5443   
        81:      2430.000000           1           52.5498   
        82:      2460.000000           1           52.5727   
        83:      2490.000000           1           52.5461   
        84:      2520.000000           1           52.5831   
        85:      2550.000000           1           52.7062   
        86:      2580.000000           1           52.7323   
        87:      2610.000000           1           52.8047   
        88:      2640.000000           1           52.7456   
        89:      2670.000000           1           52.8279   
        90:      2700.000000           1           52.7786   
        91:      2730.000000           1           52.8016   
        92:      2760.000000           1           52.8103   
        93:      2790.000000           1           52.8382   
        94:      2820.000000           1           52.7529   
        95:      2850.000000           1           52.8469   
        96:      2880.000000           1           52.8510   
        97:      2910.000000           1           52.8773   
        98:      2940.000000           1           52.8850   
        99:      2970.000000           1           52.9204   
       100:      3000.000000           1           52.8372   
       101:      3030.000000           1           52.8167   
       102:      3060.000000           1           52.8444   
       103:      3090.000000           1           52.8305   
       104:      3120.000000           1           52.8664   
       105:      3150.000000           1           52.9208   
       106:      3180.000000           1           52.8941   
       107:      3210.000000           1          348.0656   
       108:      3240.000000           1          348.0638   
       109:      3270.000000           1          348.0457   
       110:      3300.000000           1          348.0436   
       111:      3330.000000           1          348.0075   
       112:      3360.000000           1          347.9494   
       113:      3390.000000           1          347.9010   
       114:      3420.000000           1          347.8981   
       115:      3450.000000           1          347.9262   
       116:      3480.000000           1          347.9165   
       117:      3510.000000           1          347.8458   
       118:      3540.000000           1          347.8308   
       119:      3570.000000           1          347.8622   
       120:      3600.000000           1          347.8891   
       121:      3630.000000           1          347.9495   
       122:      3660.000000           1          348.0312   
       123:      3690.000000           1          347.9820   
       124:      3720.000000           1          347.9944   
       125:      3750.000000           1          347.9763   
       126:      3780.000000           1          347.9731   
       127:      3810.000000           1          347.9987   
       128:      3840.000000           1          348.0447   
       129:      3870.000000           1          348.0833   
       130:      3900.000000           1          348.1575   
       131:      3930.000000           1          348.1952   
       132:      3960.000000           1          348.1720   
       133:      3990.000000           1          348.1357   
       134:      4020.000000           1          348.1528   
       135:      4050.000000           1          348.1602   
       136:      4080.000000           1          348.1151   
       137:      4110.000000           1          348.1164   
       138:      4140.000000           1          348.1334   
       139:      4170.000000           1          348.1630   
       140:      4200.000000           1          348.1561   
       141:      4230.000000           1          348.1366   
       142:      4260.000000           1          348.1505   
       143:      4290.000000           1          348.1508   
       144:      4320.000000           1          348.1413   
       145:      4350.000000           1          348.1817   
       146:      4380.000000           1          348.1955   
       147:      4410.000000           1          348.1657   
       148:      4440.000000           1          348.1338   
       149:      4470.000000           1          348.1257   
       150:      4500.000000           1          348.1341   
       151:      4530.000000           1          348.1869   
       152:      4560.000000           1          348.2144   
       153:      4590.000000           1          348.2048   
       154:      4620.000000           1          348.1774   
       155:      4650.000000           1          348.1804   
       156:      4680.000000           1          348.2060   
       157:      4710.000000           1          348.2052   
       158:      4740.000000           1          348.1889   
       159:      4770.000000           1          348.1915   
       160:      4800.000000           1          348.1767   
       161:      4830.000000           1          348.1937   
       162:      4860.000000           1          348.1876   
       163:      4890.000000           1          348.2056   
       164:      4920.000000           1          348.2135   
       165:      4950.000000           1          348.1948   
       166:      4980.000000           1          348.1491   
       167:      5010.000000           1          348.1494   
       168:      5040.000000           1          348.1533   
       169:      5070.000000           1          348.1730   
       170:      5100.000000           1          348.2142   
       171:      5130.000000           1          348.2480   
       172:      5160.000000           1          348.2949   
       173:      5190.000000           1          348.3190   
       174:      5220.000000           1          348.3529   
       175:      5250.000000           1          348.3787   
       176:      5280.000000           1          348.3882   
       177:      5310.000000           1          348.3985   
       178:      5340.000000           1          348.3958   
       179:      5370.000000           1          348.3810   
       180:      5400.000000           1          348.4124   
       181:      5430.000000           1          348.4431   
       182:      5460.000000           1          348.4497   
       183:      5490.000000           1          348.4526   
       184:      5520.000000           1          348.4386   
       185:      5550.000000           1          348.4189   
       186:      5580.000000           1          348.4159   
       187:      5610.000000           1          348.3915   
       188:      5640.000000           1          348.3596   
       189:      5670.000000           1          348.3346   
       190:      5700.000000           1          348.3236   
       191:      5730.000000           1          348.2991   
       192:      5760.000000           1          348.2832   
       193:      5790.000000           1          348.2797   
       194:      5820.000000           1          348.2576   
       195:      5850.000000           1          348.2449   
       196:      5880.000000           1          348.2405   
       197:      5910.000000           1          348.2298   
       198:      5940.000000           1          348.1972   
       199:      5970.000000           1          348.2450   
       200:      6000.000000           1          348.2365   
       201:      6030.000000           1          348.2475   
       202:      6060.000000           1          348.2703   
       203:      6090.000000           1          348.3133   
       204:      6120.000000           1          348.3146   
       205:      6150.000000           1          348.3329   
       206:      6180.000000           1          348.3084   
       207:      6210.000000           1          348.2835   
       208:      6240.000000           1          348.2434   
       209:      6270.000000           1          348.2250   
       210:      6300.000000           1          348.2140   
       211:      6330.000000           1          348.2363   
       212:      6360.000000           1          348.2678   
       213:      6390.000000           1          348.2741   
       214:      6420.000000           1          348.2976   
       215:      6450.000000           1          348.3145   
       216:      6480.000000           1          348.3292   
       217:      6510.000000           1          348.3462   
       218:      6540.000000           1          348.3446   
       219:      6570.000000           1          348.3137   
       220:      6600.000000           1          348.3044   
       221:      6630.000000           1          348.3335   
       222:      6660.000000           1          348.3322   
       223:      6690.000000           1          348.3420   
       224:      6720.000000           1          348.3454   
       225:      6750.000000           1          348.3529   
       226:      6780.000000           1          348.3339   
       227:      6810.000000           1          348.3226   
       228:      6840.000000           1          348.3191   
       229:      6870.000000           1          348.3255   
       230:      6900.000000           1          348.3329   
       231:      6930.000000           1          348.3207   
       232:      6960.000000           1          348.3272   
       233:      6990.000000           1          348.3240   
       234:      7020.000000           1          348.3279   
       235:      7050.000000           1          348.3095   
       236:      7080.000000           1          348.2996   
       237:      7110.000000           1          348.2856   
       238:      7140.000000           1          348.2635   
       239:      7170.000000           1          348.2491   
       240:      7200.000000           1          348.2552   
       241:      7230.000000           1          348.2893   
       242:      7260.000000           1          348.3042   
       243:      7290.000000           1          348.3506   
       244:      7320.000000           1          348.3523   
       245:      7350.000000           1          348.3074   
       246:      7380.000000           1          348.2807   
       247:      7410.000000           1          348.2301   
       248:      7440.000000           1          348.1814   
       249:      7470.000000           1          348.1704   
       250:      7500.000000           1          348.1749   
       251:      7530.000000           1          348.1668   
       252:      7560.000000           1          348.1712   
       253:      7590.000000           1          348.1934   
       254:      7620.000000           1          348.1871   
       255:      7650.000000           1          348.1570   
       256:      7680.000000           1          348.1434   
       257:      7710.000000           1          348.1243   
       258:      7740.000000           1          348.1058   
       259:      7770.000000           1          348.0931   
       260:      7800.000000           1          348.0794   
       261:      7830.000000           1          348.0723   
       262:      7860.000000           1          348.0782   
       263:      7890.000000           1          348.0824   
       264:      7920.000000           1          348.0875   
       265:      7950.000000           1          348.0751   
       266:      7980.000000           1          348.0881   
       267:      8010.000000           1          348.0936   
       268:      8040.000000           1          348.0982   
       269:      8070.000000           1          348.1014   
       270:      8100.000000           1          348.0788   
       271:      8130.000000           1          348.0780   
       272:      8160.000000           1          348.1052   
       273:      8190.000000           1          348.1373   
       274:      8220.000000           1          348.1545   
       275:      8250.000000           1          348.1696   
       276:      8280.000000           1          348.2012   
       277:      8310.000000           1          348.2213   
       278:      8340.000000           1          348.2369   
       279:      8370.000000           1          348.2291   
       280:      8400.000000           1          348.2266   
       281:      8430.000000           1          348.2301   
       282:      8460.000000           1          348.2433   
       283:      8490.000000           1          348.2400   
       284:      8520.000000           1          348.2344   
       285:      8550.000000           1          348.2223   
       286:      8580.000000           1          348.2113   
       287:      8610.000000           1          348.2104   
       288:      8640.000000           1          348.2205   
       289:      8670.000000           1          348.2369   
       290:      8700.000000           1          348.2436   
       291:      8730.000000           1          348.2505   
       292:      8760.000000           1          348.2719   
       293:      8790.000000           1          348.2830   
       294:      8820.000000           1          348.2837   
       295:      8850.000000           1          348.2903   
       296:      8880.000000           1          348.2763   
       297:      8910.000000           1          348.2757   
       298:      8940.000000           1          348.2805   
       299:      8970.000000           1          348.2807   
       300:      9000.000000           1          348.2712   
       301:      9030.000000           1          348.2668   
       302:      9060.000000           1          348.2534   
       303:      9090.000000           1          348.2438   
       304:      9120.000000           1          348.2549   
       305:      9150.000000           1          348.2592   
       306:      9180.000000           1          348.2557   
       307:      9210.000000           1          348.2481   
       308:      9240.000000           1          348.2411   
       309:      9270.000000           1          348.2250   
       310:      9300.000000           1          348.2029   
       311:      9330.000000           1          348.1916   
       312:      9360.000000           1          348.1819   
       313:      9390.000000           1          348.1683   
       314:      9420.000000           1          348.1541   
       315:      9450.000000           1          348.1692   
       316:      9480.000000           1          348.1541   
       317:      9510.000000           1          348.1529   
       318:      9540.000000           1          348.1462   
       319:      9570.000000           1          348.1502   
       320:      9600.000000           1          348.1604   
       321:      9630.000000           1          348.1634   
       322:      9660.000000           1          348.1822   
       323:      9690.000000           1          348.1916   
       324:      9720.000000           1          348.2047   
       325:      9750.000000           1          348.2220   
       326:      9780.000000           1          348.2169   
       327:      9810.000000           1          348.2078   
       328:      9840.000000           1          348.2145   
       329:      9870.000000           1          348.2300   
       330:      9900.000000           1          348.2417   
       331:      9930.000000           1          348.2394   
       332:      9960.000000           1          348.2242   
       333:      9990.000000           1          348.2161   
       334:     10020.000000           1          348.2099   
       335:     10050.000000           1          348.2153   
       336:     10080.000000           1          348.2161   
       337:     10110.000000           1          348.2253   
       338:     10140.000000           1          348.2293   
       339:     10170.000000           1          348.2289   
       340:     10200.000000           1          348.2203   
       341:     10230.000000           1          348.2088   
       342:     10260.000000           1          348.2167   
       343:     10290.000000           1          348.2143   
       344:     10320.000000           1          348.2221   
       345:     10350.000000           1          348.2217   
       346:     10380.000000           1          348.2356   
       347:     10410.000000           1          348.2530   
       348:     10440.000000           1          348.2690   
       349:     10470.000000           1          348.2717   
       350:     10500.000000           1          348.2841   
       351:     10530.000000           1          348.2881   
       352:     10560.000000           1          348.3116   
       353:     10590.000000           1          348.3020   
       354:     10620.000000           1          348.3145   
       355:     10650.000000           1          348.3192   
       356:     10680.000000           1          348.3036   
       357:     10710.000000           1          348.2788   
       358:     10740.000000           1          348.2682   
       359:     10770.000000           1          348.2597   
       360:     10800.000000           1          348.2487   
       361:     10830.000000           1          348.2581   
       362:     10860.000000           1          348.2692   
       363:     10890.000000           1          348.2616   
       364:     10920.000000           1          348.2616   
       365:     10950.000000           1          348.2583   
       366:     10980.000000           1          348.2474   
       367:     11010.000000           1           52.9589   
       368:     11040.000000           1          348.2346   
       369:     11070.000000           1          348.2328   
       370:     11100.000000           1           52.9461   
       371:     11130.000000           1          348.2334   
       372:     11160.000000           1          348.2288   
       373:     11190.000000           1          348.2283   
       374:     11220.000000           1          348.2270   
       375:     11250.000000           1           52.9643   
       376:     11280.000000           1          348.2628   
       377:     11310.000000           1          348.2580   
       378:     11340.000000           1           52.9902   
       379:     11370.000000           1           52.9952   
       380:     11400.000000           1          348.2923   
       381:     11430.000000           1          348.3044   
       382:     11460.000000           1          348.3122   
       383:     11490.000000           1          348.2966   
       384:     11520.000000           1          348.2935   
       385:     11550.000000           1          348.3098   
       386:     11580.000000           1          348.2948   
       387:     11610.000000           1           53.0036   
       388:     11640.000000           1          348.2798   
       389:     11670.000000           1           52.9942   
       390:     11700.000000           1          348.2782   
       391:     11730.000000           1          348.2840   
       392:     11760.000000           1          348.2721   
       393:     11790.000000           1          348.2697   
       394:     11820.000000           1          348.2808   
       395:     11850.000000           1           53.0113   
       396:     11880.000000           1           53.0110   
       397:     11910.000000           1           53.0005   
       398:     11940.000000           1           52.9985   
       399:     11970.000000           1           52.9913   
       400:     12000.000000           1           52.9958   
       401:     12030.000000           1           52.9976   
       402:     12060.000000           1           52.9957   
       403:     12090.000000           1           52.9968   
       404:     12120.000000           1           52.9887   
       405:     12150.000000           1           52.9916   
       406:     12180.000000           1           59.1082   
       407:     12210.000000           1           59.1052   
       408:     12240.000000           1           59.1156   
       409:     12270.000000           1           59.1289   
       410:     12300.000000           1           59.1553   
       411:     12330.000000           1           59.1592   
       412:     12360.000000           1           59.1589   
       413:     12390.000000           1           59.1529   
       414:     12420.000000           1           59.1590   
       415:     12450.000000           1           59.1715   
       416:     12480.000000           1           59.1984   
       417:     12510.000000           1           59.2104   
       418:     12540.000000           1           59.2184   
       419:     12570.000000           1           59.2175   
       420:     12600.000000           1           59.2177   
       421:     12630.000000           1           59.2297   
       422:     12660.000000           1           59.2339   
       423:     12690.000000           1           59.2441   
       424:     12720.000000           1           59.2536   
       425:     12750.000000           1           59.2493   
       426:     12780.000000           1           59.2631   
       427:     12810.000000           1           59.2693   
       428:     12840.000000           1           59.2803   
       429:     12870.000000           1           59.2882   
       430:     12900.000000           1           59.3046   
       431:     12930.000000           1           59.3172   
       432:     12960.000000           1           59.3198   
       433:     12990.000000           1           53.2257   
       434:     13020.000000           1           53.2239   
       435:     13050.000000           1           53.2228   
       436:     13080.000000           1          348.5502   
       437:     13110.000000           1           53.2393   
       438:     13140.000000           1           53.2334   
       439:     13170.000000           1           53.2389   
       440:     13200.000000           1           53.2644   
       441:     13230.000000           1          348.5830   
       442:     13260.000000           1           53.2734   
       443:     13290.000000           1          348.5873   
       444:     13320.000000           1           53.2663   
       445:     13350.000000           1           53.2691   
       446:     13380.000000           1           53.2759   
       447:     13410.000000           1           53.2625   
       448:     13440.000000           1           53.2622   
       449:     13470.000000           1           53.2646   
       450:     13500.000000           1           53.2668   
       451:     13530.000000           1           53.2785   
       452:     13560.000000           1           53.2733   
       453:     13590.000000           1           53.2601   
       454:     13620.000000           1           53.2611   
       455:     13650.000000           1           53.2569   
       456:     13680.000000           1           53.2493   
       457:     13710.000000           1           53.2350   
       458:     13740.000000           1           53.2145   
       459:     13770.000000           1           53.2090   
       460:     13800.000000           1           53.2180   
       461:     13830.000000           1           53.2192   
       462:     13860.000000           1           53.2261   
       463:     13890.000000           1           53.2338   
       464:     13920.000000           1           53.2397   
       465:     13950.000000           1           53.2390   
       466:     13980.000000           1           53.2281   
       467:     14010.000000           1           53.2375   
       468:     14040.000000           1           53.2531   
       469:     14070.000000           1           53.2448   
       470:     14100.000000           1           53.2609   
       471:     14130.000000           1           53.2985   
       472:     14160.000000           1           53.2928   
       473:     14190.000000           1           53.2909   
       474:     14220.000000           1           53.2887   
       475:     14250.000000           1           53.2830   
       476:     14280.000000           1           53.2943   
       477:     14310.000000           1           53.2909   
       478:     14340.000000           1           53.2867   
       479:     14370.000000           1           53.2883   
       480:     14400.000000           1          348.5886   
       481:     14430.000000           1           53.2683   
       482:     14460.000000           1          348.5858   
       483:     14490.000000           1           53.2462   
       484:     14520.000000           1          348.5555   
       485:     14550.000000           1          348.5539   
       486:     14580.000000           1          348.5504   
       487:     14610.000000           1          348.5526   
       488:     14640.000000           1          348.5560   
       489:     14670.000000           1           59.3975   
       490:     14700.000000           1           59.4041   
       491:     14730.000000           1          348.5651   
       492:     14760.000000           1          348.5550   
       493:     14790.000000           1          348.5462   
       494:     14820.000000           1          348.5446   
       495:     14850.000000           1          348.5313   
       496:     14880.000000           1          348.5296   
       497:     14910.000000           1          348.5397   
       498:     14940.000000           1          348.5339   
       499:     14970.000000           1          348.5353   
       500:     15000.000000           1          348.5314   
       501:     15030.000000           1          348.5261   
       502:     15060.000000           1          348.5422   
       503:     15090.000000           1          348.5381   
       504:     15120.000000           1           59.3874   
       505:     15150.000000           1          348.5702   
       506:     15180.000000           1          348.5726   
       507:     15210.000000           1          348.5868   
       508:     15240.000000           1          348.5829   
       509:     15270.000000           1          348.5884   
       510:     15300.000000           1          348.5723   
       511:     15330.000000           1          348.5812   
       512:     15360.000000           1          348.5677   
       513:     15390.000000           1          348.5536   
       514:     15420.000000           1          348.5637   
       515:     15450.000000           1          348.5648   
       516:     15480.000000           1          348.5693   
       517:     15510.000000           1          348.5686   
       518:     15540.000000           1          348.5806   
       519:     15570.000000           1          348.5819   
       520:     15600.000000           1          348.5842   
       521:     15630.000000           1          348.5871   
       522:     15660.000000           1          348.5975   
       523:     15690.000000           1          348.5961   
       524:     15720.000000           1          348.6131   
       525:     15750.000000           1          348.6210   
       526:     15780.000000           1          348.6423   
       527:     15810.000000           1          348.6412   
       528:     15840.000000           1          348.6664   
       529:     15870.000000           1          348.6729   
       530:     15900.000000           1          348.6876   
       531:     15930.000000           1          348.6904   
       532:     15960.000000           1          348.6845   
       533:     15990.000000           1          348.6880   
       534:     16020.000000           1          348.6849   
       535:     16050.000000           1          348.6878   
       536:     16080.000000           1          348.6980   
       537:     16110.000000           1          348.6841   
       538:     16140.000000           1          348.6889   
       539:     16170.000000           1          348.6811   
       540:     16200.000000           1          348.6945   
       541:     16230.000000           1          348.6950   
       542:     16260.000000           1          348.6911   
       543:     16290.000000           1          348.6841   
       544:     16320.000000           1          348.6711   
       545:     16350.000000           1          348.6759   
       546:     16380.000000           1          348.6829   
       547:     16410.000000           1          348.6862   
       548:     16440.000000           1          348.7089   
       549:     16470.000000           1          348.7103   
       550:     16500.000000           1          348.7314   
       551:     16530.000000           1          348.7407   
       552:     16560.000000           1          348.7417   
       553:     16590.000000           1          348.7388   
       554:     16620.000000           1          348.7543   
       555:     16650.000000           1          348.7538   
       556:     16680.000000           1          348.7667   
       557:     16710.000000           1          348.7744   
       558:     16740.000000           1          348.7811   
       559:     16770.000000           1          348.7823   
       560:     16800.000000           1          348.7828   
       561:     16830.000000           1          348.7862   
       562:     16860.000000           1          348.8003   
       563:     16890.000000           1          348.7923   
       564:     16920.000000           1          348.8006   
       565:     16950.000000           1          348.7966   
       566:     16980.000000           1          348.7963   
       567:     17010.000000           1          348.8021   
       568:     17040.000000           1          348.8045   
       569:     17070.000000           1          348.8138   
       570:     17100.000000           1          348.8151   
       571:     17130.000000           1          348.8180   
       572:     17160.000000           1          348.8245   
       573:     17190.000000           1          348.8233   
       574:     17220.000000           1          348.8293   
       575:     17250.000000           1          348.8287   
       576:     17280.000000           1          348.8274   
       577:     17310.000000           1          348.8325   
       578:     17340.000000           1          348.8360   
       579:     17370.000000           1          348.8364   
       580:     17400.000000           1          348.8362   
       581:     17430.000000           1          348.8295   
       582:     17460.000000           1          348.8251   
       583:     17490.000000           1          348.8251   
       584:     17520.000000           1          348.8331   
       585:     17550.000000           1          348.8392   
       586:     17580.000000           1          348.8477   
       587:     17610.000000           1          348.8639   
       588:     17640.000000           1          348.8614   
       589:     17670.000000           1          348.8437   
       590:     17700.000000           1          348.8382   
       591:     17730.000000           1          348.8288   
       592:     17760.000000           1          348.8303   
       593:     17790.000000           1          348.8286   
       594:     17820.000000           1          348.8230   
       595:     17850.000000           1          348.8209   
       596:     17880.000000           1          348.8323   
       597:     17910.000000           1          348.8419   
       598:     17940.000000           1          348.8433   
       599:     17970.000000           1          348.8642   
       600:     18000.000000           1          348.8815   
       601:     18030.000000           1          348.8914   
       602:     18060.000000           1          348.9032   
       603:     18090.000000           1          348.9093   
       604:     18120.000000           1          348.9089   
       605:     18150.000000           1          348.9168   
       606:     18180.000000           1          348.9170   
       607:     18210.000000           1          348.9183   
       608:     18240.000000           1          348.9143   
       609:     18270.000000           1          348.9110   
       610:     18300.000000           1          348.9155   
       611:     18330.000000           1          348.9090   
       612:     18360.000000           1          348.9064   
       613:     18390.000000           1          348.9063   
       614:     18420.000000           1          348.9038   
       615:     18450.000000           1          348.9070   
       616:     18480.000000           1          348.9202   
       617:     18510.000000           1          348.9269   
       618:     18540.000000           1          348.9186   
       619:     18570.000000           1          348.9248   
       620:     18600.000000           1          348.9338   
       621:     18630.000000           1          348.9454   
       622:     18660.000000           1          348.9413   
       623:     18690.000000           1          348.9509   
       624:     18720.000000           1          348.9581   
       625:     18750.000000           1          348.9734   
       626:     18780.000000           1          348.9871   
       627:     18810.000000           1          348.9944   
       628:     18840.000000           1          349.0049   
       629:     18870.000000           1          349.0128   
       630:     18900.000000           1          349.0130   
       631:     18930.000000           1          349.0079   
       632:     18960.000000           1          349.0135   
       633:     18990.000000           1          349.0313   
       634:     19020.000000           1          349.0458   
       635:     19050.000000           1          349.0442   
       636:     19080.000000           1          349.0509   
       637:     19110.000000           1          349.0540   
       638:     19140.000000           1          349.0653   
       639:     19170.000000           1          349.0653   
       640:     19200.000000           1          349.0661   
       641:     19230.000000           1          349.0659   
       642:     19260.000000           1          349.0605   
       643:     19290.000000           1          349.0632   
       644:     19320.000000           1          349.0662   
       645:     19350.000000           1          349.0754   
       646:     19380.000000           1          349.0706   
       647:     19410.000000           1          349.0748   
       648:     19440.000000           1          349.0791   
       649:     19470.000000           1          349.0859   
       650:     19500.000000           1          349.0871   
       651:     19530.000000           1          349.0911   
       652:     19560.000000           1          349.0874   
       653:     19590.000000           1          349.0956   
       654:     19620.000000           1          349.1124   
       655:     19650.000000           1          349.1190   
       656:     19680.000000           1          349.1223   
       657:     19710.000000           1          349.1369   
       658:     19740.000000           1          349.1554   
       659:     19770.000000           1          349.1679   
       660:     19800.000000           1          349.1669   
       661:     19830.000000           1          349.1715   
       662:     19860.000000           1          349.1828   
       663:     19890.000000           1          349.1938   
       664:     19920.000000           1          349.2002   
       665:     19950.000000           1          349.2100   
       666:     19980.000000           1          349.2150   
       667:     20010.000000           1          349.2243   
       668:     20040.000000           1          349.2274   
       669:     20070.000000           1          349.2307   
       670:     20100.000000           1          349.2331   
       671:     20130.000000           1          349.2427   
       672:     20160.000000           1          349.2495   
       673:     20190.000000           1          349.2528   
       674:     20220.000000           1          349.2573   
       675:     20250.000000           1          349.2610   
       676:     20280.000000           1          349.2694   
       677:     20310.000000           1          349.2710   
       678:     20340.000000           1          349.2798   
       679:     20370.000000           1          349.2999   
       680:     20400.000000           1          349.2988   
       681:     20430.000000           1          349.2958   
       682:     20460.000000           1          349.3016   
       683:     20490.000000           1          349.3060   
       684:     20520.000000           1          349.3149   
       685:     20550.000000           1          349.3268   
       686:     20580.000000           1          349.3338   
       687:     20610.000000           1          349.3407   
       688:     20640.000000           1          349.3362   
       689:     20670.000000           1          349.3387   
       690:     20700.000000           1          349.3444   
       691:     20730.000000           1          349.3418   
       692:     20760.000000           1          349.3539   
       693:     20790.000000           1          349.3527   
       694:     20820.000000           1          349.3509   
       695:     20850.000000           1          349.3462   
       696:     20880.000000           1          349.3447   
       697:     20910.000000           1          349.3478   
       698:     20940.000000           1          349.3589   
       699:     20970.000000           1          349.3683   
       700:     21000.000000           1          349.3768   
       701:     21030.000000           1          349.3875   
       702:     21060.000000           1          349.4020   
       703:     21090.000000           1          349.4133   
       704:     21120.000000           1          349.4276   
       705:     21150.000000           1          349.4382   
       706:     21180.000000           1          349.4422   
       707:     21210.000000           1          349.4563   
       708:     21240.000000           1          349.4577   
       709:     21270.000000           1          349.4660   
       710:     21300.000000           1          349.4676   
       711:     21330.000000           1          349.4623   
       712:     21360.000000           1          349.4715   
       713:     21390.000000           1          349.4698   
       714:     21420.000000           1          349.4873   
       715:     21450.000000           1          349.4982   
       716:     21480.000000           1          349.5050   
       717:     21510.000000           1          349.5141   
       718:     21540.000000           1          349.5138   
       719:     21570.000000           1          349.5237   
       720:     21600.000000           1          349.5305   
       721:     21630.000000           1          349.5404   
       722:     21660.000000           1          349.5504   
       723:     21690.000000           1          349.5575   
       724:     21720.000000           1          349.5660   
       725:     21750.000000           1          349.5718   
       726:     21780.000000           1          349.5780   
       727:     21810.000000           1          349.5886   
       728:     21840.000000           1          349.5969   
       729:     21870.000000           1          349.6119   
       730:     21900.000000           1          349.6272   
       731:     21930.000000           1          349.6387   
       732:     21960.000000           1          349.6400   
       733:     21990.000000           1          349.6392   
       734:     22020.000000           1          349.6523   
       735:     22050.000000           1          349.6525   
       736:     22080.000000           1          349.6589   
       737:     22110.000000           1          349.6664   
       738:     22140.000000           1          349.6706   
       739:     22170.000000           1          349.6881   
       740:     22200.000000           1          349.6976   
       741:     22230.000000           1          349.7074   
       742:     22260.000000           1          349.7153   
       743:     22290.000000           1          349.7196   
       744:     22320.000000           1          349.7253   
       745:     22350.000000           1          349.7347   
       746:     22380.000000           1          349.7395   
       747:     22410.000000           1          349.7445   
       748:     22440.000000           1          349.7548   
       749:     22470.000000           1          349.7687   
       750:     22500.000000           1          349.7779   
       751:     22530.000000           1          349.7880   
       752:     22560.000000           1          349.7940   
       753:     22590.000000           1          349.8072   
       754:     22620.000000           1          349.8193   
       755:     22650.000000           1          349.8271   
       756:     22680.000000           1          349.8342   
       757:     22710.000000           1          349.8477   
       758:     22740.000000           1          349.8521   
       759:     22770.000000           1          349.8583   
       760:     22800.000000           1          349.8619   
       761:     22830.000000           1          349.8633   
       762:     22860.000000           1          349.8547   
       763:     22890.000000           1          349.8665   
       764:     22920.000000           1          349.8766   
       765:     22950.000000           1          349.8886   
       766:     22980.000000           1          349.8906   
       767:     23010.000000           1          349.8986   
       768:     23040.000000           1          349.9143   
       769:     23070.000000           1          349.9236   
       770:     23100.000000           1          349.9263   
       771:     23130.000000           1          349.9317   
       772:     23160.000000           1          349.9368   
       773:     23190.000000           1          -38.1647   
       774:     23220.000000           1          349.9530   
       775:     23250.000000           1          349.9646   
       776:     23280.000000           1          349.9854   
       777:     23310.000000           1          350.0100   
       778:     23340.000000           1          350.0147   
       779:     23370.000000           1          350.0197   
       780:     23400.000000           1          350.0265   
       781:     23430.000000           1          350.0286   
       782:     23460.000000           1          350.0377   
       783:     23490.000000           1          350.0534   
       784:     23520.000000           1          350.0675   
       785:     23550.000000           1          350.0831   
       786:     23580.000000           1          350.0972   
       787:     23610.000000           1          350.1138   
       788:     23640.000000           1          -37.9776   
       789:     23670.000000           1          -37.9684   
       790:     23700.000000           1          -37.9692   
       791:     23730.000000           1          -37.9672   
       792:     23760.000000           1          -37.9598   
       793:     23790.000000           1          -37.9429   
       794:     23820.000000           1          -37.9383   
       795:     23850.000000           1          -37.9407   
       796:     23880.000000           1          -37.9375   
       797:     23910.000000           1          -37.9338   
       798:     23940.000000           1          -37.9201   
       799:     23970.000000           1          -37.9056   
       800:     24000.000000           1          -37.9021   
       801:     24030.000000           1          -37.9054   
       802:     24060.000000           1          -37.8982   
       803:     24090.000000           1          -37.8955   
       804:     24120.000000           1          -37.8954   
       805:     24150.000000           1          -37.8942   
       806:     24180.000000           1          -37.8910   
       807:     24210.000000           1          -37.8771   
       808:     24240.000000           1          -37.8752   
       809:     24270.000000           1          350.2840   
       810:     24300.000000           1          -37.8720   
       811:     24330.000000           1          -37.8696   
       812:     24360.000000           1          -37.8610   
       813:     24390.000000           1          -37.8673   
       814:     24420.000000           1          350.3262   
       815:     24450.000000           1          350.3407   
       816:     24480.000000           1          350.3549   
       817:     24510.000000           1          350.3651   
       818:     24540.000000           1          350.3789   
       819:     24570.000000           1          350.3898   
       820:     24600.000000           1          350.3979   
       821:     24630.000000           1          350.4056   
       822:     24660.000000           1          350.4202   
       823:     24690.000000           1          350.4211   
       824:     24720.000000           1          350.4232   
       825:     24750.000000           1          350.4300   
       826:     24780.000000           1          350.4393   
       827:     24810.000000           1          350.4443   
       828:     24840.000000           1          350.4622   
       829:     24870.000000           1          350.4718   
       830:     24900.000000           1          350.4747   
       831:     24930.000000           1          -37.7378   
       832:     24960.000000           1          -37.7285   
       833:     24990.000000           1          350.4983   
       834:     25020.000000           1          -37.7130   
       835:     25050.000000           1          -37.6906   
       836:     25080.000000           1          -37.6848   
       837:     25110.000000           1          -37.6716   
       838:     25140.000000           1          -37.6623   
       839:     25170.000000           1          -37.6588   
       840:     25200.000000           1          -37.6496   
       841:     25230.000000           1          -37.6417   
       842:     25260.000000           1          -37.6185   
       843:     25290.000000           1          -79.7365   
       844:     25320.000000           1          -37.5932   
       845:     25350.000000           1          -37.5737   
       846:     25380.000000           1          -37.5625   
       847:     25410.000000           1          -37.5484   
       848:     25440.000000           1          -37.5425   
       849:     25470.000000           1          -37.5392   
       850:     25500.000000           1          -37.5295   
       851:     25530.000000           1          -37.5282   
       852:     25560.000000           1          -37.5178   
       853:     25590.000000           1          -37.5124   
       854:     25620.000000           1          -37.5124   
       855:     25650.000000           1          -37.4992   
       856:     25680.000000           1          -37.4960   
       857:     25710.000000           1          -37.4935   
       858:     25740.000000           1          -37.5004   
       859:     25770.000000           1          -37.4958   
       860:     25800.000000           1          -37.4969   
       861:     25830.000000           1          -37.4868   
       862:     25860.000000           1          -37.4813   
       863:     25890.000000           1          -37.4707   
       864:     25920.000000           1          350.7357   
       865:     25950.000000           1          350.7268   
       866:     25980.000000           1          350.7339   
       867:     26010.000000           1          350.7401   
       868:     26040.000000           1          350.7304   
       869:     26070.000000           1          350.7347   
       870:     26100.000000           1          350.7328   
       871:     26130.000000           1          350.7329   
       872:     26160.000000           1          350.7317   
       873:     26190.000000           1          350.7354   
       874:     26220.000000           1          350.7357   
       875:     26250.000000           1          350.7342   
       876:     26280.000000           1          350.7385   
       877:     26310.000000           1          350.7456   
       878:     26340.000000           1          350.7525   
       879:     26370.000000           1          350.7636   
       880:     26400.000000           1          350.7700   
       881:     26430.000000           1          350.7846   
       882:     26460.000000           1          350.8033   
       883:     26490.000000           1          350.8115   
       884:     26520.000000           1          350.8221   
       885:     26550.000000           1          350.8295   
       886:     26580.000000           1          350.8300   
       887:     26610.000000           1          350.8373   
       888:     26640.000000           1          350.8495   
       889:     26670.000000           1          350.8547   
       890:     26700.000000           1          350.8539   
       891:     26730.000000           1          350.8613   
       892:     26760.000000           1          350.8721   
       893:     26790.000000           1          350.8842   
       894:     26820.000000           1          350.9003   
       895:     26850.000000           1          350.9024   
       896:     26880.000000           1          350.9174   
       897:     26910.000000           1          350.9339   
       898:     26940.000000           1          350.9397   
       899:     26970.000000           1          350.9523   
       900:     27000.000000           1          350.9614   
       901:     27030.000000           1          350.9679   
       902:     27060.000000           1          350.9667   
       903:     27090.000000           1          350.9720   
       904:     27120.000000           1          350.9847   
       905:     27150.000000           1          351.0046   
       906:     27180.000000           1          351.0227   
       907:     27210.000000           1          351.0391   
       908:     27240.000000           1          351.0456   
       909:     27270.000000           1          351.0446   
       910:     27300.000000           1          351.0442   
       911:     27330.000000           1          351.0412   
       912:     27360.000000           1          351.0386   
       913:     27390.000000           1          351.0458   
       914:     27420.000000           1          351.0566   
       915:     27450.000000           1          351.0662   
       916:     27480.000000           1          351.0763   
       917:     27510.000000           1          351.0791   
       918:     27540.000000           1          351.0902   
       919:     27570.000000           1          351.1044   
       920:     27600.000000           1          351.1135   
       921:     27630.000000           1          351.1174   
       922:     27660.000000           1          351.1218   
       923:     27690.000000           1          351.1346   
       924:     27720.000000           1          351.1451   
       925:     27750.000000           1          351.1596   
       926:     27780.000000           1          351.1699   
       927:     27810.000000           1          351.1721   
       928:     27840.000000           1          351.1814   
       929:     27870.000000           1          351.1861   
       930:     27900.000000           1          351.1939   
       931:     27930.000000           1          351.2029   
       932:     27960.000000           1          351.2100   
       933:     27990.000000           1          351.2071   
       934:     28020.000000           1          -36.9218   
       935:     28050.000000           1          -36.9169   
       936:     28080.000000           1          -36.9135   
       937:     28110.000000           1          -36.9085   
       938:     28140.000000           1          -36.8936   
       939:     28170.000000           1          -36.8756   
       940:     28200.000000           1          -36.8652   
       941:     28230.000000           1          -36.8525   
       942:     28260.000000           1          -79.0925   
       943:     28290.000000           1          -36.8443   
       944:     28320.000000           1          -79.0769   
       945:     28350.000000           1          -79.0693   
       946:     28380.000000           1          -79.0617   
       947:     28410.000000           1          -79.0606   
       948:     28440.000000           1          -79.0515   
       949:     28470.000000           1          -79.0417   
       950:     28500.000000           1          -79.0329   
       951:     28530.000000           1          -79.0207   
       952:     28560.000000           1          -79.0203   
       953:     28590.000000           1          -79.0122   
       954:     28620.000000           1          -79.0127   
       955:     28650.000000           1          -79.0016   
       956:     28680.000000           1          -78.9994   
       957:     28710.000000           1          -78.9937   
       958:     28740.000000           1          -78.9890   
       959:     28770.000000           1          -78.9803   
       960:     28800.000000           1          -78.9681   
       961:     28830.000000           1          -78.9597   
       962:     28860.000000           1          -78.9486   
       963:     28890.000000           1          -78.9333   
       964:     28920.000000           1          -78.9227   
      2849:     85470.000000           1          -30.7987   
      2850:     85500.000000           1          -30.8003   
      2851:     85530.000000           1          -30.8023   
      2852:     85560.000000           1          -30.8032   
      2853:     85590.000000           1          -30.8034   
      2854:     85620.000000           1          -30.8055   
      2855:     85650.000000           1          -30.8076   
      2856:     85680.000000           1          -30.8117   
      2857:     85710.000000           1          -30.8135   
      2858:     85740.000000           1          -30.8152   
      2859:     85770.000000           1          -30.8177   
      2860:     85800.000000           1          -30.8204   
      2861:     85830.000000           1          -30.8218   
      2862:     85860.000000           1          -30.8239   
      2863:     85890.000000           1          -30.8249   
      2864:     85920.000000           1          -30.8259   
      2865:     85950.000000           1          -30.8292   
      2866:     85980.000000           1          -30.8319   
      2867:     86010.000000           1          -30.8349   
      2868:     86040.000000           1          169.3392   
      2869:     86070.000000           1          -30.8441   
      2870:     86100.000000           1          -30.8494   
      2871:     86130.000000           1          -30.8531   
      2872:     86160.000000           1          -30.8562   
      2873:     86190.000000           1          -30.8585   
      2874:     86220.000000           1          -30.8611   
      2875:     86250.000000           1           32.4013   
      2876:     86280.000000           1           32.3649   
      2877:     86310.000000           1           32.3220   
      2878:     86340.000000           1           32.4202   
      2879:     86370.000000           1           32.4611   
