      1847:     55410.000000           1           90.3855   
      1848:     55440.000000           1           90.8545   
      1849:     55470.000000           1           90.9693   
      1850:     55500.000000           1           90.6698   
      1851:     55530.000000           1           90.6871   
      1852:     55560.000000           1           90.7185   
      1853:     55590.000000           1           90.8953   
      1854:     55620.000000           1           91.0553   
      1855:     55650.000000           1           91.1520   
      1856:     55680.000000           1           91.2635   
      1857:     55710.000000           1           91.3323   
      1858:     55740.000000           1           91.3815   
      1861:     55830.000000           1           91.6459   
      1862:     55860.000000           1           91.6905   
      1863:     55890.000000           1           91.7730   
      1864:     55920.000000           1           91.7453   
      1865:     55950.000000           1           91.6918   
      1866:     55980.000000           1           91.6656   
      1867:     56010.000000           1         -369.7921   
      1868:     56040.000000           1         -369.8107   
      1869:     56070.000000           1         -369.8319   
      1870:     56100.000000           1         -369.8523   
      1871:     56130.000000           1         -369.8688   
      1872:     56160.000000           1         -369.8841   
      1873:     56190.000000           1         -369.8950   
      1874:     56220.000000           1         -369.9078   
      1875:     56250.000000           1         -369.9310   
      1876:     56280.000000           1         -369.9434   
      1877:     56310.000000           1         -369.9500   
      1878:     56340.000000           1         -369.9559   
      1879:     56370.000000           1         -369.9659   
      1880:     56400.000000           1         -369.9763   
      1881:     56430.000000           1         -369.9826   
      1882:     56460.000000           1         -369.9927   
      1883:     56490.000000           1         -370.0041   
      1884:     56520.000000           1         -370.0136   
      1885:     56550.000000           1         -370.0282   
      1886:     56580.000000           1         -370.0373   
      1887:     56610.000000           1         -370.0465   
      1888:     56640.000000           1         -370.0570   
      1889:     56670.000000           1         -370.0709   
      1890:     56700.000000           1         -370.0798   
      1891:     56730.000000           1           91.4551   
      1892:     56760.000000           1         -370.1031   
      1893:     56790.000000           1         -370.1151   
      1894:     56820.000000           1         -370.1232   
      1895:     56850.000000           1         -370.1373   
      1896:     56880.000000           1         -370.1471   
      1897:     56910.000000           1         -370.1541   
      1898:     56940.000000           1         -370.1619   
      1899:     56970.000000           1           91.4633   
      1900:     57000.000000           1           91.4592   
      1901:     57030.000000           1           91.4588   
      1902:     57060.000000           1           91.4557   
      1923:     57690.000000           1           91.5863   
      1926:     57780.000000           1           91.6099   
      1928:     57840.000000           1           91.6162   
      1929:     57870.000000           1         -370.3740   
      1930:     57900.000000           1         -370.3780   
      1931:     57930.000000           1         -370.3784   
      1932:     57960.000000           1         -370.3819   
      1933:     57990.000000           1         -370.3882   
      1934:     58020.000000           1         -370.3925   
      1935:     58050.000000           1         -370.3940   
      1936:     58080.000000           1         -370.3932   
      1937:     58110.000000           1         -370.3959   
      1938:     58140.000000           1         -370.3973   
      1939:     58170.000000           1         -370.3998   
      1940:     58200.000000           1         -370.4014   
      1941:     58230.000000           1         -370.4042   
      1942:     58260.000000           1         -370.4058   
      1943:     58290.000000           1         -370.4107   
      1944:     58320.000000           1         -370.4184   
      1945:     58350.000000           1         -370.4223   
      1946:     58380.000000           1         -370.4252   
      1947:     58410.000000           1         -370.4267   
      1948:     58440.000000           1         -370.4316   
      1949:     58470.000000           1         -370.4390   
      1950:     58500.000000           1         -370.4408   
      1951:     58530.000000           1         -370.4446   
      1952:     58560.000000           1         -370.4520   
      1953:     58590.000000           1         -370.4538   
      1954:     58620.000000           1         -370.4572   
      1955:     58650.000000           1         -370.4596   
      1956:     58680.000000           1         -370.4664   
      1957:     58710.000000           1         -370.4731   
      1958:     58740.000000           1         -370.4789   
      1959:     58770.000000           1         -370.4810   
      1960:     58800.000000           1         -370.4800   
      1961:     58830.000000           1         -370.4791   
      1962:     58860.000000           1         -370.4808   
      1963:     58890.000000           1         -370.4863   
      1964:     58920.000000           1         -370.4893   
      1965:     58950.000000           1         -370.4919   
      1966:     58980.000000           1         -370.4965   
      1967:     59010.000000           1         -370.4981   
      1968:     59040.000000           1         -370.5028   
      1969:     59070.000000           1         -370.5077   
      1970:     59100.000000           1         -370.5070   
      1971:     59130.000000           1         -370.5113   
      1972:     59160.000000           1         -370.5191   
      1973:     59190.000000           1         -370.5231   
      1974:     59220.000000           1         -370.5236   
      1975:     59250.000000           1         -370.5266   
      1976:     59280.000000           1         -370.5295   
      1977:     59310.000000           1         -370.5308   
      1978:     59340.000000           1         -370.5316   
      1979:     59370.000000           1         -370.5346   
      1980:     59400.000000           1         -370.5372   
      1981:     59430.000000           1         -370.5389   
      1982:     59460.000000           1         -370.5410   
      1983:     59490.000000           1         -370.5408   
      1984:     59520.000000           1         -370.5466   
      1985:     59550.000000           1         -370.5503   
      1986:     59580.000000           1         -370.5581   
      1987:     59610.000000           1         -370.5605   
      1988:     59640.000000           1         -370.5589   
      1989:     59670.000000           1         -370.5613   
      1990:     59700.000000           1         -370.5636   
      1991:     59730.000000           1         -370.5644   
      1992:     59760.000000           1         -370.5680   
      1993:     59790.000000           1         -370.5696   
      1994:     59820.000000           1           91.3915   
      1995:     59850.000000           1         -370.5712   
      1996:     59880.000000           1         -370.5743   
      1997:     59910.000000           1         -370.5797   
      1998:     59940.000000           1           91.3764   
      1999:     59970.000000           1           91.3747   
      2000:     60000.000000           1           91.3744   
      2001:     60030.000000           1           91.3735   
      2002:     60060.000000           1           91.3771   
      2003:     60090.000000           1           91.3799   
      2004:     60120.000000           1           91.3785   
      2005:     60150.000000           1           91.3842   
      2006:     60180.000000           1           91.3868   
      2007:     60210.000000           1           91.3875   
      2008:     60240.000000           1           91.3903   
      2009:     60270.000000           1           91.3927   
      2010:     60300.000000           1           91.3940   
      2011:     60330.000000           1           91.3961   
      2012:     60360.000000           1           91.4016   
      2013:     60390.000000           1           91.4001   
      2014:     60420.000000           1           91.3994   
      2015:     60450.000000           1           91.3963   
      2022:     60660.000000           1           91.3818   
      2023:     60690.000000           1           91.3832   
      2025:     60750.000000           1           91.3882   
      2027:     60810.000000           1           91.3872   
      2028:     60840.000000           1           91.3857   
      2035:     61050.000000           1           91.3997   
      2036:     61080.000000           1           91.3982   
      2037:     61110.000000           1           91.3989   
      2039:     61170.000000           1           91.3949   
      2040:     61200.000000           1           91.3898   
      2041:     61230.000000           1           91.3871   
      2042:     61260.000000           1           91.3879   
      2043:     61290.000000           1         -370.5987   
      2044:     61320.000000           1         -370.6012   
      2045:     61350.000000           1         -370.6037   
      2046:     61380.000000           1           91.3866   
      2047:     61410.000000           1         -370.5998   
      2048:     61440.000000           1         -370.5948   
      2049:     61470.000000           1           91.4059   
      2050:     61500.000000           1         -370.5908   
      2051:     61530.000000           1         -370.5884   
      2052:     61560.000000           1           91.4104   
      2053:     61590.000000           1         -370.5901   
      2054:     61620.000000           1           91.4114   
      2055:     61650.000000           1         -370.5942   
      2056:     61680.000000           1         -370.5932   
      2057:     61710.000000           1         -370.5894   
      2058:     61740.000000           1         -370.5866   
      2059:     61770.000000           1         -370.5861   
      2060:     61800.000000           1         -370.5824   
      2061:     61830.000000           1         -370.5810   
      2062:     61860.000000           1           91.4252   
      2063:     61890.000000           1           91.4281   
      2064:     61920.000000           1           91.4305   
      2065:     61950.000000           1           91.4322   
      2066:     61980.000000           1           91.4361   
      2067:     62010.000000           1         -370.5735   
      2068:     62040.000000           1         -370.5702   
      2069:     62070.000000           1           91.4484   
      2075:     62250.000000           1           91.4553   
      2078:     62340.000000           1           91.4510   
      2091:     62730.000000           1           91.4444   
      2119:     63570.000000           1           91.4912   
      2120:     63600.000000           1           91.4925   
      2146:     64380.000000           1           91.5024   
      2148:     64440.000000           1           91.5002   
      2149:     64470.000000           1           91.5009   
      2150:     64500.000000           1           91.5036   
      2151:     64530.000000           1         -370.5281   
      2152:     64560.000000           1         -370.5279   
      2153:     64590.000000           1         -370.5278   
      2154:     64620.000000           1         -370.5289   
      2155:     64650.000000           1         -370.5340   
      2156:     64680.000000           1         -370.5354   
      2157:     64710.000000           1         -370.5379   
      2158:     64740.000000           1         -370.5348   
      2159:     64770.000000           1         -370.5299   
      2160:     64800.000000           1         -370.5285   
      2161:     64830.000000           1         -370.5262   
      2162:     64860.000000           1         -370.5198   
      2163:     64890.000000           1         -370.5174   
      2164:     64920.000000           1         -370.5179   
      2165:     64950.000000           1         -370.5158   
      2166:     64980.000000           1         -370.5185   
      2167:     65010.000000           1         -370.5188   
      2168:     65040.000000           1         -370.5236   
      2169:     65070.000000           1           91.5190   
      2170:     65100.000000           1           91.5227   
      2171:     65130.000000           1         -370.5191   
      2172:     65160.000000           1           91.5282   
      2173:     65190.000000           1           91.5270   
      2174:     65220.000000           1           91.5282   
      2175:     65250.000000           1           91.5264   
      2176:     65280.000000           1           91.5232   
      2177:     65310.000000           1           91.5228   
      2178:     65340.000000           1           91.5219   
      2179:     65370.000000           1           91.5203   
      2180:     65400.000000           1           91.5230   
      2181:     65430.000000           1           91.5253   
      2182:     65460.000000           1           91.5309   
      2183:     65490.000000           1           91.5327   
      2184:     65520.000000           1           91.5380   
      2187:     65610.000000           1           91.5430   
      2188:     65640.000000           1           91.5468   
      2191:     65730.000000           1           91.5582   
      2192:     65760.000000           1           91.5599   
      2193:     65790.000000           1           91.5579   
      2194:     65820.000000           1           91.5559   
      2195:     65850.000000           1           91.5543   
      2196:     65880.000000           1           91.5561   
      2197:     65910.000000           1           91.5599   
      2198:     65940.000000           1           91.5624   
      2199:     65970.000000           1           91.5646   
      2201:     66030.000000           1           91.5720   
      2202:     66060.000000           1           91.5739   
      2203:     66090.000000           1           91.5712   
      2204:     66120.000000           1           91.5709   
      2206:     66180.000000           1           91.5690   
      2207:     66210.000000           1           91.5687   
      2208:     66240.000000           1           91.5696   
      2209:     66270.000000           1           91.5692   
      2210:     66300.000000           1           91.5700   
      2261:     67830.000000           1           91.5826   
      2262:     67860.000000           1           91.5845   
      2263:     67890.000000           1           91.5894   
      2264:     67920.000000           1           91.5851   
      2265:     67950.000000           1           91.5838   
      2266:     67980.000000           1           91.5846   
      2267:     68010.000000           1           91.5812   
      2268:     68040.000000           1           91.5840   
      2269:     68070.000000           1           91.5840   
      2270:     68100.000000           1           91.5821   
      2271:     68130.000000           1           91.5830   
      2339:     70170.000000           1         -370.5360   
      2340:     70200.000000           1         -370.5414   
      2341:     70230.000000           1         -370.5395   
      2342:     70260.000000           1         -370.5372   
      2343:     70290.000000           1         -370.5395   
      2344:     70320.000000           1         -370.5372   
      2345:     70350.000000           1         -370.5371   
      2346:     70380.000000           1         -370.5393   
      2347:     70410.000000           1         -370.5424   
      2348:     70440.000000           1         -370.5446   
      2349:     70470.000000           1         -370.5483   
      2350:     70500.000000           1         -370.5492   
      2351:     70530.000000           1         -370.5523   
      2451:     73530.000000           1         -370.5821   
      2452:     73560.000000           1         -370.5834   
      2453:     73590.000000           1         -370.5878   
      2454:     73620.000000           1         -370.5904   
      2455:     73650.000000           1         -370.5903   
      2456:     73680.000000           1         -370.5915   
      2457:     73710.000000           1         -370.5915   
      2458:     73740.000000           1         -370.5919   
      2459:     73770.000000           1         -370.5934   
      2460:     73800.000000           1         -370.5919   
      2461:     73830.000000           1         -370.5920   
      2464:     73920.000000           1         -370.5958   
      2465:     73950.000000           1         -370.5995   
      2466:     73980.000000           1         -370.6024   
      2467:     74010.000000           1         -370.6030   
      2468:     74040.000000           1         -370.6017   
      2469:     74070.000000           1         -370.6005   
      2470:     74100.000000           1         -370.6012   
      2471:     74130.000000           1         -370.6032   
      2472:     74160.000000           1         -370.6052   
      2473:     74190.000000           1         -370.6076   
      2474:     74220.000000           1         -370.6088   
      2475:     74250.000000           1         -370.6082   
      2476:     74280.000000           1         -370.6109   
      2477:     74310.000000           1         -370.6108   
      2478:     74340.000000           1         -370.6138   
      2479:     74370.000000           1         -370.6146   
      2480:     74400.000000           1         -370.6203   
      2481:     74430.000000           1         -370.6239   
      2483:     74490.000000           1         -370.6261   
      2484:     74520.000000           1         -370.6277   
      2485:     74550.000000           1         -370.6276   
      2486:     74580.000000           1         -370.6317   
      2566:     76980.000000           1         -370.7929   
      2568:     77040.000000           1         -370.7988   
      2569:     77070.000000           1         -370.8022   
      2570:     77100.000000           1         -370.8050   
      2571:     77130.000000           1         -370.8096   
      2572:     77160.000000           1         -370.8124   
      2573:     77190.000000           1         -370.8176   
      2574:     77220.000000           1         -370.8200   
      2575:     77250.000000           1         -370.8221   
      2576:     77280.000000           1         -370.8246   
      2577:     77310.000000           1         -370.8279   
      2578:     77340.000000           1         -370.8332   
      2579:     77370.000000           1         -370.8387   
      2580:     77400.000000           1         -370.8427   
      2581:     77430.000000           1         -370.8454   
      2582:     77460.000000           1         -370.8491   
      2584:     77520.000000           1         -370.8541   
      2585:     77550.000000           1         -370.8552   
      2586:     77580.000000           1         -370.8570   
      2587:     77610.000000           1         -370.8580   
      2588:     77640.000000           1         -370.8588   
      2589:     77670.000000           1         -370.8619   
      2590:     77700.000000           1         -370.8619   
      2591:     77730.000000           1         -370.8624   
      2592:     77760.000000           1         -370.8653   
      2593:     77790.000000           1         -370.8687   
      2594:     77820.000000           1         -370.8701   
      2595:     77850.000000           1         -370.8713   
      2596:     77880.000000           1         -370.8706   
      2597:     77910.000000           1         -370.8730   
      2598:     77940.000000           1         -370.8755   
      2599:     77970.000000           1         -370.8785   
      2600:     78000.000000           1         -370.8807   
      2601:     78030.000000           1         -370.8841   
      2602:     78060.000000           1         -370.8862   
      2603:     78090.000000           1         -370.8895   
      2604:     78120.000000           1         -370.8918   
      2605:     78150.000000           1         -370.8972   
      2606:     78180.000000           1         -370.9021   
      2607:     78210.000000           1         -370.9075   
      2608:     78240.000000           1         -370.9103   
      2654:     79620.000000           1         -371.0418   
      2655:     79650.000000           1         -371.0462   
      2656:     79680.000000           1         -371.0499   
      2657:     79710.000000           1         -371.0559   
      2658:     79740.000000           1         -371.0567   
