       234:      7020.000000           1          -45.4260   
       235:      7050.000000           1          -45.4444   
       236:      7080.000000           1          -45.4552   
       251:      7530.000000           1          -45.5897   
       252:      7560.000000           1          -45.5850   
       253:      7590.000000           1          -45.5629   
       254:      7620.000000           1          -45.5682   
       255:      7650.000000           1          -45.5973   
       256:      7680.000000           1          -45.6093   
       257:      7710.000000           1          -45.6267   
       258:      7740.000000           1          -45.6440   
       259:      7770.000000           1          -45.6561   
       260:      7800.000000           1          -45.6693   
       261:      7830.000000           1          142.5023   
       262:      7860.000000           1          142.5082   
       263:      7890.000000           1          142.5116   
       264:      7920.000000           1          142.5132   
       265:      7950.000000           1          142.4977   
       266:      7980.000000           1          142.5079   
       267:      8010.000000           1          142.5130   
       268:      8040.000000           1          142.5153   
       269:      8070.000000           1          142.5174   
       270:      8100.000000           1          142.4975   
       271:      8130.000000           1          142.4986   
       272:      8160.000000           1          142.5247   
       273:      8190.000000           1          142.5560   
       274:      8220.000000           1          142.5702   
       275:      8250.000000           1          142.5811   
       276:      8280.000000           1          142.6083   
       277:      8310.000000           1          142.6250   
       278:      8340.000000           1          142.6360   
       279:      8370.000000           1          142.6250   
       280:      8400.000000           1          142.6208   
       281:      8430.000000           1          142.6233   
       282:      8460.000000           1          142.6357   
       283:      8490.000000           1          142.6318   
       284:      8520.000000           1          -45.5239   
       285:      8550.000000           1          -45.5352   
       286:      8580.000000           1          -45.5447   
       287:      8610.000000           1          -45.5449   
       288:      8640.000000           1          -45.5343   
       289:      8670.000000           1          -45.5181   
       290:      8700.000000           1          -45.5110   
       291:      8730.000000           1          -45.5038   
       292:      8760.000000           1          -45.4823   
       293:      8790.000000           1          -45.4714   
       294:      8820.000000           1          -45.4705   
       295:      8850.000000           1          -45.4646   
       296:      8880.000000           1          -23.2881   
       297:      8910.000000           1          -23.3163   
       298:      8940.000000           1          -23.4251   
       299:      8970.000000           1          -23.4289   
       300:      9000.000000           1          -23.4590   
       301:      9030.000000           1          -23.5128   
       302:      9060.000000           1          -23.5120   
       303:      9090.000000           1          -23.5217   
       304:      9120.000000           1          -23.5387   
       305:      9150.000000           1          -23.5484   
       306:      9180.000000           1          -23.5523   
       307:      9210.000000           1          -23.5766   
       308:      9240.000000           1          -23.5723   
       309:      9270.000000           1          -23.6048   
       310:      9300.000000           1          -23.6305   
       311:      9330.000000           1          -45.5637   
       312:      9360.000000           1          -23.7615   
       313:      9390.000000           1          -23.6892   
       314:      9420.000000           1          -23.7949   
       315:      9450.000000           1          -23.7984   
       316:      9480.000000           1          -23.8236   
       317:      9510.000000           1          -23.8593   
       318:      9540.000000           1          -23.9111   
       319:      9570.000000           1          -23.9133   
       320:      9600.000000           1          -23.9220   
       321:      9630.000000           1          -23.9236   
       322:      9660.000000           1          -23.9094   
       323:      9690.000000           1          -23.9067   
       324:      9720.000000           1          -23.9070   
       325:      9750.000000           1          -23.8821   
       326:      9780.000000           1          -23.8846   
       327:      9810.000000           1          -23.8955   
       328:      9840.000000           1          -23.8974   
       329:      9870.000000           1          -23.8912   
       330:      9900.000000           1          -23.8879   
       331:      9930.000000           1          -23.9030   
       332:      9960.000000           1          -23.9277   
       333:      9990.000000           1          -23.9386   
       334:     10020.000000           1          -23.9529   
       335:     10050.000000           1          -23.9564   
       336:     10080.000000           1          -23.9647   
       337:     10110.000000           1          -23.9625   
       338:     10140.000000           1          -23.9590   
       339:     10170.000000           1          -23.9634   
       340:     10200.000000           1          -23.9801   
       341:     10230.000000           1          -23.9897   
       342:     10260.000000           1          -23.9866   
       343:     10290.000000           1          -23.9863   
       344:     10320.000000           1          -23.9841   
       345:     10350.000000           1          -23.9905   
       346:     10380.000000           1          -23.9786   
       347:     10410.000000           1          -23.9697   
       348:     10440.000000           1          -23.9580   
       349:     10470.000000           1          -23.9612   
       350:     10500.000000           1          -23.9500   
       351:     10530.000000           1          -23.9484   
       352:     10560.000000           1          -23.9273   
       353:     10590.000000           1          -23.9381   
       354:     10620.000000           1          -23.9224   
       355:     10650.000000           1          -23.9221   
       356:     10680.000000           1          -23.9418   
       357:     10710.000000           1          -23.9719   
       358:     10740.000000           1          -23.9871   
       359:     10770.000000           1          -23.9992   
       360:     10800.000000           1          -24.0127   
       361:     10830.000000           1          -24.0093   
       362:     10860.000000           1          -24.0018   
       363:     10890.000000           1          -24.0108   
       364:     10920.000000           1          -24.0119   
       365:     10950.000000           1          -24.0166   
       366:     10980.000000           1          -24.0261   
       367:     11010.000000           1          -45.5367   
       368:     11040.000000           1          -24.0386   
       369:     11070.000000           1          -24.0417   
       370:     11100.000000           1          -45.5476   
       371:     11130.000000           1          -24.0463   
       372:     11160.000000           1          -24.0519   
       373:     11190.000000           1          -24.0541   
       374:     11220.000000           1          -24.0571   
       375:     11250.000000           1          -45.5283   
       376:     11280.000000           1          -24.0269   
       377:     11310.000000           1          -24.0329   
       378:     11340.000000           1          -45.5008   
       379:     11370.000000           1          -45.4952   
       380:     11400.000000           1          -23.9986   
       381:     11430.000000           1          -23.9886   
       382:     11460.000000           1          -23.9819   
       383:     11490.000000           1          -23.9994   
       384:     11520.000000           1          -24.0029   
       385:     11550.000000           1          -23.9883   
       386:     11580.000000           1          -24.0061   
       387:     11610.000000           1          -45.4840   
       388:     11640.000000           1          -24.0269   
       389:     11670.000000           1          -45.4937   
       390:     11700.000000           1          -24.0352   
       391:     11730.000000           1          -24.0326   
       392:     11760.000000           1          -24.0489   
       393:     11790.000000           1          -24.0531   
       394:     11820.000000           1          -24.0442   
       395:     11850.000000           1          -45.4777   
       396:     11880.000000           1          -45.4779   
       397:     11910.000000           1          -45.4883   
       398:     11940.000000           1          -45.4901   
       399:     11970.000000           1          -45.4968   
       400:     12000.000000           1          -45.4917   
       401:     12030.000000           1          -45.4891   
       402:     12060.000000           1          -45.4900   
       403:     12090.000000           1          -45.4881   
       404:     12120.000000           1          -45.4948   
       405:     12150.000000           1          -45.4914   
       423:     12690.000000           1          -45.3327   
       424:     12720.000000           1          -45.3243   
       425:     12750.000000           1          -45.3292   
       426:     12780.000000           1          -45.3163   
       427:     12810.000000           1          -45.3113   
       428:     12840.000000           1          -45.3031   
       429:     12870.000000           1          -45.2965   
       430:     12900.000000           1          -45.2819   
       431:     12930.000000           1          -45.2693   
       432:     12960.000000           1          -45.2677   
       433:     12990.000000           1          -23.8272   
       434:     13020.000000           1          -23.8269   
       435:     13050.000000           1          -23.8268   
       436:     13080.000000           1          112.4351   
       437:     13110.000000           1          -23.8068   
       438:     13140.000000           1          -23.8118   
       439:     13170.000000           1          -23.8051   
       440:     13200.000000           1          -23.7779   
       441:     13230.000000           1          112.4708   
       442:     13260.000000           1          -23.7677   
       443:     13290.000000           1          112.4787   
       444:     13320.000000           1          -23.7774   
       445:     13350.000000           1          -23.7754   
       446:     13380.000000           1          -23.7697   
       447:     13410.000000           1          -23.7836   
       448:     13440.000000           1          -23.7853   
       449:     13470.000000           1          -23.7838   
       450:     13500.000000           1          -23.7822   
       451:     13530.000000           1          -23.7687   
       452:     13560.000000           1          -23.7744   
       453:     13590.000000           1          -23.7881   
       454:     13620.000000           1          -23.7859   
       455:     13650.000000           1          -23.7902   
       456:     13680.000000           1          -23.7974   
       457:     13710.000000           1          -23.8119   
       458:     13740.000000           1          -23.8331   
       459:     13770.000000           1          -23.8381   
       460:     13800.000000           1          -23.8272   
       461:     13830.000000           1          -23.8242   
       462:     13860.000000           1          -23.8169   
       463:     13890.000000           1          -23.8078   
       464:     13920.000000           1          -23.8004   
       465:     13950.000000           1          -23.8017   
       466:     13980.000000           1          -23.8132   
       467:     14010.000000           1          -23.8032   
       468:     14040.000000           1          -23.7866   
       469:     14070.000000           1          -23.7947   
       470:     14100.000000           1          -23.7785   
       471:     14130.000000           1          -23.7392   
       472:     14160.000000           1          -23.7449   
       473:     14190.000000           1          -23.7465   
       474:     14220.000000           1          -23.7478   
       475:     14250.000000           1          -23.7526   
       476:     14280.000000           1          -23.7414   
       477:     14310.000000           1          -23.7444   
       478:     14340.000000           1          -23.7481   
       479:     14370.000000           1          -23.7437   
       480:     14400.000000           1          112.5100   
       481:     14430.000000           1          -23.7616   
       482:     14460.000000           1          112.5078   
       483:     14490.000000           1          -23.7827   
       484:     14520.000000           1          112.4779   
       485:     14550.000000           1          -23.8015   
       486:     14580.000000           1          -23.8047   
       487:     14610.000000           1          -23.8026   
       488:     14640.000000           1          -23.7985   
       489:     14670.000000           1          -45.2252   
       490:     14700.000000           1          -45.2177   
       491:     14730.000000           1          -23.7867   
       492:     14760.000000           1          -23.7963   
       493:     14790.000000           1          -23.8048   
       494:     14820.000000           1          -23.8063   
       495:     14850.000000           1          -23.8195   
       496:     14880.000000           1          -23.8213   
       497:     14910.000000           1          -23.8106   
       498:     14940.000000           1          -23.8164   
       499:     14970.000000           1          -23.8158   
       500:     15000.000000           1          -23.8195   
       501:     15030.000000           1          -23.8255   
       502:     15060.000000           1          -23.8099   
       503:     15090.000000           1          -23.8144   
       504:     15120.000000           1          -45.2283   
       505:     15150.000000           1          -23.7831   
       506:     15180.000000           1          -23.7814   
       507:     15210.000000           1          -23.7680   
       508:     15240.000000           1          -23.7732   
       509:     15270.000000           1          -23.7687   
       510:     15300.000000           1          -23.7864   
       511:     15330.000000           1          -23.7782   
       512:     15360.000000           1          112.5035   
       513:     15390.000000           1          112.4896   
       514:     15420.000000           1          112.5001   
       515:     15450.000000           1          112.5015   
       516:     15480.000000           1          112.5064   
       517:     15510.000000           1          112.5062   
       518:     15540.000000           1          112.5186   
       519:     15570.000000           1          112.5202   
       520:     15600.000000           1          112.5230   
       521:     15630.000000           1          112.5265   
       522:     15660.000000           1          112.5377   
       523:     15690.000000           1          112.5371   
       524:     15720.000000           1          112.5551   
       525:     15750.000000           1          112.5639   
       526:     15780.000000           1          112.5862   
       527:     15810.000000           1          112.5856   
       528:     15840.000000           1          112.6110   
       529:     15870.000000           1          112.6178   
       530:     15900.000000           1          112.6325   
       531:     15930.000000           1          112.6352   
       532:     15960.000000           1          112.6289   
       533:     15990.000000           1          112.6320   
       534:     16020.000000           1          112.6286   
       535:     16050.000000           1          112.6312   
       536:     16080.000000           1          112.6412   
       537:     16110.000000           1          112.6270   
       538:     16140.000000           1          112.6318   
       539:     16170.000000           1          112.6242   
       540:     16200.000000           1          112.6379   
       541:     16230.000000           1          112.6390   
       542:     16260.000000           1          112.6354   
       543:     16290.000000           1          112.6289   
       544:     16320.000000           1          112.6164   
       545:     16350.000000           1          112.6214   
       546:     16380.000000           1          112.6288   
       547:     16410.000000           1          112.6323   
       548:     16440.000000           1          112.6556   
       549:     16470.000000           1          112.6574   
       550:     16500.000000           1          112.6791   
       551:     16530.000000           1          112.6891   
       552:     16560.000000           1          112.6906   
       553:     16590.000000           1          112.6881   
       554:     16620.000000           1          112.7041   
       555:     16650.000000           1          112.7040   
       556:     16680.000000           1          112.7173   
       557:     16710.000000           1          112.7255   
       558:     16740.000000           1          112.7325   
       559:     16770.000000           1          112.7340   
       560:     16800.000000           1          112.7350   
       561:     16830.000000           1          112.7386   
       562:     16860.000000           1          112.7531   
       563:     16890.000000           1          112.7454   
       564:     16920.000000           1          112.7540   
       565:     16950.000000           1          112.7502   
       566:     16980.000000           1          112.7503   
       567:     17010.000000           1          112.7564   
       568:     17040.000000           1          112.7592   
       569:     17070.000000           1          112.7691   
       570:     17100.000000           1          112.7710   
       571:     17130.000000           1          112.7745   
       572:     17160.000000           1          112.7814   
       573:     17190.000000           1          -23.5379   
       574:     17220.000000           1          112.7872   
       575:     17250.000000           1          -23.5329   
       576:     17280.000000           1          -23.5344   
       577:     17310.000000           1          -23.5293   
       578:     17340.000000           1          -23.5259   
       579:     17370.000000           1          -23.5248   
       580:     17400.000000           1          -23.5251   
       581:     17430.000000           1          -23.5317   
       582:     17460.000000           1          -23.5363   
       583:     17490.000000           1          -23.5366   
       584:     17520.000000           1          -23.5286   
       585:     17550.000000           1          -23.5226   
       586:     17580.000000           1          -23.5141   
       587:     17610.000000           1          -23.4975   
       588:     17640.000000           1          -23.4999   
       589:     17670.000000           1          -23.5176   
       590:     17700.000000           1          -23.5229   
       591:     17730.000000           1          -23.5320   
       592:     17760.000000           1          -23.5301   
       593:     17790.000000           1          -23.5314   
       594:     17820.000000           1          -23.5367   
       595:     17850.000000           1          -23.5383   
       596:     17880.000000           1          -23.5263   
       597:     17910.000000           1          -23.5162   
       598:     17940.000000           1          -23.5145   
       599:     17970.000000           1          -23.4929   
       600:     18000.000000           1          112.8494   
       601:     18030.000000           1          112.8600   
       602:     18060.000000           1          112.8727   
       603:     18090.000000           1          112.8795   
       604:     18120.000000           1          112.8798   
       605:     18150.000000           1          112.8881   
       606:     18180.000000           1          112.8889   
       607:     18210.000000           1          112.8906   
       608:     18240.000000           1          112.8866   
       609:     18270.000000           1          112.8841   
       610:     18300.000000           1          112.8890   
       611:     18330.000000           1          112.8829   
       612:     18360.000000           1          112.8808   
       613:     18390.000000           1          112.8810   
       614:     18420.000000           1          112.8791   
       615:     18450.000000           1          112.8825   
       616:     18480.000000           1          112.8966   
       617:     18510.000000           1          112.9037   
       618:     18540.000000           1          112.8959   
       619:     18570.000000           1          112.9026   
       620:     18600.000000           1          112.9122   
       621:     18630.000000           1          112.9245   
       622:     18660.000000           1          112.9208   
       623:     18690.000000           1          112.9310   
       624:     18720.000000           1          112.9388   
       625:     18750.000000           1          112.9549   
       626:     18780.000000           1          -23.3668   
       627:     18810.000000           1          112.9771   
       628:     18840.000000           1          112.9883   
       629:     18870.000000           1          -23.3400   
       630:     18900.000000           1          -23.3393   
       631:     18930.000000           1          -23.3443   
       632:     18960.000000           1          -23.3384   
       633:     18990.000000           1          -23.3200   
       634:     19020.000000           1          -23.3051   
       635:     19050.000000           1          -23.3064   
       636:     19080.000000           1          -23.2997   
       637:     19110.000000           1          -23.2966   
       638:     19140.000000           1          -23.2855   
       639:     19170.000000           1          -23.2856   
       640:     19200.000000           1          -23.2848   
       641:     19230.000000           1          -23.2848   
       642:     19260.000000           1          -23.2903   
       643:     19290.000000           1          -23.2876   
       644:     19320.000000           1          -23.2846   
       645:     19350.000000           1          -23.2756   
       646:     19380.000000           1          -23.2808   
       647:     19410.000000           1          -23.2768   
       648:     19440.000000           1          -23.2726   
       649:     19470.000000           1         -340.5309   
       650:     19500.000000           1          -23.2644   
       651:     19530.000000           1          -23.2603   
       652:     19560.000000           1          -23.2638   
       653:     19590.000000           1          -23.2553   
       654:     19620.000000           1          -23.2382   
       655:     19650.000000           1          -23.2314   
       656:     19680.000000           1         -340.5327   
       657:     19710.000000           1          -23.2133   
       658:     19740.000000           1          -23.1934   
       659:     19770.000000           1          -23.1804   
       660:     19800.000000           1          -23.1815   
       661:     19830.000000           1          -23.1764   
       662:     19860.000000           1          -23.1652   
       663:     19890.000000           1          -23.1542   
       664:     19920.000000           1          -23.1479   
       665:     19950.000000           1          -23.1383   
       666:     19980.000000           1          113.2128   
       667:     20010.000000           1          113.2225   
       668:     20040.000000           1          113.2260   
       669:     20070.000000           1          113.2298   
       670:     20100.000000           1          113.2326   
       671:     20130.000000           1          113.2425   
       672:     20160.000000           1          113.2495   
       673:     20190.000000           1          113.2530   
       674:     20220.000000           1          113.2577   
       675:     20250.000000           1          113.2615   
       676:     20280.000000           1          113.2702   
       677:     20310.000000           1          113.2720   
       678:     20340.000000           1          113.2812   
       679:     20370.000000           1          113.3017   
       680:     20400.000000           1          113.3008   
       681:     20430.000000           1          113.2979   
       682:     20460.000000           1          113.3040   
       683:     20490.000000           1          113.3085   
       684:     20520.000000           1          113.3177   
       685:     20550.000000           1          -23.0242   
       686:     20580.000000           1          -23.0169   
       687:     20610.000000           1          -23.0096   
       688:     20640.000000           1          -23.0138   
       689:     20670.000000           1          -23.0107   
       690:     20700.000000           1          -23.0046   
       691:     20730.000000           1          -23.0068   
       692:     20760.000000           1          -22.9942   
       693:     20790.000000           1          -22.9953   
       694:     20820.000000           1          -22.9967   
       695:     20850.000000           1          -23.0013   
       696:     20880.000000           1         -340.5134   
       697:     20910.000000           1          -22.9994   
       698:     20940.000000           1          -22.9881   
       699:     20970.000000           1          -22.9787   
       700:     21000.000000           1          -22.9702   
       701:     21030.000000           1          -22.9595   
       702:     21060.000000           1          -22.9448   
       703:     21090.000000           1         -340.4801   
       704:     21120.000000           1          -22.9193   
       705:     21150.000000           1          -22.9089   
       706:     21180.000000           1          -22.9047   
       707:     21210.000000           1          -22.8902   
       708:     21240.000000           1          -22.8888   
       709:     21270.000000           1          -22.8802   
       710:     21300.000000           1          -22.8785   
       711:     21330.000000           1          -22.8835   
       712:     21360.000000           1          -22.8740   
       713:     21390.000000           1          -22.8756   
       714:     21420.000000           1          -22.8576   
       715:     21450.000000           1          -22.8463   
       716:     21480.000000           1          113.5173   
       717:     21510.000000           1          113.5270   
       718:     21540.000000           1          113.5269   
       719:     21570.000000           1          113.5372   
       720:     21600.000000           1          113.5444   
       721:     21630.000000           1          113.5547   
       722:     21660.000000           1          113.5651   
       723:     21690.000000           1          113.5726   
       724:     21720.000000           1          113.5813   
       725:     21750.000000           1          113.5872   
       726:     21780.000000           1          113.5935   
       727:     21810.000000           1          -22.7499   
       728:     21840.000000           1          -22.7416   
       729:     21870.000000           1          113.6281   
       730:     21900.000000           1          -22.7113   
       731:     21930.000000           1          -22.6998   
       732:     21960.000000           1          -22.6987   
       733:     21990.000000           1          -22.6998   
       734:     22020.000000           1          -22.6867   
       735:     22050.000000           1          -22.6865   
       736:     22080.000000           1          -22.6801   
       737:     22110.000000           1          -22.6724   
       738:     22140.000000           1          -22.6681   
       739:     22170.000000           1          -22.6505   
       740:     22200.000000           1          -22.6410   
       741:     22230.000000           1          -22.6312   
       742:     22260.000000           1          -22.6234   
       743:     22290.000000           1          -22.6189   
       744:     22320.000000           1          -22.6130   
       745:     22350.000000           1          -22.6032   
       746:     22380.000000           1          -22.5980   
       747:     22410.000000           1          -22.5927   
       748:     22440.000000           1          -22.5820   
       749:     22470.000000           1          -22.5675   
       750:     22500.000000           1          -22.5576   
       751:     22530.000000           1          -22.5472   
       752:     22560.000000           1          -22.5409   
       753:     22590.000000           1          -22.5274   
       754:     22620.000000           1          -22.5151   
       755:     22650.000000           1          -22.5069   
       756:     22680.000000           1          -22.4994   
       757:     22710.000000           1          -22.4854   
       758:     22740.000000           1          -22.4805   
       759:     22770.000000           1          -22.4741   
       760:     22800.000000           1          -22.4704   
       761:     22830.000000           1          113.8865   
       762:     22860.000000           1          113.8777   
       763:     22890.000000           1          -22.4666   
       764:     22920.000000           1          113.8999   
       765:     22950.000000           1          113.9120   
       766:     22980.000000           1          113.9140   
       767:     23010.000000           1          113.9222   
       768:     23040.000000           1          113.9382   
       769:     23070.000000           1          113.9478   
       770:     23100.000000           1          113.9507   
       771:     23130.000000           1          113.9562   
       772:     23160.000000           1          113.9614   
       773:     23190.000000           1          -22.3971   
       774:     23220.000000           1          113.9777   
       775:     23250.000000           1          113.9895   
       776:     23280.000000           1          114.0106   
       777:     23310.000000           1          114.0356   
       778:     23340.000000           1          114.0406   
       779:     23370.000000           1          114.0459   
       780:     23400.000000           1          114.0529   
       781:     23430.000000           1          114.0552   
       782:     23460.000000           1          114.0644   
       783:     23490.000000           1          114.0802   
       784:     23520.000000           1          114.0946   
       785:     23550.000000           1          114.1102   
       786:     23580.000000           1          114.1246   
       787:     23610.000000           1          114.1413   
       788:     23640.000000           1          -22.1977   
       789:     23670.000000           1          -22.1866   
       790:     23700.000000           1          -22.1848   
       791:     23730.000000           1          -22.1804   
       792:     23760.000000           1          -22.1704   
       793:     23790.000000           1          -22.1523   
       794:     23820.000000           1          -22.1445   
       795:     23850.000000           1          -22.1442   
       796:     23880.000000           1          -22.1384   
       797:     23910.000000           1          -22.1324   
       798:     23940.000000           1          -22.1165   
       799:     23970.000000           1          -22.1005   
       800:     24000.000000           1          -22.0970   
       801:     24030.000000           1          -22.0984   
       802:     24060.000000           1          -22.0895   
       803:     24090.000000           1         -339.8584   
       804:     24120.000000           1         -339.8549   
       805:     24150.000000           1         -339.8492   
       806:     24180.000000           1         -339.8424   
       807:     24210.000000           1         -339.8263   
       808:     24240.000000           1         -339.8226   
       809:     24270.000000           1          -22.0474   
       810:     24300.000000           1         -339.8185   
       811:     24330.000000           1         -339.8146   
       812:     24360.000000           1         -339.8029   
       813:     24390.000000           1         -339.8056   
       814:     24420.000000           1          -22.0046   
       815:     24450.000000           1          -21.9898   
       816:     24480.000000           1          -21.9756   
       817:     24510.000000           1          -21.9651   
       818:     24540.000000           1          -21.9510   
       819:     24570.000000           1          -21.9398   
       820:     24600.000000           1          -21.9319   
       821:     24630.000000           1          -21.9241   
       822:     24660.000000           1          -21.9095   
       823:     24690.000000           1          -21.9088   
       824:     24720.000000           1          -21.9068   
       825:     24750.000000           1          -21.9001   
       826:     24780.000000           1          -21.8910   
       827:     24810.000000           1          -21.8860   
       828:     24840.000000           1          -21.8683   
       829:     24870.000000           1          -21.8589   
       830:     24900.000000           1          -21.8559   
       831:     24930.000000           1         -339.6163   
       832:     24960.000000           1         -339.6055   
       833:     24990.000000           1          -21.8324   
       834:     25020.000000           1         -339.5908   
       835:     25050.000000           1         -339.5694   
       836:     25080.000000           1         -339.5634   
       837:     25110.000000           1         -339.5519   
       838:     25140.000000           1         -339.5427   
       839:     25170.000000           1         -339.5405   
       840:     25200.000000           1         -339.5329   
       841:     25230.000000           1         -339.5258   
      1216:     36480.000000           1           33.8869   
      1217:     36510.000000           1           33.8858   
      1219:     36570.000000           1           33.8761   
      1220:     36600.000000           1           33.8842   
      1221:     36630.000000           1           33.8894   
      1222:     36660.000000           1           33.8850   
      1223:     36690.000000           1           33.9011   
      1224:     36720.000000           1           33.8959   
      1225:     36750.000000           1           33.9013   
      1226:     36780.000000           1           33.9064   
      1227:     36810.000000           1           33.9129   
      1228:     36840.000000           1           33.9106   
      1229:     36870.000000           1           33.9066   
      1230:     36900.000000           1           33.9078   
      1231:     36930.000000           1           33.9103   
      1232:     36960.000000           1           33.9121   
      1233:     36990.000000           1           33.9143   
      1234:     37020.000000           1           33.9208   
      1235:     37050.000000           1           33.9180   
      1236:     37080.000000           1           33.9199   
      1237:     37110.000000           1           33.9228   
      1238:     37140.000000           1           33.9219   
      1239:     37170.000000           1           33.9238   
      1240:     37200.000000           1           33.9148   
      1241:     37230.000000           1           33.9177   
      1242:     37260.000000           1           33.9228   
      1243:     37290.000000           1           33.9349   
      1244:     37320.000000           1           33.9413   
      1245:     37350.000000           1           33.9518   
      1246:     37380.000000           1           33.9593   
      1247:     37410.000000           1           33.9643   
      1248:     37440.000000           1           33.9590   
      1249:     37470.000000           1           33.9677   
      1250:     37500.000000           1           33.9751   
      1251:     37530.000000           1           33.9768   
      1252:     37560.000000           1           33.9752   
      1253:     37590.000000           1           33.9851   
      1254:     37620.000000           1           33.9912   
      1255:     37650.000000           1           33.9954   
      1256:     37680.000000           1         -292.8391   
      1257:     37710.000000           1         -292.9861   
      1258:     37740.000000           1         -292.8871   
      1259:     37770.000000           1         -292.8508   
      1260:     37800.000000           1         -292.7438   
      1261:     37830.000000           1         -292.7423   
      1262:     37860.000000           1         -292.7938   
      1263:     37890.000000           1         -292.7968   
      1264:     37920.000000           1         -292.8088   
      1265:     37950.000000           1         -292.8175   
      1266:     37980.000000           1         -292.8061   
      1267:     38010.000000           1         -292.8002   
      1268:     38040.000000           1         -292.8231   
      1269:     38070.000000           1         -292.8338   
      1270:     38100.000000           1         -292.8296   
      1271:     38130.000000           1         -292.8294   
      1272:     38160.000000           1         -292.8349   
      1273:     38190.000000           1         -292.8255   
      1274:     38220.000000           1         -292.8355   
      1275:     38250.000000           1         -292.8541   
      1276:     38280.000000           1         -292.8630   
      1277:     38310.000000           1         -292.8626   
      1278:     38340.000000           1         -292.8544   
      1279:     38370.000000           1         -292.8511   
      1280:     38400.000000           1         -292.8610   
      1281:     38430.000000           1         -292.8517   
      1282:     38460.000000           1         -292.8586   
      1283:     38490.000000           1         -292.8441   
      1284:     38520.000000           1         -292.8401   
      1285:     38550.000000           1         -292.8283   
      1286:     38580.000000           1         -292.8153   
      1287:     38610.000000           1         -292.8223   
      1288:     38640.000000           1         -292.8181   
      1289:     38670.000000           1         -292.8185   
      1290:     38700.000000           1         -292.8251   
      1291:     38730.000000           1         -292.8130   
      1292:     38760.000000           1         -292.8124   
      1293:     38790.000000           1         -292.8130   
      1294:     38820.000000           1         -292.8185   
      1295:     38850.000000           1         -292.8082   
      1296:     38880.000000           1         -292.8040   
      1297:     38910.000000           1         -292.8047   
      1298:     38940.000000           1         -292.8132   
      1299:     38970.000000           1         -292.8193   
      1300:     39000.000000           1         -292.8245   
      1301:     39030.000000           1         -292.8381   
      1302:     39060.000000           1         -292.8369   
      1303:     39090.000000           1         -292.8415   
      1304:     39120.000000           1         -292.8340   
      1305:     39150.000000           1         -292.8263   
      1306:     39180.000000           1         -292.8286   
      1307:     39210.000000           1         -292.8283   
      1308:     39240.000000           1         -292.8224   
      1309:     39270.000000           1         -292.8120   
      1310:     39300.000000           1         -292.8082   
      1311:     39330.000000           1         -292.8038   
      1312:     39360.000000           1         -292.7962   
      1313:     39390.000000           1         -292.7912   
      1314:     39420.000000           1         -292.7828   
      1315:     39450.000000           1         -292.7848   
      1316:     39480.000000           1         -292.7839   
      1317:     39510.000000           1         -292.7765   
      1318:     39540.000000           1         -292.7748   
      1319:     39570.000000           1         -292.7686   
      1320:     39600.000000           1         -292.7659   
      1321:     39630.000000           1         -292.7612   
      1322:     39660.000000           1         -292.7640   
      1323:     39690.000000           1         -292.7623   
      1324:     39720.000000           1         -292.7619   
      1325:     39750.000000           1         -292.7563   
      1326:     39780.000000           1         -292.7492   
      1327:     39810.000000           1         -292.7437   
      1328:     39840.000000           1         -292.7346   
      1329:     39870.000000           1         -292.7334   
      1330:     39900.000000           1         -292.7324   
      1331:     39930.000000           1         -292.7287   
      1332:     39960.000000           1         -292.7210   
      1333:     39990.000000           1         -292.7215   
      1334:     40020.000000           1         -292.7261   
      1335:     40050.000000           1         -292.7197   
      1336:     40080.000000           1         -292.7165   
      1337:     40110.000000           1         -292.7079   
      1338:     40140.000000           1         -292.7125   
      1339:     40170.000000           1         -292.7118   
      1340:     40200.000000           1         -292.7091   
      1341:     40230.000000           1         -292.7058   
      1342:     40260.000000           1         -292.7003   
      1343:     40290.000000           1         -292.6963   
      1344:     40320.000000           1         -292.6884   
      1345:     40350.000000           1         -292.6837   
      1346:     40380.000000           1         -292.6784   
      1347:     40410.000000           1         -292.6698   
      1348:     40440.000000           1         -292.6686   
      1349:     40470.000000           1         -292.6649   
      1350:     40500.000000           1         -292.6601   
      1351:     40530.000000           1         -292.6547   
      1352:     40560.000000           1         -292.6463   
      1353:     40590.000000           1         -292.6443   
      1354:     40620.000000           1         -292.6371   
      1355:     40650.000000           1         -292.6289   
      1356:     40680.000000           1         -292.6230   
      1357:     40710.000000           1         -292.6116   
      1358:     40740.000000           1         -292.6067   
      1359:     40770.000000           1         -292.6054   
      1360:     40800.000000           1         -292.6005   
      1361:     40830.000000           1         -292.5974   
      1362:     40860.000000           1         -292.5948   
      1363:     40890.000000           1         -292.5895   
      1364:     40920.000000           1         -292.5824   
      1365:     40950.000000           1         -292.5771   
      1366:     40980.000000           1         -292.5715   
      1367:     41010.000000           1         -292.5620   
      1368:     41040.000000           1         -292.5559   
      1369:     41070.000000           1         -292.5515   
      1370:     41100.000000           1         -292.5464   
      1371:     41130.000000           1         -292.5399   
      1372:     41160.000000           1         -292.5358   
      1373:     41190.000000           1         -292.5318   
      1374:     41220.000000           1         -292.5336   
      1375:     41250.000000           1         -292.5352   
      1376:     41280.000000           1         -292.5357   
      1377:     41310.000000           1         -292.5283   
      1378:     41340.000000           1         -292.5308   
      1379:     41370.000000           1         -292.5366   
      1380:     41400.000000           1         -292.5394   
      1381:     41430.000000           1         -292.5345   
      1382:     41460.000000           1         -292.5299   
      1383:     41490.000000           1         -292.5212   
      1384:     41520.000000           1         -292.5190   
      1385:     41550.000000           1         -292.5175   
      1386:     41580.000000           1         -292.5201   
      1387:     41610.000000           1         -292.5193   
      1388:     41640.000000           1         -292.5193   
      1389:     41670.000000           1         -292.5180   
      1390:     41700.000000           1         -292.5145   
      1391:     41730.000000           1         -292.5208   
      1392:     41760.000000           1         -292.5231   
      1393:     41790.000000           1         -292.5243   
      1394:     41820.000000           1         -292.5207   
      1395:     41850.000000           1         -292.5256   
      1396:     41880.000000           1         -292.5265   
      1397:     41910.000000           1         -292.5243   
      1398:     41940.000000           1         -292.5203   
      1399:     41970.000000           1         -292.5226   
      1400:     42000.000000           1         -292.5208   
      1401:     42030.000000           1         -292.5186   
      1402:     42060.000000           1         -292.5186   
      1403:     42090.000000           1         -292.5196   
      1404:     42120.000000           1         -292.5216   
      1405:     42150.000000           1         -292.5273   
      1406:     42180.000000           1         -292.5303   
      1407:     42210.000000           1         -292.5335   
      1408:     42240.000000           1         -292.5354   
      1409:     42270.000000           1         -292.5423   
      1410:     42300.000000           1         -292.5448   
      1411:     42330.000000           1         -292.5433   
      1412:     42360.000000           1         -292.5469   
      1413:     42390.000000           1         -292.5559   
      1414:     42420.000000           1         -292.5578   
      1415:     42450.000000           1         -292.5599   
      1416:     42480.000000           1         -292.5628   
      1417:     42510.000000           1         -292.5659   
      1418:     42540.000000           1         -292.5641   
      1419:     42570.000000           1         -292.5629   
      1420:     42600.000000           1         -292.5613   
      1421:     42630.000000           1         -292.5570   
      1422:     42660.000000           1         -292.5512   
      1423:     42690.000000           1         -292.5483   
      1424:     42720.000000           1         -292.5481   
      1425:     42750.000000           1         -292.5431   
      1426:     42780.000000           1         -292.5310   
      1427:     42810.000000           1         -292.5268   
      1428:     42840.000000           1         -292.5247   
      1429:     42870.000000           1         -292.5241   
      1430:     42900.000000           1         -292.5240   
      1431:     42930.000000           1         -292.5204   
      1432:     42960.000000           1         -292.5208   
      1433:     42990.000000           1         -292.5222   
      1434:     43020.000000           1         -292.5195   
      1435:     43050.000000           1         -292.5227   
      1436:     43080.000000           1         -292.5237   
      1437:     43110.000000           1         -292.5223   
      1438:     43140.000000           1         -292.5206   
      1439:     43170.000000           1         -292.5194   
      1440:     43200.000000           1         -292.5165   
      1441:     43230.000000           1         -292.5129   
      1442:     43260.000000           1         -292.5123   
      1443:     43290.000000           1         -292.5099   
      1444:     43320.000000           1         -292.5121   
      1445:     43350.000000           1         -292.5126   
      1446:     43380.000000           1         -292.5102   
      1447:     43410.000000           1         -292.5041   
      1448:     43440.000000           1         -292.5003   
      1449:     43470.000000           1         -292.5007   
      1450:     43500.000000           1         -292.4994   
      1451:     43530.000000           1         -292.4970   
      1452:     43560.000000           1         -292.4916   
      1453:     43590.000000           1         -292.4896   
      1454:     43620.000000           1         -292.4865   
      1455:     43650.000000           1         -292.4807   
      1456:     43680.000000           1         -292.4796   
      1457:     43710.000000           1         -292.4809   
      1458:     43740.000000           1         -292.4854   
      1459:     43770.000000           1         -292.4875   
      1460:     43800.000000           1         -292.4869   
      1461:     43830.000000           1         -292.4849   
      1462:     43860.000000           1         -292.4836   
      1463:     43890.000000           1         -292.4829   
      1464:     43920.000000           1         -292.4823   
      1465:     43950.000000           1         -292.4793   
      1466:     43980.000000           1         -292.4787   
      1467:     44010.000000           1         -292.4751   
      1468:     44040.000000           1         -292.4717   
      1469:     44070.000000           1         -292.4688   
      1470:     44100.000000           1         -292.4642   
      1471:     44130.000000           1         -292.4622   
      1472:     44160.000000           1         -292.4656   
      1473:     44190.000000           1         -292.4704   
      1474:     44220.000000           1         -292.4767   
      1475:     44250.000000           1         -292.4759   
      1476:     44280.000000           1         -292.4743   
      1477:     44310.000000           1         -292.4761   
      1478:     44340.000000           1         -292.4748   
      1479:     44370.000000           1         -292.4741   
      1480:     44400.000000           1         -292.4735   
      1481:     44430.000000           1         -292.4754   
      1482:     44460.000000           1         -292.4796   
      1483:     44490.000000           1         -292.4802   
      1484:     44520.000000           1         -292.4847   
      1485:     44550.000000           1         -292.4882   
      1486:     44580.000000           1         -292.4909   
      1487:     44610.000000           1         -292.4924   
      1488:     44640.000000           1         -292.4897   
      1489:     44670.000000           1         -292.4864   
      1490:     44700.000000           1         -292.4869   
      1491:     44730.000000           1         -292.4889   
      1492:     44760.000000           1         -292.4892   
      1493:     44790.000000           1         -292.4863   
      1494:     44820.000000           1         -292.4795   
      1495:     44850.000000           1         -292.4750   
      1496:     44880.000000           1         -292.4685   
      1497:     44910.000000           1         -292.4638   
      1498:     44940.000000           1         -292.4594   
      1499:     44970.000000           1         -292.4579   
      1500:     45000.000000           1         -292.4523   
      1501:     45030.000000           1         -292.4558   
      1502:     45060.000000           1         -292.4623   
      1503:     45090.000000           1         -292.4679   
      1504:     45120.000000           1         -292.4763   
      1505:     45150.000000           1         -292.4848   
      1506:     45180.000000           1         -292.4872   
      1507:     45210.000000           1         -292.4921   
      1508:     45240.000000           1         -292.4988   
      1509:     45270.000000           1         -292.4975   
      1510:     45300.000000           1         -292.4996   
      1511:     45330.000000           1         -292.5036   
      1512:     45360.000000           1         -292.5026   
      1513:     45390.000000           1         -292.5013   
      1514:     45420.000000           1         -292.5014   
      1515:     45450.000000           1         -292.4989   
      1516:     45480.000000           1         -292.4971   
      1517:     45510.000000           1         -292.4975   
      1518:     45540.000000           1         -292.4971   
      1519:     45570.000000           1         -292.4950   
      1520:     45600.000000           1         -292.4939   
      1521:     45630.000000           1         -292.4921   
      1522:     45660.000000           1         -292.4860   
      1523:     45690.000000           1         -292.4847   
      1524:     45720.000000           1         -292.4860   
      1525:     45750.000000           1         -292.4881   
      1526:     45780.000000           1         -292.4919   
      1527:     45810.000000           1         -292.4935   
      1528:     45840.000000           1         -292.4935   
      1529:     45870.000000           1         -292.5007   
      1530:     45900.000000           1         -292.4988   
      1531:     45930.000000           1         -292.5004   
      1532:     45960.000000           1         -292.4976   
      1533:     45990.000000           1         -292.4997   
      1534:     46020.000000           1         -292.5050   
      1535:     46050.000000           1         -292.5076   
      1536:     46080.000000           1         -292.5104   
      1537:     46110.000000           1         -292.5111   
      1538:     46140.000000           1         -292.5128   
      1539:     46170.000000           1         -292.5131   
      1540:     46200.000000           1         -292.5110   
      1541:     46230.000000           1         -292.5109   
      1542:     46260.000000           1         -292.5075   
      1543:     46290.000000           1         -292.5101   
      1544:     46320.000000           1         -292.5063   
      1545:     46350.000000           1         -292.5102   
      1546:     46380.000000           1         -292.5134   
      1547:     46410.000000           1         -292.5181   
      1548:     46440.000000           1         -292.5248   
      1549:     46470.000000           1         -292.5293   
      1550:     46500.000000           1         -292.5310   
      1551:     46530.000000           1         -292.5334   
      1552:     46560.000000           1         -292.5399   
      1553:     46590.000000           1         -292.5443   
      1554:     46620.000000           1         -292.5510   
      1555:     46650.000000           1         -292.5547   
      1556:     46680.000000           1         -292.5630   
      1557:     46710.000000           1         -292.5634   
      1558:     46740.000000           1         -292.5654   
      1559:     46770.000000           1         -292.5660   
      1560:     46800.000000           1         -292.5709   
      1561:     46830.000000           1         -292.5797   
      1562:     46860.000000           1         -292.5784   
      1563:     46890.000000           1         -292.5860   
      1564:     46920.000000           1         -292.5892   
      1565:     46950.000000           1         -292.5956   
      1566:     46980.000000           1         -292.5991   
      1567:     47010.000000           1         -292.6006   
      1568:     47040.000000           1         -292.6041   
      1569:     47070.000000           1         -292.6047   
      1570:     47100.000000           1         -292.6084   
      1571:     47130.000000           1         -292.6116   
      1572:     47160.000000           1         -292.6133   
      1573:     47190.000000           1         -292.6158   
      1574:     47220.000000           1         -292.6146   
      1575:     47250.000000           1         -292.6121   
      1576:     47280.000000           1         -292.6191   
      1577:     47310.000000           1         -292.6160   
      1578:     47340.000000           1         -292.6161   
      1579:     47370.000000           1         -292.6176   
      1580:     47400.000000           1         -292.6184   
      1581:     47430.000000           1         -292.6187   
      1582:     47460.000000           1         -292.6228   
      1583:     47490.000000           1         -292.6264   
      1584:     47520.000000           1         -292.6290   
      1585:     47550.000000           1         -292.6368   
      1586:     47580.000000           1         -292.6407   
      1587:     47610.000000           1         -292.6437   
      1588:     47640.000000           1         -292.6467   
      1589:     47670.000000           1         -292.6482   
      1590:     47700.000000           1         -292.6467   
      1591:     47730.000000           1         -292.6498   
      1592:     47760.000000           1         -292.6519   
      1593:     47790.000000           1         -292.6521   
      1594:     47820.000000           1         -292.6510   
      1595:     47850.000000           1         -292.6502   
      1596:     47880.000000           1         -292.6519   
      1597:     47910.000000           1         -292.6547   
      1598:     47940.000000           1         -292.6520   
      1599:     47970.000000           1         -292.6532   
      1600:     48000.000000           1         -292.6529   
      1601:     48030.000000           1         -292.6520   
      1602:     48060.000000           1         -292.6510   
      1603:     48090.000000           1         -292.6510   
      1604:     48120.000000           1         -292.6538   
      1605:     48150.000000           1         -292.6542   
      1606:     48180.000000           1         -292.6604   
      1607:     48210.000000           1         -292.6684   
      1608:     48240.000000           1         -292.6736   
      1609:     48270.000000           1         -292.6750   
      1610:     48300.000000           1         -292.6765   
      1611:     48330.000000           1         -292.6797   
      1612:     48360.000000           1         -292.6828   
      1613:     48390.000000           1         -292.6828   
      1614:     48420.000000           1         -292.6796   
      1615:     48450.000000           1         -292.6834   
      1616:     48480.000000           1         -292.6895   
      1617:     48510.000000           1         -292.6923   
      1618:     48540.000000           1         -292.6945   
      1619:     48570.000000           1         -292.6948   
      1620:     48600.000000           1         -292.6973   
      1621:     48630.000000           1         -292.6953   
      1622:     48660.000000           1         -292.6940   
      1623:     48690.000000           1         -292.6978   
      1624:     48720.000000           1         -292.6991   
      1625:     48750.000000           1         -292.7022   
      1626:     48780.000000           1         -292.7078   
      1627:     48810.000000           1         -292.7109   
      1628:     48840.000000           1         -292.7130   
      1629:     48870.000000           1         -292.7118   
      1630:     48900.000000           1         -292.7120   
      1631:     48930.000000           1         -292.7128   
      1632:     48960.000000           1         -292.7113   
      1633:     48990.000000           1         -292.7112   
      1634:     49020.000000           1         -292.7160   
      1635:     49050.000000           1         -292.7240   
      1636:     49080.000000           1         -292.7284   
      1637:     49110.000000           1         -292.7331   
      1638:     49140.000000           1         -292.7332   
      1639:     49170.000000           1         -292.7354   
      1640:     49200.000000           1         -292.7326   
      1641:     49230.000000           1         -292.7348   
      1642:     49260.000000           1         -292.7310   
      1643:     49290.000000           1         -292.7321   
      1644:     49320.000000           1         -292.7307   
      1645:     49350.000000           1         -292.7320   
      1646:     49380.000000           1         -292.7345   
      1647:     49410.000000           1         -292.7380   
      1648:     49440.000000           1         -292.7426   
      1649:     49470.000000           1         -292.7468   
      1650:     49500.000000           1         -292.7461   
      1651:     49530.000000           1         -292.7450   
      1652:     49560.000000           1         -292.7479   
      1653:     49590.000000           1         -292.7536   
      1654:     49620.000000           1         -292.7599   
      1655:     49650.000000           1         -292.7633   
      1656:     49680.000000           1         -292.7668   
      1657:     49710.000000           1         -292.7675   
      1658:     49740.000000           1         -292.7703   
      1659:     49770.000000           1         -292.7723   
      1660:     49800.000000           1         -292.7721   
      1661:     49830.000000           1         -292.7742   
      1662:     49860.000000           1         -292.7731   
      1663:     49890.000000           1         -292.7721   
      1664:     49920.000000           1         -292.7733   
      1665:     49950.000000           1         -292.7786   
      1666:     49980.000000           1         -292.7822   
      1667:     50010.000000           1         -292.7856   
      1668:     50040.000000           1         -292.7865   
      1669:     50070.000000           1         -292.7850   
      1670:     50100.000000           1         -292.7817   
      1671:     50130.000000           1         -292.7756   
      1672:     50160.000000           1         -292.7711   
      1673:     50190.000000           1         -292.7679   
      1674:     50220.000000           1         -292.7699   
      1675:     50250.000000           1         -292.7679   
      1676:     50280.000000           1         -292.7699   
      1677:     50310.000000           1         -292.7651   
      1678:     50340.000000           1         -292.7681   
      1679:     50370.000000           1         -292.7692   
      1680:     50400.000000           1         -292.7646   
      1681:     50430.000000           1         -292.7646   
      1682:     50460.000000           1         -292.7634   
      1683:     50490.000000           1         -292.7615   
      1684:     50520.000000           1         -292.7622   
      1685:     50550.000000           1         -292.7656   
      1686:     50580.000000           1         -292.7624   
      1687:     50610.000000           1         -292.7644   
      1688:     50640.000000           1         -292.7699   
      1689:     50670.000000           1         -292.7719   
      1690:     50700.000000           1         -292.7685   
      1691:     50730.000000           1         -292.7645   
      1692:     50760.000000           1         -292.7657   
      1693:     50790.000000           1         -292.7665   
      1694:     50820.000000           1         -292.7655   
      1695:     50850.000000           1         -292.7648   
      1696:     50880.000000           1         -292.7641   
      1697:     50910.000000           1         -292.7623   
      1698:     50940.000000           1         -292.7612   
      1699:     50970.000000           1         -292.7594   
      1700:     51000.000000           1         -292.7588   
      1701:     51030.000000           1         -292.7603   
      1702:     51060.000000           1         -292.7617   
      1703:     51090.000000           1         -292.7672   
      1704:     51120.000000           1         -292.7684   
      1705:     51150.000000           1         -292.7697   
      1706:     51180.000000           1         -292.7663   
      1707:     51210.000000           1         -292.7651   
      1708:     51240.000000           1         -292.7670   
      1709:     51270.000000           1         -292.7642   
      1710:     51300.000000           1         -292.7626   
      1711:     51330.000000           1         -292.7635   
      1712:     51360.000000           1         -292.7643   
      1713:     51390.000000           1         -292.7634   
      1714:     51420.000000           1         -292.7627   
      1715:     51450.000000           1         -292.7643   
      1716:     51480.000000           1         -292.7665   
      1717:     51510.000000           1         -292.7689   
      1718:     51540.000000           1         -292.7660   
      1719:     51570.000000           1         -292.7647   
      1720:     51600.000000           1         -292.7638   
      1721:     51630.000000           1         -292.7623   
      1722:     51660.000000           1         -292.7621   
      1723:     51690.000000           1         -292.7579   
      1724:     51720.000000           1         -292.7558   
      1725:     51750.000000           1         -292.7583   
      1726:     51780.000000           1         -292.7624   
      1727:     51810.000000           1         -292.7666   
      1728:     51840.000000           1         -292.7698   
      1729:     51870.000000           1         -292.7668   
      1730:     51900.000000           1         -292.7668   
      1731:     51930.000000           1         -292.7662   
      1732:     51960.000000           1         -292.7683   
      1733:     51990.000000           1         -292.7675   
      1734:     52020.000000           1         -292.7694   
      1735:     52050.000000           1         -292.7724   
      1736:     52080.000000           1         -292.7735   
      1737:     52110.000000           1         -292.7725   
      1738:     52140.000000           1         -292.7740   
      1739:     52170.000000           1         -292.7745   
      1740:     52200.000000           1         -292.7764   
      1741:     52230.000000           1         -292.7786   
      1742:     52260.000000           1         -292.7823   
      1743:     52290.000000           1         -292.7837   
      1744:     52320.000000           1         -292.7833   
      1745:     52350.000000           1         -292.7860   
      1746:     52380.000000           1         -292.7897   
      1747:     52410.000000           1         -292.7883   
      1748:     52440.000000           1         -292.7874   
      1749:     52470.000000           1         -292.7889   
      1750:     52500.000000           1         -292.7853   
      1751:     52530.000000           1         -292.7814   
      1752:     52560.000000           1         -292.7814   
      1753:     52590.000000           1         -292.7805   
      1754:     52620.000000           1         -292.7804   
      1755:     52650.000000           1         -292.7787   
      1756:     52680.000000           1         -292.7772   
      1757:     52710.000000           1         -292.7793   
      1758:     52740.000000           1         -292.7840   
      1759:     52770.000000           1         -292.7865   
      1760:     52800.000000           1         -292.7879   
      1761:     52830.000000           1         -292.7869   
      1762:     52860.000000           1         -292.7830   
      1763:     52890.000000           1         -292.7833   
      1764:     52920.000000           1         -292.7880   
      1765:     52950.000000           1         -292.7865   
      1766:     52980.000000           1         -292.7864   
      1767:     53010.000000           1         -292.7887   
      1768:     53040.000000           1         -292.7952   
      1769:     53070.000000           1         -292.8019   
      1770:     53100.000000           1         -292.8045   
      1771:     53130.000000           1         -292.8052   
      1772:     53160.000000           1         -292.8052   
      1773:     53190.000000           1         -292.8049   
      1774:     53220.000000           1         -292.8072   
      1775:     53250.000000           1         -292.8099   
      1776:     53280.000000           1         -292.8100   
      1777:     53310.000000           1         -292.8120   
      1778:     53340.000000           1           34.0400   
      1779:     53370.000000           1           34.0404   
      1780:     53400.000000           1           34.0383   
      1781:     53430.000000           1           34.0373   
      1782:     53460.000000           1           34.0378   
      1783:     53490.000000           1           34.0370   
      1784:     53520.000000           1           34.0349   
      1785:     53550.000000           1           34.0318   
      1786:     53580.000000           1           34.0278   
      1787:     53610.000000           1           34.0281   
      1788:     53640.000000           1           34.0290   
      1789:     53670.000000           1           34.0296   
      1790:     53700.000000           1           34.0322   
      1791:     53730.000000           1           34.0328   
      1792:     53760.000000           1           34.0341   
      1793:     53790.000000           1           34.0387   
      1794:     53820.000000           1           34.0413   
      1795:     53850.000000           1           34.0369   
      1796:     53880.000000           1           34.0377   
      1797:     53910.000000           1           34.0339   
      1798:     53940.000000           1           34.0309   
      1799:     53970.000000           1           34.0278   
      1800:     54000.000000           1           34.0260   
      1802:     54060.000000           1           34.0148   
