       942:     28260.000000           1          160.0798   
       944:     28320.000000           1          160.0974   
       945:     28350.000000           1          160.1048   
       946:     28380.000000           1          160.1125   
       947:     28410.000000           1          160.1131   
       948:     28440.000000           1          160.1211   
       949:     28470.000000           1          160.1305   
       950:     28500.000000           1          160.1390   
       951:     28530.000000           1          160.1514   
       952:     28560.000000           1          160.1525   
       953:     28590.000000           1          160.1605   
       954:     28620.000000           1          160.1606   
       955:     28650.000000           1          160.1713   
       956:     28680.000000           1          160.1741   
       957:     28710.000000           1          160.1808   
       958:     28740.000000           1          160.1861   
       959:     28770.000000           1          160.1939   
       960:     28800.000000           1          160.2048   
       961:     28830.000000           1          160.2124   
       962:     28860.000000           1          160.2229   
       963:     28890.000000           1          160.2380   
       964:     28920.000000           1          160.2489   
       965:     28950.000000           1          160.2677   
       966:     28980.000000           1          160.2702   
       967:     29010.000000           1          160.2822   
       968:     29040.000000           1          160.2925   
       969:     29070.000000           1         -442.9354   
       970:     29100.000000           1         -442.8641   
       971:     29130.000000           1         -442.8773   
       972:     29160.000000           1         -442.8797   
       973:     29190.000000           1         -442.8435   
       974:     29220.000000           1         -442.8535   
       975:     29250.000000           1         -442.8218   
       976:     29280.000000           1         -442.8286   
       977:     29310.000000           1         -442.7964   
       978:     29340.000000           1         -442.7387   
       979:     29370.000000           1         -442.7454   
       980:     29400.000000           1         -442.7360   
       981:     29430.000000           1         -442.7042   
       982:     29460.000000           1         -442.6808   
       983:     29490.000000           1         -442.6763   
       984:     29520.000000           1         -442.6810   
       985:     29550.000000           1         -442.6684   
       986:     29580.000000           1         -442.6795   
       987:     29610.000000           1         -442.6608   
       988:     29640.000000           1         -442.6679   
       989:     29670.000000           1         -442.6585   
       990:     29700.000000           1         -442.6515   
       991:     29730.000000           1         -442.6566   
       992:     29760.000000           1         -442.6429   
       993:     29790.000000           1         -442.6550   
       994:     29820.000000           1         -442.6701   
       995:     29850.000000           1         -442.6899   
       996:     29880.000000           1         -442.6967   
       997:     29910.000000           1         -442.7083   
       998:     29940.000000           1         -442.7225   
       999:     29970.000000           1         -442.7181   
      1000:     30000.000000           1         -442.7191   
      1001:     30030.000000           1         -442.7154   
      1002:     30060.000000           1         -442.7172   
      1003:     30090.000000           1         -442.7164   
      1004:     30120.000000           1         -442.7136   
      1005:     30150.000000           1         -442.7055   
      1006:     30180.000000           1         -442.7067   
      1007:     30210.000000           1         -442.7137   
      1008:     30240.000000           1         -442.7125   
      1009:     30270.000000           1         -442.7047   
      1010:     30300.000000           1         -442.7124   
      1011:     30330.000000           1         -442.7024   
      1012:     30360.000000           1         -442.7023   
      1013:     30390.000000           1         -442.6993   
      1014:     30420.000000           1         -442.6787   
      1015:     30450.000000           1         -442.6675   
      1016:     30480.000000           1         -442.6499   
      1017:     30510.000000           1         -442.6278   
      1018:     30540.000000           1         -442.6065   
      1019:     30570.000000           1         -442.5975   
      1020:     30600.000000           1         -442.5918   
      1021:     30630.000000           1         -442.5783   
      1022:     30660.000000           1         -442.5720   
      1023:     30690.000000           1         -442.5672   
      1024:     30720.000000           1         -442.5541   
      1025:     30750.000000           1         -442.5487   
      1026:     30780.000000           1         -442.5402   
      1027:     30810.000000           1         -442.5245   
      1028:     30840.000000           1         -442.5250   
      1029:     30870.000000           1         -442.5222   
      1030:     30900.000000           1         -442.5085   
      1031:     30930.000000           1         -442.4973   
      1032:     30960.000000           1         -442.4865   
      1033:     30990.000000           1         -442.4908   
      1034:     31020.000000           1         -442.4887   
      1035:     31050.000000           1         -442.4928   
      1036:     31080.000000           1         -442.4898   
      1037:     31110.000000           1         -442.4868   
      1038:     31140.000000           1         -442.4883   
      1039:     31170.000000           1         -442.4863   
      1040:     31200.000000           1         -442.4768   
      1041:     31230.000000           1         -442.4644   
      1042:     31260.000000           1         -442.4513   
      1043:     31290.000000           1         -442.4383   
      1044:     31320.000000           1         -442.4252   
      1045:     31350.000000           1         -442.4164   
      1046:     31380.000000           1         -442.4140   
      1047:     31410.000000           1         -442.4040   
      1048:     31440.000000           1         -442.3978   
      1049:     31470.000000           1         -442.3905   
      1050:     31500.000000           1         -442.3858   
      1051:     31530.000000           1         -442.3778   
      1052:     31560.000000           1         -442.3617   
      1053:     31590.000000           1         -442.3367   
      1054:     31620.000000           1         -442.3158   
      1055:     31650.000000           1         -442.3011   
      1056:     31680.000000           1         -442.2928   
      1057:     31710.000000           1         -442.2866   
      1058:     31740.000000           1         -442.2706   
      1059:     31770.000000           1         -442.2595   
      1060:     31800.000000           1         -442.2467   
      1061:     31830.000000           1         -442.2366   
      1062:     31860.000000           1         -442.2252   
      1063:     31890.000000           1         -442.2161   
      1064:     31920.000000           1         -442.2060   
      1065:     31950.000000           1         -442.2016   
      1066:     31980.000000           1         -442.1950   
      1067:     32010.000000           1         -442.1942   
      1068:     32040.000000           1         -442.1938   
      1069:     32070.000000           1         -442.1973   
      1070:     32100.000000           1         -442.1940   
      1071:     32130.000000           1         -442.1837   
      1072:     32160.000000           1         -442.1766   
      1073:     32190.000000           1         -442.1665   
      1074:     32220.000000           1         -442.1639   
      1075:     32250.000000           1         -442.1571   
      1076:     32280.000000           1         -442.1485   
      1077:     32310.000000           1         -442.1462   
      1078:     32340.000000           1         -442.1376   
      1079:     32370.000000           1         -442.1335   
      1080:     32400.000000           1         -442.1319   
      1081:     32430.000000           1         -442.1372   
      1082:     32460.000000           1         -442.1316   
      1083:     32490.000000           1         -442.1291   
      1084:     32520.000000           1         -442.1235   
      1085:     32550.000000           1         -442.1182   
      1086:     32580.000000           1         -442.1104   
      1087:     32610.000000           1         -442.1106   
      1088:     32640.000000           1         -442.1042   
      1089:     32670.000000           1         -442.0995   
      1090:     32700.000000           1         -442.0889   
      1091:     32730.000000           1         -442.0868   
      1092:     32760.000000           1         -442.0725   
      1093:     32790.000000           1         -442.0732   
      1094:     32820.000000           1         -442.0751   
      1095:     32850.000000           1         -442.0730   
      1096:     32880.000000           1         -442.0619   
      1097:     32910.000000           1         -442.0621   
      1098:     32940.000000           1         -442.0502   
      1099:     32970.000000           1         -442.0468   
      1100:     33000.000000           1         -442.0388   
      1101:     33030.000000           1         -442.0305   
      1102:     33060.000000           1         -442.0274   
      1103:     33090.000000           1         -442.0206   
      1104:     33120.000000           1         -442.0190   
      1105:     33150.000000           1         -442.0144   
      1106:     33180.000000           1         -442.0044   
      1107:     33210.000000           1         -441.9972   
      1108:     33240.000000           1         -441.9887   
      1109:     33270.000000           1         -441.9781   
      1110:     33300.000000           1         -441.9705   
      1111:     33330.000000           1         -441.9609   
      1112:     33360.000000           1         -441.9529   
      1113:     33390.000000           1         -441.9427   
      1114:     33420.000000           1         -441.9273   
      1115:     33450.000000           1         -441.9153   
      1116:     33480.000000           1         -441.9022   
      1117:     33510.000000           1         -441.8883   
      1118:     33540.000000           1         -441.8807   
      1119:     33570.000000           1         -441.8693   
      1120:     33600.000000           1         -441.8596   
      1121:     33630.000000           1         -441.8497   
      1122:     33660.000000           1         -441.8494   
      1123:     33690.000000           1         -441.8508   
      1124:     33720.000000           1         -441.8454   
      1125:     33750.000000           1         -441.8370   
      1126:     33780.000000           1         -441.8312   
      1127:     33810.000000           1         -441.8242   
      1128:     33840.000000           1         -441.8259   
      1129:     33870.000000           1         -441.8171   
      1130:     33900.000000           1         -441.8145   
      1131:     33930.000000           1         -441.8116   
      1132:     33960.000000           1         -441.7983   
      1133:     33990.000000           1         -441.7909   
      1134:     34020.000000           1         -441.7775   
      1135:     34050.000000           1         -441.7686   
      1136:     34080.000000           1         -441.7587   
      1137:     34110.000000           1         -441.7552   
      1138:     34140.000000           1         -441.7520   
      1139:     34170.000000           1         -441.7414   
      1140:     34200.000000           1         -441.7311   
      1141:     34230.000000           1         -441.7312   
      1142:     34260.000000           1         -441.7276   
      1143:     34290.000000           1         -441.7257   
      1144:     34320.000000           1         -441.7147   
      1145:     34350.000000           1         -441.7036   
      1146:     34380.000000           1         -441.6934   
      1147:     34410.000000           1         -441.6927   
      1148:     34440.000000           1         -441.6873   
      1149:     34470.000000           1         -441.6775   
      1150:     34500.000000           1         -441.6582   
      1151:     34530.000000           1         -441.6532   
      1152:     34560.000000           1         -441.6381   
      1153:     34590.000000           1         -441.6199   
      1154:     34620.000000           1         -441.6139   
      1155:     34650.000000           1         -441.6117   
      1156:     34680.000000           1         -441.6048   
      1157:     34710.000000           1         -441.6000   
      1158:     34740.000000           1         -441.5985   
      1159:     34770.000000           1         -441.5959   
      1160:     34800.000000           1         -441.5902   
      1161:     34830.000000           1         -441.5825   
      1162:     34860.000000           1         -441.5782   
      1163:     34890.000000           1         -441.5685   
      1164:     34920.000000           1         -441.5615   
      1165:     34950.000000           1         -441.5532   
      1166:     34980.000000           1         -441.5431   
      1167:     35010.000000           1         -441.5382   
      1168:     35040.000000           1         -441.5332   
      1169:     35070.000000           1         -441.5295   
      1170:     35100.000000           1         -441.5286   
      1171:     35130.000000           1         -441.5173   
      1172:     35160.000000           1         -441.5091   
      1173:     35190.000000           1         -441.5052   
      1174:     35220.000000           1         -441.4963   
      1175:     35250.000000           1         -441.4915   
      1176:     35280.000000           1         -441.4834   
      1177:     35310.000000           1         -441.4716   
      1178:     35340.000000           1         -441.4671   
      1179:     35370.000000           1         -441.4577   
      1180:     35400.000000           1         -441.4447   
      1181:     35430.000000           1         -441.4381   
      1182:     35460.000000           1         -441.4285   
      1183:     35490.000000           1         -441.4185   
      1184:     35520.000000           1         -441.4069   
      1185:     35550.000000           1         -441.3970   
      1186:     35580.000000           1         -441.3882   
      1187:     35610.000000           1         -441.3800   
      1188:     35640.000000           1         -441.3707   
      1189:     35670.000000           1         -441.3626   
      1190:     35700.000000           1         -441.3592   
      1191:     35730.000000           1         -441.3504   
      1192:     35760.000000           1         -441.3414   
      1193:     35790.000000           1         -441.3321   
      1194:     35820.000000           1         -441.3195   
      1195:     35850.000000           1         -441.3046   
      1196:     35880.000000           1         -441.2911   
      1197:     35910.000000           1         -441.2852   
      1198:     35940.000000           1         -441.2787   
      1199:     35970.000000           1         -441.2726   
      1200:     36000.000000           1         -441.2595   
      1201:     36030.000000           1         -441.2560   
      1202:     36060.000000           1         -441.2523   
      1203:     36090.000000           1         -441.2545   
      1204:     36120.000000           1         -441.2536   
      1205:     36150.000000           1         -441.2412   
      1206:     36180.000000           1         -441.2422   
      1207:     36210.000000           1         -441.2459   
      1208:     36240.000000           1         -441.2411   
      1209:     36270.000000           1         -441.2460   
      1210:     36300.000000           1         -441.2354   
      1211:     36330.000000           1         -441.2314   
      1212:     36360.000000           1         -441.2336   
      1213:     36390.000000           1         -441.2287   
      1214:     36420.000000           1         -441.2200   
      1215:     36450.000000           1         -441.2146   
      1216:     36480.000000           1         -441.2133   
      1217:     36510.000000           1         -441.2068   
      1218:     36540.000000           1         -441.2007   
      1219:     36570.000000           1         -441.2003   
      1220:     36600.000000           1         -441.1918   
      1221:     36630.000000           1         -441.1820   
      1222:     36660.000000           1         -441.1802   
      1223:     36690.000000           1         -441.1666   
      1224:     36720.000000           1         -441.1654   
      1225:     36750.000000           1         -441.1569   
      1226:     36780.000000           1         -441.1502   
      1227:     36810.000000           1         -441.1452   
      1228:     36840.000000           1         -441.1424   
      1229:     36870.000000           1         -441.1370   
      1230:     36900.000000           1         -441.1279   
      1231:     36930.000000           1         -441.1261   
      1232:     36960.000000           1         -441.1228   
      1233:     36990.000000           1         -441.1166   
      1234:     37020.000000           1         -441.1104   
      1235:     37050.000000           1         -441.1080   
      1236:     37080.000000           1         -441.1043   
      1237:     37110.000000           1         -441.0977   
      1238:     37140.000000           1         -441.0970   
      1239:     37170.000000           1         -441.0968   
      1240:     37200.000000           1         -441.1030   
      1241:     37230.000000           1         -441.1036   
      1242:     37260.000000           1         -441.0992   
      1243:     37290.000000           1         -441.0897   
      1244:     37320.000000           1         -441.0865   
      1245:     37350.000000           1         -441.0751   
      1246:     37380.000000           1         -441.0683   
      1247:     37410.000000           1         -441.0593   
      1248:     37440.000000           1         -441.0589   
      1249:     37470.000000           1         -441.0499   
      1250:     37500.000000           1         -441.0394   
      1251:     37530.000000           1         -441.0342   
      1252:     37560.000000           1         -441.0353   
      1253:     37590.000000           1         -441.0268   
      1254:     37620.000000           1         -441.0218   
      1255:     37650.000000           1         -441.0162   
      1256:     37680.000000           1         -441.0109   
      1257:     37710.000000           1         -441.0091   
      1258:     37740.000000           1         -441.0040   
      1259:     37770.000000           1         -440.9933   
      1260:     37800.000000           1         -440.9828   
      1261:     37830.000000           1         -440.9757   
      1262:     37860.000000           1         -440.9696   
      1263:     37890.000000           1         -440.9629   
      1264:     37920.000000           1         -440.9608   
      1265:     37950.000000           1         -440.9491   
      1266:     37980.000000           1         -440.9429   
      1267:     38010.000000           1         -440.9417   
      1268:     38040.000000           1         -440.9349   
      1269:     38070.000000           1         -440.9333   
      1270:     38100.000000           1         -440.9216   
      1271:     38130.000000           1         -440.9168   
      1272:     38160.000000           1         -440.9206   
      1273:     38190.000000           1         -440.9130   
      1274:     38220.000000           1         -440.9131   
      1275:     38250.000000           1         -440.9125   
      1276:     38280.000000           1         -440.9082   
      1277:     38310.000000           1         -440.9001   
      1278:     38340.000000           1         -440.8972   
      1279:     38370.000000           1         -440.8948   
      1280:     38400.000000           1         -440.9016   
      1281:     38430.000000           1         -440.8993   
      1282:     38460.000000           1         -440.9000   
      1283:     38490.000000           1         -440.8985   
      1284:     38520.000000           1         -440.8945   
      1285:     38550.000000           1         -440.8821   
      1286:     38580.000000           1         -440.8779   
      1287:     38610.000000           1         -440.8771   
      1288:     38640.000000           1         -440.8708   
      1289:     38670.000000           1         -440.8717   
      1290:     38700.000000           1         -440.8717   
      1291:     38730.000000           1         -440.8629   
      1292:     38760.000000           1         -440.8585   
      1293:     38790.000000           1         -440.8576   
      1294:     38820.000000           1         -440.8641   
      1295:     38850.000000           1         -440.8579   
      1296:     38880.000000           1         -440.8504   
      1297:     38910.000000           1         -440.8470   
      1298:     38940.000000           1         -440.8438   
      1299:     38970.000000           1         -440.8388   
      1300:     39000.000000           1         -440.8345   
      1301:     39030.000000           1         -440.8338   
      1302:     39060.000000           1         -440.8286   
      1303:     39090.000000           1         -440.8262   
      1304:     39120.000000           1         -440.8119   
      1305:     39150.000000           1         -440.8087   
      1306:     39180.000000           1         -440.8109   
      1307:     39210.000000           1         -440.8113   
      1308:     39240.000000           1         -440.8050   
      1309:     39270.000000           1         -440.8079   
      1310:     39300.000000           1         -440.8077   
      1311:     39330.000000           1         -440.8055   
      1312:     39360.000000           1         -440.8020   
      1313:     39390.000000           1         -440.8027   
      1314:     39420.000000           1         -440.8028   
      1315:     39450.000000           1         -440.8017   
      1316:     39480.000000           1         -440.8023   
      1317:     39510.000000           1         -440.7944   
      1318:     39540.000000           1         -440.7936   
      1319:     39570.000000           1         -440.7870   
      1320:     39600.000000           1         -440.7840   
      1321:     39630.000000           1         -440.7760   
      1322:     39660.000000           1         -440.7738   
      1323:     39690.000000           1         -440.7726   
      1324:     39720.000000           1         -440.7739   
      1325:     39750.000000           1         -440.7712   
      1326:     39780.000000           1         -440.7687   
      1327:     39810.000000           1         -440.7633   
      1328:     39840.000000           1         -440.7587   
      1329:     39870.000000           1         -440.7572   
      1330:     39900.000000           1         -440.7559   
      1331:     39930.000000           1         -440.7524   
      1332:     39960.000000           1         -440.7477   
      1333:     39990.000000           1         -440.7508   
      1334:     40020.000000           1         -440.7561   
      1335:     40050.000000           1         -440.7511   
      1336:     40080.000000           1         -440.7501   
      1337:     40110.000000           1         -440.7417   
      1338:     40140.000000           1         -440.7450   
      1339:     40170.000000           1         -440.7448   
      1340:     40200.000000           1         -440.7409   
      1341:     40230.000000           1         -440.7367   
      1342:     40260.000000           1         -440.7305   
      1343:     40290.000000           1         -440.7294   
      1344:     40320.000000           1         -440.7235   
      1345:     40350.000000           1         -440.7210   
      1346:     40380.000000           1         -440.7179   
      1347:     40410.000000           1         -440.7102   
      1348:     40440.000000           1         -440.7110   
      1349:     40470.000000           1         -440.7068   
      1350:     40500.000000           1         -440.7013   
      1351:     40530.000000           1         -440.6954   
      1352:     40560.000000           1         -440.6906   
      1353:     40590.000000           1         -440.6903   
      1354:     40620.000000           1         -440.6861   
      1355:     40650.000000           1         -440.6807   
      1356:     40680.000000           1         -440.6773   
      1357:     40710.000000           1         -440.6709   
      1358:     40740.000000           1         -440.6680   
      1359:     40770.000000           1         -440.6699   
      1360:     40800.000000           1         -440.6665   
      1361:     40830.000000           1         -440.6672   
      1362:     40860.000000           1         -440.6666   
      1363:     40890.000000           1         -440.6640   
      1364:     40920.000000           1         -440.6622   
      1365:     40950.000000           1         -440.6588   
      1366:     40980.000000           1         -440.6567   
      1367:     41010.000000           1         -440.6511   
      1368:     41040.000000           1         -440.6485   
      1369:     41070.000000           1         -440.6457   
      1370:     41100.000000           1         -440.6440   
      1371:     41130.000000           1         -440.6387   
      1372:     41160.000000           1         -440.6368   
      1373:     41190.000000           1         -440.6332   
      1374:     41220.000000           1         -440.6366   
      1375:     41250.000000           1         -440.6373   
      1376:     41280.000000           1         -440.6380   
      1377:     41310.000000           1         -440.6333   
      1378:     41340.000000           1         -440.6336   
      1379:     41370.000000           1         -440.6377   
      1380:     41400.000000           1         -440.6398   
      1381:     41430.000000           1         -440.6370   
      1382:     41460.000000           1         -440.6353   
      1383:     41490.000000           1         -440.6285   
      1384:     41520.000000           1         -440.6286   
      1385:     41550.000000           1         -440.6282   
      1386:     41580.000000           1         -440.6298   
      1387:     41610.000000           1         -440.6304   
      1388:     41640.000000           1         -440.6298   
      1389:     41670.000000           1         -440.6289   
      1390:     41700.000000           1         -440.6270   
      1391:     41730.000000           1         -440.6329   
      1392:     41760.000000           1         -440.6376   
      1393:     41790.000000           1         -440.6410   
      1394:     41820.000000           1         -440.6394   
      1395:     41850.000000           1         -440.6433   
      1396:     41880.000000           1         -440.6449   
      1397:     41910.000000           1         -440.6425   
      1398:     41940.000000           1         -440.6404   
      1399:     41970.000000           1         -440.6434   
      1400:     42000.000000           1         -440.6416   
      1401:     42030.000000           1         -440.6392   
      1402:     42060.000000           1         -440.6391   
      1403:     42090.000000           1         -440.6398   
      1404:     42120.000000           1         -440.6409   
      1405:     42150.000000           1         -440.6459   
      1406:     42180.000000           1         -440.6467   
      1407:     42210.000000           1         -440.6479   
      1408:     42240.000000           1         -440.6487   
      1409:     42270.000000           1         -440.6541   
      1410:     42300.000000           1         -440.6559   
      1411:     42330.000000           1         -440.6535   
      1412:     42360.000000           1         -440.6556   
      1413:     42390.000000           1         -440.6640   
      1414:     42420.000000           1         -440.6660   
      1415:     42450.000000           1         -440.6686   
      1416:     42480.000000           1         -440.6708   
      1417:     42510.000000           1         -440.6741   
      1418:     42540.000000           1         -440.6723   
      1419:     42570.000000           1         -440.6710   
      1420:     42600.000000           1         -440.6705   
      1421:     42630.000000           1         -440.6665   
      1422:     42660.000000           1         -440.6610   
      1423:     42690.000000           1         -440.6589   
      1424:     42720.000000           1         -440.6608   
      1425:     42750.000000           1         -440.6547   
      1426:     42780.000000           1         -440.6444   
      1427:     42810.000000           1         -440.6402   
      1428:     42840.000000           1         -440.6388   
      1429:     42870.000000           1         -440.6388   
      1430:     42900.000000           1         -440.6387   
      1431:     42930.000000           1         -440.6348   
      1432:     42960.000000           1         -440.6355   
      1433:     42990.000000           1         -440.6369   
      1434:     43020.000000           1         -440.6339   
      1435:     43050.000000           1         -440.6353   
      1436:     43080.000000           1         -440.6345   
      1437:     43110.000000           1         -440.6311   
      1438:     43140.000000           1         -440.6279   
      1439:     43170.000000           1         -440.6249   
      1440:     43200.000000           1         -440.6190   
      1441:     43230.000000           1         -440.6126   
      1442:     43260.000000           1         -440.6109   
      1443:     43290.000000           1         -440.6071   
      1444:     43320.000000           1         -440.6073   
      1445:     43350.000000           1         -440.6072   
      1446:     43380.000000           1         -440.6047   
      1447:     43410.000000           1         -440.5992   
      1448:     43440.000000           1         -440.5962   
      1449:     43470.000000           1         -440.5977   
      1450:     43500.000000           1         -440.5976   
      1451:     43530.000000           1         -440.5962   
      1452:     43560.000000           1         -440.5920   
      1453:     43590.000000           1         -440.5911   
      1454:     43620.000000           1         -440.5888   
      1455:     43650.000000           1         -440.5842   
      1456:     43680.000000           1         -440.5846   
      1457:     43710.000000           1         -440.5871   
      1458:     43740.000000           1         -440.5924   
      1459:     43770.000000           1         -440.5970   
      1460:     43800.000000           1         -440.5993   
      1461:     43830.000000           1         -440.5984   
      1462:     43860.000000           1         -440.5994   
      1463:     43890.000000           1         -440.5992   
      1464:     43920.000000           1         -440.5996   
      1465:     43950.000000           1         -440.5972   
      1466:     43980.000000           1         -440.5967   
      1467:     44010.000000           1         -440.5924   
      1468:     44040.000000           1         -440.5887   
      1469:     44070.000000           1         -440.5860   
      1470:     44100.000000           1         -440.5818   
      1471:     44130.000000           1         -440.5803   
      1472:     44160.000000           1         -440.5845   
      1473:     44190.000000           1         -440.5897   
      1474:     44220.000000           1         -440.5961   
      1475:     44250.000000           1         -440.5960   
      1476:     44280.000000           1         -440.5948   
      1477:     44310.000000           1         -440.5970   
      1478:     44340.000000           1         -440.5961   
      1479:     44370.000000           1         -440.5962   
      1480:     44400.000000           1         -440.5964   
      1481:     44430.000000           1         -440.5991   
      1482:     44460.000000           1         -440.6046   
      1483:     44490.000000           1         -440.6065   
      1484:     44520.000000           1         -440.6118   
      1485:     44550.000000           1         -440.6166   
      1486:     44580.000000           1         -440.6204   
      1487:     44610.000000           1         -440.6225   
      1488:     44640.000000           1         -440.6208   
      1489:     44670.000000           1         -440.6183   
      1490:     44700.000000           1         -440.6196   
      1491:     44730.000000           1         -440.6221   
      1492:     44760.000000           1         -440.6227   
      1493:     44790.000000           1         -440.6201   
      1494:     44820.000000           1         -440.6141   
      1495:     44850.000000           1         -440.6099   
      1496:     44880.000000           1         -440.6033   
      1497:     44910.000000           1         -440.5986   
      1498:     44940.000000           1         -440.5946   
      1499:     44970.000000           1         -440.5927   
      1500:     45000.000000           1         -440.5869   
      1501:     45030.000000           1         -440.5903   
      1502:     45060.000000           1         -440.5967   
      1503:     45090.000000           1         -440.6021   
      1504:     45120.000000           1         -440.6111   
      1505:     45150.000000           1         -440.6200   
      1506:     45180.000000           1         -440.6223   
      1507:     45210.000000           1         -440.6279   
      1508:     45240.000000           1         -440.6354   
      1509:     45270.000000           1         -440.6349   
      1510:     45300.000000           1         -440.6384   
      1511:     45330.000000           1         -440.6438   
      1512:     45360.000000           1         -440.6442   
      1513:     45390.000000           1         -440.6442   
      1514:     45420.000000           1         -440.6454   
      1515:     45450.000000           1         -440.6444   
      1516:     45480.000000           1         -440.6439   
      1517:     45510.000000           1         -440.6454   
      1518:     45540.000000           1         -440.6456   
      1519:     45570.000000           1         -440.6448   
      1520:     45600.000000           1         -440.6443   
      1521:     45630.000000           1         -440.6428   
      1522:     45660.000000           1         -440.6369   
      1523:     45690.000000           1         -440.6359   
      1524:     45720.000000           1         -440.6373   
      1525:     45750.000000           1         -440.6391   
      1526:     45780.000000           1         -440.6426   
      1527:     45810.000000           1         -440.6435   
      1528:     45840.000000           1         -440.6427   
      1529:     45870.000000           1         -440.6495   
      1530:     45900.000000           1         -440.6468   
      1531:     45930.000000           1         -440.6485   
      1532:     45960.000000           1         -440.6455   
      1533:     45990.000000           1         -440.6477   
      1534:     46020.000000           1         -440.6531   
      1535:     46050.000000           1         -440.6555   
      1536:     46080.000000           1         -440.6586   
      1537:     46110.000000           1         -440.6594   
      1538:     46140.000000           1         -440.6613   
      1539:     46170.000000           1         -440.6619   
      1540:     46200.000000           1         -440.6600   
      1541:     46230.000000           1         -440.6605   
      1542:     46260.000000           1         -440.6571   
      1543:     46290.000000           1         -440.6604   
      1544:     46320.000000           1         -440.6575   
      1545:     46350.000000           1         -440.6620   
      1546:     46380.000000           1         -440.6662   
      1547:     46410.000000           1         -440.6720   
      1548:     46440.000000           1         -440.6800   
      1549:     46470.000000           1         -440.6856   
      1550:     46500.000000           1         -440.6883   
      1551:     46530.000000           1         -440.6915   
      1552:     46560.000000           1         -440.6981   
      1553:     46590.000000           1         -440.7025   
      1554:     46620.000000           1         -440.7090   
      1555:     46650.000000           1         -440.7127   
      1556:     46680.000000           1         -440.7210   
      1557:     46710.000000           1         -440.7211   
      1558:     46740.000000           1         -440.7229   
      1559:     46770.000000           1         -440.7228   
      1560:     46800.000000           1         -440.7277   
      1561:     46830.000000           1         -440.7365   
      1562:     46860.000000           1         -440.7345   
      1563:     46890.000000           1         -440.7423   
      1564:     46920.000000           1         -440.7451   
      1565:     46950.000000           1         -440.7512   
      1566:     46980.000000           1         -440.7541   
      1567:     47010.000000           1         -440.7548   
      1568:     47040.000000           1         -440.7581   
      1569:     47070.000000           1         -440.7581   
      1570:     47100.000000           1         -440.7614   
      1571:     47130.000000           1         -440.7643   
      1572:     47160.000000           1         -440.7661   
      1573:     47190.000000           1         -440.7687   
      1574:     47220.000000           1         -440.7676   
      1575:     47250.000000           1         -440.7654   
      1576:     47280.000000           1         -440.7726   
      1577:     47310.000000           1         -440.7696   
      1578:     47340.000000           1         -440.7698   
      1579:     47370.000000           1         -440.7717   
      1580:     47400.000000           1         -440.7728   
      1581:     47430.000000           1         -440.7736   
      1582:     47460.000000           1         -440.7779   
      1583:     47490.000000           1         -440.7815   
      1584:     47520.000000           1         -440.7846   
      1585:     47550.000000           1         -440.7924   
      1586:     47580.000000           1         -440.7965   
      1587:     47610.000000           1         -440.7992   
      1588:     47640.000000           1         -440.8021   
      1589:     47670.000000           1         -440.8033   
      1590:     47700.000000           1         -440.8017   
      1591:     47730.000000           1         -440.8047   
      1592:     47760.000000           1         -440.8067   
      1593:     47790.000000           1         -440.8061   
      1594:     47820.000000           1         -440.8041   
      1595:     47850.000000           1         -440.8026   
      1596:     47880.000000           1         -440.8040   
      1597:     47910.000000           1         -440.8066   
      1598:     47940.000000           1         -440.8040   
      1599:     47970.000000           1         -440.8050   
      1600:     48000.000000           1         -440.8044   
      1601:     48030.000000           1         -440.8034   
      1602:     48060.000000           1         -440.8018   
      1603:     48090.000000           1         -440.8014   
      1604:     48120.000000           1         -440.8040   
      1605:     48150.000000           1         -440.8040   
      1606:     48180.000000           1         -440.8103   
      1607:     48210.000000           1         -440.8183   
      1608:     48240.000000           1         -440.8232   
      1609:     48270.000000           1         -440.8248   
      1610:     48300.000000           1         -440.8262   
      1611:     48330.000000           1         -440.8296   
      1612:     48360.000000           1         -440.8324   
      1613:     48390.000000           1         -440.8320   
      1614:     48420.000000           1         -440.8284   
      1615:     48450.000000           1         -440.8323   
      1616:     48480.000000           1         -440.8384   
      1617:     48510.000000           1         -440.8407   
      1618:     48540.000000           1         -440.8427   
      1619:     48570.000000           1         -440.8428   
      1620:     48600.000000           1         -440.8457   
      1621:     48630.000000           1         -440.8435   
      1622:     48660.000000           1         -440.8423   
      1623:     48690.000000           1         -440.8461   
      1624:     48720.000000           1         -440.8475   
      1625:     48750.000000           1         -440.8511   
      1626:     48780.000000           1         -440.8569   
      1627:     48810.000000           1         -440.8600   
      1628:     48840.000000           1         -440.8625   
      1629:     48870.000000           1         -440.8613   
      1630:     48900.000000           1         -440.8617   
      1631:     48930.000000           1         -440.8628   
      1632:     48960.000000           1         -440.8614   
      1633:     48990.000000           1         -440.8615   
      1634:     49020.000000           1         -440.8667   
      1635:     49050.000000           1         -440.8750   
      1636:     49080.000000           1         -440.8801   
      1637:     49110.000000           1         -440.8852   
      1638:     49140.000000           1         -440.8853   
      1639:     49170.000000           1         -440.8874   
      1640:     49200.000000           1         -440.8845   
      1641:     49230.000000           1         -440.8867   
      1642:     49260.000000           1         -440.8827   
      1643:     49290.000000           1         -440.8837   
      1644:     49320.000000           1         -440.8817   
      1645:     49350.000000           1         -440.8827   
      1646:     49380.000000           1         -440.8852   
      1647:     49410.000000           1         -440.8887   
      1648:     49440.000000           1         -440.8935   
      1649:     49470.000000           1         -440.8979   
      1650:     49500.000000           1         -440.8978   
      1651:     49530.000000           1         -440.8972   
      1652:     49560.000000           1         -440.9004   
      1653:     49590.000000           1         -440.9061   
      1654:     49620.000000           1         -440.9125   
      1655:     49650.000000           1         -440.9158   
      1656:     49680.000000           1         -440.9193   
      1657:     49710.000000           1         -440.9200   
      1658:     49740.000000           1         -440.9225   
      1659:     49770.000000           1         -440.9244   
      1660:     49800.000000           1         -440.9240   
      1661:     49830.000000           1         -440.9257   
      1662:     49860.000000           1         -440.9241   
      1663:     49890.000000           1         -440.9232   
      1664:     49920.000000           1         -440.9245   
      1665:     49950.000000           1         -440.9298   
      1666:     49980.000000           1         -440.9331   
      1667:     50010.000000           1         -440.9361   
      1668:     50040.000000           1         -440.9366   
      1669:     50070.000000           1         -440.9346   
      1670:     50100.000000           1         -440.9309   
      1671:     50130.000000           1         -440.9244   
      1672:     50160.000000           1         -440.9195   
      1673:     50190.000000           1         -440.9161   
      1674:     50220.000000           1         -440.9178   
      1675:     50250.000000           1         -440.9156   
      1676:     50280.000000           1         -440.9176   
      1677:     50310.000000           1         -440.9131   
      1678:     50340.000000           1         -440.9166   
      1679:     50370.000000           1         -440.9182   
      1680:     50400.000000           1         -440.9138   
      1681:     50430.000000           1         -440.9141   
      1682:     50460.000000           1         -440.9130   
      1683:     50490.000000           1         -440.9111   
      1684:     50520.000000           1         -440.9118   
      1685:     50550.000000           1         -440.9150   
      1686:     50580.000000           1         -440.9114   
      1687:     50610.000000           1         -440.9128   
      1688:     50640.000000           1         -440.9177   
      1689:     50670.000000           1         -440.9192   
      1690:     50700.000000           1         -440.9152   
      1691:     50730.000000           1         -440.9106   
      1692:     50760.000000           1         -440.9113   
      1693:     50790.000000           1         -440.9114   
      1694:     50820.000000           1         -440.9101   
      1695:     50850.000000           1         -440.9090   
      1696:     50880.000000           1         -440.9081   
      1697:     50910.000000           1         -440.9059   
      1698:     50940.000000           1         -440.9046   
      1699:     50970.000000           1         -440.9025   
      1700:     51000.000000           1         -440.9017   
      1701:     51030.000000           1         -440.9028   
      1702:     51060.000000           1         -440.9038   
      1703:     51090.000000           1         -440.9091   
      1704:     51120.000000           1         -440.9105   
      1705:     51150.000000           1         -440.9118   
      1706:     51180.000000           1         -440.9084   
      1707:     51210.000000           1         -440.9070   
      1708:     51240.000000           1         -440.9091   
      1709:     51270.000000           1         -440.9064   
      1710:     51300.000000           1         -440.9050   
      1711:     51330.000000           1         -440.9061   
      1712:     51360.000000           1         -440.9070   
      1713:     51390.000000           1         -440.9059   
      1714:     51420.000000           1         -440.9049   
      1715:     51450.000000           1         -440.9063   
      1716:     51480.000000           1         -440.9083   
      1717:     51510.000000           1         -440.9106   
      1718:     51540.000000           1         -440.9076   
      1719:     51570.000000           1         -440.9061   
      1720:     51600.000000           1         -440.9051   
      1721:     51630.000000           1         -440.9034   
      1722:     51660.000000           1         -440.9028   
      1723:     51690.000000           1         -440.8983   
      1724:     51720.000000           1         -440.8958   
      1725:     51750.000000           1         -440.8981   
      1726:     51780.000000           1         -440.9020   
      1727:     51810.000000           1         -440.9061   
      1728:     51840.000000           1         -440.9093   
      1729:     51870.000000           1         -440.9060   
      1730:     51900.000000           1         -440.9060   
      1731:     51930.000000           1         -440.9052   
      1732:     51960.000000           1         -440.9073   
      1733:     51990.000000           1         -440.9066   
      1734:     52020.000000           1         -440.9084   
      1735:     52050.000000           1         -440.9113   
      1736:     52080.000000           1         -440.9124   
      1737:     52110.000000           1         -440.9115   
      1738:     52140.000000           1         -440.9135   
      1739:     52170.000000           1         -440.9142   
      1740:     52200.000000           1         -440.9165   
      1741:     52230.000000           1         -440.9189   
      1742:     52260.000000           1         -440.9227   
      1743:     52290.000000           1         -440.9242   
      1744:     52320.000000           1         -440.9237   
      1745:     52350.000000           1         -440.9264   
      1746:     52380.000000           1         -440.9301   
      1747:     52410.000000           1         -440.9287   
      1748:     52440.000000           1         -440.9276   
      1749:     52470.000000           1         -440.9289   
      1750:     52500.000000           1         -440.9251   
      1751:     52530.000000           1         -440.9210   
      1752:     52560.000000           1         -440.9209   
      1753:     52590.000000           1         -440.9197   
      1754:     52620.000000           1         -440.9196   
      1755:     52650.000000           1         -440.9176   
      1756:     52680.000000           1         -440.9159   
      1757:     52710.000000           1         -440.9179   
      1758:     52740.000000           1         -440.9225   
      1759:     52770.000000           1         -440.9250   
      1760:     52800.000000           1         -440.9266   
      1761:     52830.000000           1         -440.9257   
      1762:     52860.000000           1         -440.9217   
      1763:     52890.000000           1         -440.9217   
      1764:     52920.000000           1         -440.9264   
      1765:     52950.000000           1         -440.9249   
      1766:     52980.000000           1         -440.9249   
      1767:     53010.000000           1         -440.9272   
      1768:     53040.000000           1         -440.9339   
      1769:     53070.000000           1         -440.9411   
      1770:     53100.000000           1         -440.9441   
      1771:     53130.000000           1         -440.9453   
      1772:     53160.000000           1         -440.9454   
      1773:     53190.000000           1         -440.9452   
      1774:     53220.000000           1         -440.9475   
      1775:     53250.000000           1         -440.9502   
      1776:     53280.000000           1         -440.9504   
      1777:     53310.000000           1         -440.9525   
      1778:     53340.000000           1         -440.9543   
      1779:     53370.000000           1         -440.9539   
      1780:     53400.000000           1         -440.9559   
      1781:     53430.000000           1         -440.9569   
      1782:     53460.000000           1         -440.9564   
      1783:     53490.000000           1         -440.9571   
      1784:     53520.000000           1         -440.9591   
      1785:     53550.000000           1         -440.9623   
      1786:     53580.000000           1         -440.9663   
      1787:     53610.000000           1         -440.9660   
      1788:     53640.000000           1         -440.9651   
      1789:     53670.000000           1         -440.9646   
      1790:     53700.000000           1         -440.9620   
      1791:     53730.000000           1         -440.9613   
      1792:     53760.000000           1         -440.9602   
      1793:     53790.000000           1         -440.9555   
      1794:     53820.000000           1         -440.9528   
      1795:     53850.000000           1         -440.9570   
      1796:     53880.000000           1         -440.9563   
      1797:     53910.000000           1         -440.9599   
      1798:     53940.000000           1         -440.9629   
      1799:     53970.000000           1         -440.9659   
      1800:     54000.000000           1         -440.9677   
      1801:     54030.000000           1         -440.9728   
      1802:     54060.000000           1         -440.9786   
      1803:     54090.000000           1         -440.9802   
      1804:     54120.000000           1         -440.9783   
      1805:     54150.000000           1         -440.9753   
      1806:     54180.000000           1         -440.9728   
      1807:     54210.000000           1         -440.9701   
      1808:     54240.000000           1         -440.9711   
      1809:     54270.000000           1         -440.9709   
      1810:     54300.000000           1         -440.9715   
      1811:     54330.000000           1         -440.9719   
      1812:     54360.000000           1         -440.9715   
      1813:     54390.000000           1         -440.9717   
      1814:     54420.000000           1         -440.9798   
      1815:     54450.000000           1         -440.9869   
      1816:     54480.000000           1         -440.9903   
      1817:     54510.000000           1         -440.9945   
      1818:     54540.000000           1         -440.9974   
      1819:     54570.000000           1         -440.9975   
      1820:     54600.000000           1         -440.9974   
      1821:     54630.000000           1         -440.9958   
      1822:     54660.000000           1         -440.9928   
      1823:     54690.000000           1         -440.9905   
      1824:     54720.000000           1         -440.9902   
      1825:     54750.000000           1         -440.9893   
      1826:     54780.000000           1         -440.9930   
      1827:     54810.000000           1         -440.9958   
      1828:     54840.000000           1         -440.9970   
      1829:     54870.000000           1         -441.0032   
      1830:     54900.000000           1         -441.0060   
      1831:     54930.000000           1         -441.0053   
      1832:     54960.000000           1         -441.0064   
      1833:     54990.000000           1         -441.0073   
      1834:     55020.000000           1         -441.0030   
      1835:     55050.000000           1         -441.0046   
      1836:     55080.000000           1         -441.0036   
      1837:     55110.000000           1         -441.0017   
      1838:     55140.000000           1         -441.0025   
      1839:     55170.000000           1         -441.0039   
      1840:     55200.000000           1         -441.0079   
      1841:     55230.000000           1         -441.0125   
      1842:     55260.000000           1         -441.0167   
      1843:     55290.000000           1         -441.0169   
      1844:     55320.000000           1         -441.0193   
      1845:     55350.000000           1         -441.0222   
      1846:     55380.000000           1         -441.0267   
      1847:     55410.000000           1         -441.0317   
      1848:     55440.000000           1         -441.0296   
      1849:     55470.000000           1         -441.0280   
      1850:     55500.000000           1         -441.0296   
      1851:     55530.000000           1         -441.0316   
      1852:     55560.000000           1         -441.0339   
      1853:     55590.000000           1         -441.0343   
      1854:     55620.000000           1         -441.0370   
      1855:     55650.000000           1         -441.0369   
      1856:     55680.000000           1         -441.0404   
      1857:     55710.000000           1         -441.0427   
      1858:     55740.000000           1         -441.0413   
      1859:     55770.000000           1           70.8937   
      1860:     55800.000000           1         -441.7117   
      1861:     55830.000000           1         -441.8597   
      1862:     55860.000000           1         -441.7959   
      1863:     55890.000000           1         -441.8061   
      1864:     55920.000000           1         -441.7912   
      1865:     55950.000000           1         -441.7896   
      1866:     55980.000000           1         -441.7647   
      1867:     56010.000000           1         -441.7688   
      1868:     56040.000000           1         -441.7522   
      1869:     56070.000000           1         -441.7514   
      1870:     56100.000000           1         -441.7485   
      1871:     56130.000000           1         -441.7381   
      1872:     56160.000000           1         -441.7308   
      1873:     56190.000000           1         -441.7179   
      1874:     56220.000000           1         -441.7127   
      1875:     56250.000000           1         -441.7153   
      1876:     56280.000000           1         -441.7217   
      1877:     56310.000000           1         -441.7170   
      1878:     56340.000000           1         -441.7166   
      1879:     56370.000000           1         -441.7162   
      1880:     56400.000000           1         -441.7233   
      1881:     56430.000000           1         -441.7195   
      1882:     56460.000000           1         -441.7271   
      1883:     56490.000000           1         -441.7296   
      1884:     56520.000000           1         -441.7391   
      1885:     56550.000000           1         -441.7510   
      1886:     56580.000000           1         -441.7614   
      1887:     56610.000000           1         -441.7637   
      1888:     56640.000000           1         -441.7651   
      1889:     56670.000000           1         -441.7672   
      1890:     56700.000000           1         -441.7729   
      1891:     56730.000000           1         -441.7758   
      1892:     56760.000000           1         -441.7835   
      1893:     56790.000000           1         -441.7905   
      1894:     56820.000000           1         -441.7969   
      1895:     56850.000000           1         -441.8055   
      1896:     56880.000000           1         -441.8101   
      1897:     56910.000000           1         -441.8143   
      1898:     56940.000000           1         -441.8201   
      1899:     56970.000000           1           70.9947   
      1900:     57000.000000           1           70.9879   
      1901:     57030.000000           1           70.9852   
      1902:     57060.000000           1           70.9821   
      1903:     57090.000000           1           70.9814   
      1904:     57120.000000           1           70.9770   
      1905:     57150.000000           1           70.9673   
      1906:     57180.000000           1           70.9660   
      1907:     57210.000000           1           70.9598   
      1908:     57240.000000           1           70.9509   
      1909:     57270.000000           1           70.9580   
      1910:     57300.000000           1           70.9467   
      1911:     57330.000000           1           70.9367   
      1912:     57360.000000           1           70.9344   
      1913:     57390.000000           1           70.9321   
      1914:     57420.000000           1           70.9262   
      1915:     57450.000000           1           70.9276   
      1916:     57480.000000           1           70.9210   
      1917:     57510.000000           1           70.9262   
      1918:     57540.000000           1           70.9230   
      1919:     57570.000000           1           70.9214   
      1920:     57600.000000           1           70.9166   
      1921:     57630.000000           1           70.9126   
      1922:     57660.000000           1           70.9116   
      1924:     57720.000000           1           70.8986   
      1925:     57750.000000           1           70.8953   
      1927:     57810.000000           1           70.8974   
