      1044:    549720.000000           1           65.4602   
      1045:    549750.000000           1           65.4552   
      1046:    549780.000000           1           65.4539   
      1047:    549810.000000           1           65.4485   
      1048:    549840.000000           1           65.4394   
      1049:    549870.000000           1           65.4261   
      1050:    549900.000000           1           65.4051   
      1051:    549930.000000           1           65.3946   
      1052:    549960.000000           1           65.3636   
      1053:    549990.000000           1           65.3366   
      1054:    550020.000000           1           65.3245   
      1055:    550050.000000           1           65.3133   
      1056:    550080.000000           1           65.3015   
      1057:    550110.000000           1           65.2875   
      1058:    550140.000000           1           65.2664   
      1059:    550170.000000           1           65.2485   
      1060:    550200.000000           1           65.2379   
      1061:    550230.000000           1           65.2281   
      1062:    550260.000000           1           65.2189   
      1063:    550290.000000           1           65.2081   
      1064:    550320.000000           1           65.2016   
      1065:    550350.000000           1           65.1937   
      1066:    550380.000000           1           65.1838   
      1067:    550410.000000           1           65.1763   
      1068:    550440.000000           1           65.1670   
      1069:    550470.000000           1           65.1547   
      1070:    550500.000000           1         -275.5315   
      1071:    550530.000000           1         -275.5409   
      1072:    550560.000000           1         -275.6321   
      1073:    550590.000000           1         -275.8024   
      1074:    550620.000000           1          -17.4245   
      1075:    550650.000000           1          -17.4281   
      1076:    550680.000000           1          -17.4328   
      1077:    550710.000000           1          -17.4348   
      1078:    550740.000000           1          103.0824   
      1079:    550770.000000           1          -17.4402   
      1080:    550800.000000           1          103.0848   
      1081:    550830.000000           1          103.0817   
      1082:    550860.000000           1          103.0786   
      1083:    550890.000000           1          103.0761   
      1084:    550920.000000           1          103.0693   
      1085:    550950.000000           1          -17.4485   
      1086:    550980.000000           1          -17.4530   
      1087:    551010.000000           1          -17.4558   
      1088:    551040.000000           1          -17.4634   
      1089:    551070.000000           1          -17.4709   
      1090:    551100.000000           1          -17.4792   
      1091:    551130.000000           1          -17.4882   
      1092:    551160.000000           1          -17.4960   
      1093:    551190.000000           1          -17.5010   
      1094:    551220.000000           1          -17.5077   
      1095:    551250.000000           1          -17.5146   
      1096:    551280.000000           1          -17.5203   
      1097:    551310.000000           1          -17.5322   
      1098:    551340.000000           1          -17.5388   
      1099:    551370.000000           1           64.9640   
      1100:    551400.000000           1           64.9566   
      1101:    551430.000000           1           64.9454   
      1102:    551460.000000           1           64.9302   
      1103:    551490.000000           1           64.9168   
      1104:    551520.000000           1           64.9020   
      1105:    551550.000000           1           64.8886   
      1106:    551580.000000           1           64.8768   
      1107:    551610.000000           1           64.8673   
      1108:    551640.000000           1           64.8620   
      1109:    551670.000000           1           64.8614   
      1110:    551700.000000           1           64.8554   
      1111:    551730.000000           1          -17.5481   
      1112:    551760.000000           1           64.8367   
      1113:    551790.000000           1           64.8306   
      1114:    551820.000000           1           64.8202   
      1115:    551850.000000           1           64.8180   
      1116:    551880.000000           1           64.8116   
      1117:    551910.000000           1           64.8062   
      1118:    551940.000000           1           64.8011   
      1119:    551970.000000           1          835.8824   
      1120:    552000.000000           1          835.8751   
      1121:    552030.000000           1           64.7810   
      1122:    552060.000000           1           64.7736   
      1123:    552090.000000           1           64.7699   
      1124:    552120.000000           1           64.7630   
      1125:    552150.000000           1           64.7575   
      1126:    552180.000000           1          -17.5876   
      1127:    552210.000000           1           64.7513   
      1128:    552240.000000           1           64.7493   
      1129:    552270.000000           1           64.7469   
      1130:    552300.000000           1           64.7453   
      1131:    552330.000000           1           64.7461   
      1132:    552360.000000           1           64.7446   
      1133:    552390.000000           1           64.7414   
      1134:    552420.000000           1          -17.5893   
      1135:    552450.000000           1          -17.5895   
      1136:    552480.000000           1          -17.5920   
      1137:    552510.000000           1          -17.5961   
      1138:    552540.000000           1          -17.5978   
      1139:    552570.000000           1          -17.6011   
      1140:    552600.000000           1          -17.6009   
      1141:    552630.000000           1          -17.6000   
      1142:    552660.000000           1          -17.6009   
      1143:    552690.000000           1          102.7511   
      1144:    552720.000000           1          -17.6027   
      1145:    552750.000000           1          -17.6031   
      1146:    552780.000000           1           64.7007   
      1147:    552810.000000           1           64.6990   
      1148:    552840.000000           1           64.6975   
      1149:    552870.000000           1          -17.5898   
      1150:    552900.000000           1           64.7028   
      1151:    552930.000000           1          -17.5835   
      1152:    552960.000000           1           64.7205   
      1153:    552990.000000           1           64.7224   
      1154:    553020.000000           1           64.7218   
      1155:    553050.000000           1          836.7620   
      1156:    553080.000000           1          836.7585   
      1157:    553110.000000           1          836.7721   
      1158:    553140.000000           1          836.7784   
      1159:    553170.000000           1          836.7939   
      1160:    553200.000000           1          836.7945   
      1161:    553230.000000           1          836.7855   
      1162:    553260.000000           1          836.7972   
      1163:    553290.000000           1          836.8205   
      1164:    553320.000000           1          836.8253   
      1165:    553350.000000           1           64.7131   
      1166:    553380.000000           1          836.4334   
      1167:    553410.000000           1          836.5475   
      1168:    553440.000000           1          836.6649   
      1169:    553470.000000           1          836.7020   
      1170:    553500.000000           1          836.7493   
      1171:    553530.000000           1          836.8281   
      1172:    553560.000000           1          836.8443   
      1173:    553590.000000           1          836.8644   
      1174:    553620.000000           1          836.8909   
      1175:    553650.000000           1          836.9345   
      1176:    553680.000000           1          836.9652   
      1177:    553710.000000           1          837.0097   
      1178:    553740.000000           1          837.0481   
      1179:    553770.000000           1          837.0701   
      1180:    553800.000000           1          837.0749   
      1181:    553830.000000           1          837.0751   
      1182:    553860.000000           1          837.0923   
      1183:    553890.000000           1           64.7543   
      1184:    553920.000000           1          837.1470   
      1185:    553950.000000           1          837.1659   
      1186:    553980.000000           1          837.1860   
      1187:    554010.000000           1          837.2077   
      1188:    554040.000000           1          837.2079   
      1189:    554070.000000           1          837.2093   
      1190:    554100.000000           1          837.2035   
      1191:    554130.000000           1          837.1932   
      1192:    554160.000000           1          837.1803   
      1193:    554190.000000           1          837.1559   
      1194:    554220.000000           1           64.7997   
      1195:    554250.000000           1          837.1034   
      1196:    554280.000000           1          837.0896   
      1197:    554310.000000           1          837.0830   
      1198:    554340.000000           1          837.0825   
      1199:    554370.000000           1          837.0841   
      1200:    554400.000000           1          837.0900   
      1201:    554430.000000           1          837.0961   
      1202:    554460.000000           1          837.1065   
      1203:    554490.000000           1           64.8704   
      1204:    554520.000000           1          837.1232   
      1205:    554550.000000           1          837.1382   
      1206:    554580.000000           1          837.1472   
      1207:    554610.000000           1          837.1600   
      1208:    554640.000000           1          837.1712   
      1209:    554670.000000           1          837.1804   
      1210:    554700.000000           1          837.1829   
      1211:    554730.000000           1          837.1863   
      1212:    554760.000000           1          837.1945   
      1213:    554790.000000           1          837.2068   
      1214:    554820.000000           1          837.2158   
      1215:    554850.000000           1          837.2204   
      1216:    554880.000000           1          837.2212   
      1217:    554910.000000           1          837.2279   
      1218:    554940.000000           1          837.2413   
      1219:    554970.000000           1          837.2446   
      1220:    555000.000000           1          837.2516   
      1221:    555030.000000           1          837.2511   
      1222:    555060.000000           1          837.2604   
      1223:    555090.000000           1          837.2708   
      1224:    555120.000000           1          837.2774   
      1225:    555150.000000           1          837.2812   
      1226:    555180.000000           1           65.0046   
      1227:    555210.000000           1          837.2900   
      1228:    555240.000000           1          837.2933   
      1229:    555270.000000           1          837.3039   
      1230:    555300.000000           1          837.3139   
      1231:    555330.000000           1          837.3178   
      1232:    555360.000000           1          837.3221   
      1233:    555390.000000           1          837.3357   
      1234:    555420.000000           1          837.3436   
      1235:    555450.000000           1          837.3366   
      1236:    555480.000000           1          837.3420   
      1237:    555510.000000           1          837.3293   
      1238:    555540.000000           1          837.2634   
      1239:    555570.000000           1          837.2156   
      1240:    555600.000000           1           65.1432   
      1241:    555630.000000           1           65.1538   
      1242:    555660.000000           1           65.1615   
      1243:    555690.000000           1           65.1682   
      1244:    555720.000000           1           65.1823   
      1245:    555750.000000           1           65.1964   
      1246:    555780.000000           1           65.2116   
      1247:    555810.000000           1           65.2180   
      1248:    555840.000000           1           65.2259   
      1249:    555870.000000           1           65.2324   
      1250:    555900.000000           1           65.2363   
      1251:    555930.000000           1           65.2416   
      1252:    555960.000000           1           65.2542   
      1253:    555990.000000           1           65.2624   
      1254:    556020.000000           1           65.2706   
      1255:    556050.000000           1           65.2759   
      1256:    556080.000000           1           65.2783   
      1257:    556110.000000           1           65.2896   
      1258:    556140.000000           1           65.3017   
      1259:    556170.000000           1           65.3124   
      1260:    556200.000000           1           65.3193   
      1261:    556230.000000           1           65.3304   
      1262:    556260.000000           1           65.3460   
      1263:    556290.000000           1           65.3519   
      1264:    556320.000000           1          837.5086   
      1265:    556350.000000           1          837.5322   
      1266:    556380.000000           1          837.5414   
      1267:    556410.000000           1          837.5465   
      1268:    556440.000000           1           65.4104   
      1269:    556470.000000           1          837.5700   
      1270:    556500.000000           1          837.5780   
      1271:    556530.000000           1          837.5870   
      1272:    556560.000000           1          837.5972   
      1273:    556590.000000           1          837.6059   
      1274:    556620.000000           1          837.6106   
      1275:    556650.000000           1          837.6121   
      1276:    556680.000000           1           65.4699   
      1277:    556710.000000           1           65.4836   
      1278:    556740.000000           1           65.4895   
      1279:    556770.000000           1           65.4954   
      1280:    556800.000000           1          737.2431   
      1281:    556830.000000           1           65.5190   
      1282:    556860.000000           1           65.5252   
      1283:    556890.000000           1           65.5304   
      1284:    556920.000000           1           65.5369   
      1285:    556950.000000           1           65.5506   
      1286:    556980.000000           1           65.5641   
      1287:    557010.000000           1           65.5726   
      1288:    557040.000000           1           65.5797   
      1289:    557070.000000           1           65.5879   
      1290:    557100.000000           1           65.5958   
      1291:    557130.000000           1           65.6028   
      1292:    557160.000000           1           65.6091   
      1293:    557190.000000           1           65.6168   
      1294:    557220.000000           1           65.6306   
      1295:    557250.000000           1           65.6416   
      1296:    557280.000000           1           65.6522   
      1297:    557310.000000           1          737.6129   
      1298:    557340.000000           1           65.6782   
      1299:    557370.000000           1           65.6949   
      1300:    557400.000000           1           65.7008   
      1301:    557430.000000           1          837.9241   
      1302:    557460.000000           1          837.9346   
      1303:    557490.000000           1          837.9433   
      1304:    557520.000000           1          837.9529   
      1305:    557550.000000           1          837.9632   
      1306:    557580.000000           1           65.7443   
      1307:    557610.000000           1          838.0114   
      1308:    557640.000000           1          838.0194   
      1309:    557670.000000           1          838.0262   
      1310:    557700.000000           1          838.0325   
      1311:    557730.000000           1          838.0378   
      1312:    557760.000000           1          838.0513   
      1313:    557790.000000           1          737.7944   
      1314:    557820.000000           1          838.0736   
      1315:    557850.000000           1          838.0827   
      1316:    557880.000000           1          737.8469   
      1317:    557910.000000           1          838.1174   
      1318:    557940.000000           1          838.1260   
      1319:    557970.000000           1          838.1423   
      1320:    558000.000000           1           65.9063   
      1321:    558030.000000           1           65.9160   
      1322:    558060.000000           1           65.9379   
      1323:    558090.000000           1           65.9506   
      1324:    558120.000000           1           65.9645   
      1325:    558150.000000           1           65.9726   
      1326:    558180.000000           1           65.9782   
      1327:    558210.000000           1           65.9855   
      1328:    558240.000000           1           65.9936   
      1329:    558270.000000           1           66.0003   
      1330:    558300.000000           1           66.0137   
      1331:    558330.000000           1           66.0315   
      1332:    558360.000000           1           66.0383   
      1333:    558390.000000           1           66.0480   
      1334:    558420.000000           1           66.0554   
      1335:    558450.000000           1           66.0671   
      1336:    558480.000000           1          738.0633   
      1337:    558510.000000           1          -16.0816   
      1338:    558540.000000           1          738.0964   
      1339:    558570.000000           1          738.1098   
      1340:    558600.000000           1          738.1150   
      1341:    558630.000000           1          738.1254   
      1342:    558660.000000           1          738.1436   
      1343:    558690.000000           1          738.1610   
      1344:    558720.000000           1          738.1692   
      1345:    558750.000000           1          738.1852   
      1346:    558780.000000           1          738.1325   
      1347:    558810.000000           1          738.1368   
      1348:    558840.000000           1          738.1400   
      1349:    558870.000000           1          738.1462   
      1350:    558900.000000           1           66.2406   
      1351:    558930.000000           1           66.2493   
      1352:    558960.000000           1          738.1844   
      1353:    558990.000000           1          738.2018   
      1354:    559020.000000           1          738.2095   
      1355:    559050.000000           1          738.2202   
      1356:    559080.000000           1          738.2251   
      1357:    559110.000000           1          738.2295   
      1358:    559140.000000           1          738.2348   
      1359:    559170.000000           1          738.2510   
      1360:    559200.000000           1           66.3350   
      1361:    559230.000000           1           66.3455   
      1362:    559260.000000           1           66.3523   
      1363:    559290.000000           1           66.3583   
      1364:    559320.000000           1           66.3664   
      1365:    559350.000000           1           66.3696   
      1366:    559380.000000           1           66.3752   
      1367:    559410.000000           1           66.3822   
      1368:    559440.000000           1           66.3897   
      1369:    559470.000000           1           66.3948   
      1370:    559500.000000           1           66.4003   
      1371:    559530.000000           1           66.3982   
      1372:    559560.000000           1           66.3950   
      1373:    559590.000000           1           66.3874   
      1374:    559620.000000           1           66.3847   
      1375:    559650.000000           1           66.3827   
      1376:    559680.000000           1           66.3789   
      1377:    559710.000000           1           66.3758   
      1378:    559740.000000           1           66.3694   
      1379:    559770.000000           1           66.3595   
      1380:    559800.000000           1          738.2828   
      1381:    559830.000000           1           66.3432   
      1382:    559860.000000           1           66.3390   
      1383:    559890.000000           1           66.3366   
      1384:    559920.000000           1           66.3386   
      1385:    559950.000000           1          838.5815   
      1386:    559980.000000           1           66.3207   
      1387:    560010.000000           1          838.5633   
      1388:    560040.000000           1          838.5594   
      1389:    560070.000000           1           66.2932   
      1390:    560100.000000           1           66.2902   
      1391:    560130.000000           1           66.2872   
      1392:    560160.000000           1          738.2029   
      1393:    560190.000000           1           66.2714   
      1394:    560220.000000           1           66.2702   
      1395:    560250.000000           1           66.2670   
      1396:    560280.000000           1           66.2626   
      1397:    560310.000000           1           66.2593   
      1398:    560340.000000           1           66.2565   
      1399:    560370.000000           1           66.2535   
      1400:    560400.000000           1           66.2498   
      1401:    560430.000000           1           66.2464   
      1402:    560460.000000           1           66.2391   
      1403:    560490.000000           1          737.8063   
      1404:    560520.000000           1          737.8052   
      1405:    560550.000000           1          737.8163   
      1406:    560580.000000           1          737.8408   
      1407:    560610.000000           1          737.8472   
      1408:    560640.000000           1          737.8407   
      1409:    560670.000000           1          737.8631   
      1410:    560700.000000           1          737.8790   
      1411:    560730.000000           1          737.8780   
      1412:    560760.000000           1          737.8886   
      1413:    560790.000000           1          737.8965   
      1414:    560820.000000           1          -16.0273   
      1415:    560850.000000           1          737.8713   
      1416:    560880.000000           1          737.8617   
      1417:    560910.000000           1          737.8539   
      1418:    560940.000000           1          737.8468   
      1419:    560970.000000           1          737.8313   
      1420:    561000.000000           1          737.8218   
      1421:    561030.000000           1          -16.0641   
      1422:    561060.000000           1          737.7984   
      1423:    561090.000000           1          737.6088   
      1424:    561120.000000           1           66.1338   
      1425:    561150.000000           1           66.1287   
      1426:    561180.000000           1           66.1239   
      1427:    561210.000000           1           66.1172   
      1428:    561240.000000           1           66.1113   
      1429:    561270.000000           1           66.1066   
      1430:    561300.000000           1          838.3595   
      1431:    561330.000000           1          838.3505   
      1432:    561360.000000           1          838.3400   
      1433:    561390.000000           1          838.3321   
      1434:    561420.000000           1          838.3235   
      1435:    561450.000000           1          838.3155   
      1436:    561480.000000           1          838.3093   
      1437:    561510.000000           1          838.3077   
      1438:    561540.000000           1          838.3027   
      1439:    561570.000000           1          838.2924   
      1440:    561600.000000           1           66.0291   
      1441:    561630.000000           1          838.2700   
      1442:    561660.000000           1          838.2641   
      1443:    561690.000000           1          838.2526   
      1444:    561720.000000           1           65.9954   
      1445:    561750.000000           1          838.2364   
      1446:    561780.000000           1           65.9816   
      1447:    561810.000000           1          838.2249   
      1448:    561840.000000           1          838.2209   
      1449:    561870.000000           1          838.2086   
      1450:    561900.000000           1          838.1999   
      1451:    561930.000000           1           65.9406   
      1452:    561960.000000           1          838.1858   
      1453:    561990.000000           1          838.1799   
      1454:    562020.000000           1          838.1746   
      1455:    562050.000000           1          838.1621   
      1456:    562080.000000           1           65.9004   
      1457:    562110.000000           1          838.1429   
      1458:    562140.000000           1          838.1367   
      1459:    562170.000000           1          838.1332   
      1460:    562200.000000           1          838.1310   
      1461:    562230.000000           1          838.1241   
      1462:    562260.000000           1          838.1179   
      1463:    562290.000000           1          838.1126   
      1464:    562320.000000           1          838.1079   
      1465:    562350.000000           1          838.1036   
      1466:    562380.000000           1          838.0987   
      1467:    562410.000000           1          838.0922   
      1468:    562440.000000           1          838.0878   
      1469:    562470.000000           1          838.0838   
      1470:    562500.000000           1          838.0777   
      1471:    562530.000000           1          838.0750   
      1472:    562560.000000           1          838.0710   
      1473:    562590.000000           1           65.8200   
      1474:    562620.000000           1           65.8167   
      1475:    562650.000000           1           65.8099   
      1476:    562680.000000           1           65.8083   
      1477:    562710.000000           1           65.8055   
      1478:    562740.000000           1           65.8039   
      1479:    562770.000000           1           65.8006   
      1480:    562800.000000           1           65.8008   
      1481:    562830.000000           1           65.8170   
      1482:    562860.000000           1           65.8238   
      1483:    562890.000000           1           65.8298   
      1484:    562920.000000           1           65.8347   
      1485:    562950.000000           1           65.8391   
      1486:    562980.000000           1           65.8442   
      1487:    563010.000000           1           65.8511   
      1488:    563040.000000           1           65.8581   
      1489:    563070.000000           1           65.8635   
      1490:    563100.000000           1           65.8695   
      1491:    563130.000000           1          -16.3434   
      1492:    563160.000000           1           65.8968   
      1493:    563190.000000           1           65.9048   
      1494:    563220.000000           1           65.9097   
      1495:    563250.000000           1           65.9157   
      1496:    563280.000000           1           65.9300   
      1497:    563310.000000           1           65.9354   
      1498:    563340.000000           1           65.9418   
      1499:    563370.000000           1           65.9471   
      1500:    563400.000000           1           65.9512   
      1501:    563430.000000           1           65.9568   
      1502:    563460.000000           1          838.2241   
      1503:    563490.000000           1          838.2302   
      1504:    563520.000000           1           65.9846   
      1505:    563550.000000           1          838.2513   
      1506:    563580.000000           1          838.2538   
      1507:    563610.000000           1           66.0061   
      1508:    563640.000000           1           66.0114   
      1509:    563670.000000           1           66.0265   
      1510:    563700.000000           1           66.0323   
      1511:    563730.000000           1           66.0356   
      1512:    563760.000000           1           66.0465   
      1513:    563790.000000           1          -16.1695   
      1514:    563820.000000           1          -16.1652   
      1515:    563850.000000           1          -16.1607   
      1516:    563880.000000           1          -16.1553   
      1517:    563910.000000           1          -16.1515   
      1518:    563940.000000           1          -16.1464   
      1519:    563970.000000           1          -16.1419   
      1520:    564000.000000           1          -16.1366   
      1521:    564030.000000           1          -16.1317   
      1522:    564060.000000           1          -16.1275   
      1523:    564090.000000           1          -16.1173   
      1524:    564120.000000           1          -16.1121   
      1525:    564150.000000           1          -16.1102   
      1526:    564180.000000           1          -16.1078   
      1527:    564210.000000           1           66.1314   
      1528:    564240.000000           1          -16.0914   
      1529:    564270.000000           1           66.1447   
      1530:    564300.000000           1           66.1476   
      1531:    564330.000000           1           66.1530   
      1532:    564360.000000           1           66.1557   
      1533:    564390.000000           1           66.1590   
      1534:    564420.000000           1           66.1615   
      1535:    564450.000000           1          838.4306   
      1536:    564480.000000           1          838.4366   
      1537:    564510.000000           1          838.4424   
      1538:    564540.000000           1          838.4486   
      1539:    564570.000000           1          838.4532   
      1540:    564600.000000           1          838.4577   
      1541:    564630.000000           1          838.4628   
      1542:    564660.000000           1           66.2024   
      1543:    564690.000000           1          838.4817   
      1544:    564720.000000           1          838.4865   
      1545:    564750.000000           1           66.2222   
      1546:    564780.000000           1           66.2281   
      1547:    564810.000000           1           66.2327   
      1548:    564840.000000           1           66.2386   
      1549:    564870.000000           1           66.2445   
      1550:    564900.000000           1           66.2557   
      1551:    564930.000000           1           66.2615   
      1552:    564960.000000           1           66.2653   
      1553:    564990.000000           1           66.2692   
      1554:    565020.000000           1           66.2726   
      1555:    565050.000000           1           66.2775   
      1556:    565080.000000           1           66.2810   
      1557:    565110.000000           1           66.2857   
      1558:    565140.000000           1           66.2895   
      1559:    565170.000000           1           66.2961   
      1560:    565200.000000           1           66.3005   
      1561:    565230.000000           1           66.3043   
      1562:    565260.000000           1           89.4752   
      1563:    565290.000000           1           89.5295   
      1564:    565320.000000           1           66.3321   
      1565:    565350.000000           1           66.3371   
      1566:    565380.000000           1           66.3422   
      1567:    565410.000000           1           66.3460   
      1568:    565440.000000           1           66.3500   
      1569:    565470.000000           1          838.6391   
      1570:    565500.000000           1          838.6428   
      1571:    565530.000000           1           66.3618   
      1572:    565560.000000           1          838.6638   
      1573:    565590.000000           1          838.6758   
      1574:    565620.000000           1          838.6863   
      1575:    565650.000000           1           66.4044   
      1576:    565680.000000           1          838.7115   
      1577:    565710.000000           1          838.7169   
      1578:    565740.000000           1          838.7233   
      1579:    565770.000000           1          838.7322   
      1580:    565800.000000           1          838.7380   
      1581:    565830.000000           1          838.7458   
      1582:    565860.000000           1          838.7527   
      1583:    565890.000000           1          838.7634   
      1584:    565920.000000           1          838.7778   
      1585:    565950.000000           1          838.7826   
      1586:    565980.000000           1          838.7866   
      1587:    566010.000000           1          838.7927   
      1588:    566040.000000           1          838.7975   
      1589:    566070.000000           1          838.8010   
      1590:    566100.000000           1          838.8047   
      1591:    566130.000000           1          838.8087   
      1592:    566160.000000           1          838.8115   
      1593:    566190.000000           1          838.8173   
      1594:    566220.000000           1          838.8233   
      1595:    566250.000000           1          838.8298   
      1596:    566280.000000           1          838.8347   
      1597:    566310.000000           1           66.5306   
      1598:    566340.000000           1          838.8552   
      1599:    566370.000000           1           66.5418   
      1600:    566400.000000           1           66.5472   
      1601:    566430.000000           1           66.5517   
      1602:    566460.000000           1           66.5575   
      1603:    566490.000000           1           66.5645   
      1604:    566520.000000           1           66.5726   
      1605:    566550.000000           1           66.5835   
      1606:    566580.000000           1           66.5865   
      1607:    566610.000000           1           66.5928   
      1608:    566640.000000           1           89.4212   
      1609:    566670.000000           1           66.6197   
      1610:    566700.000000           1           66.6253   
      1611:    566730.000000           1           66.6313   
      1612:    566760.000000           1           66.6385   
      1613:    566790.000000           1           66.6450   
      1614:    566820.000000           1           66.6503   
      1615:    566850.000000           1           89.3929   
      1616:    566880.000000           1           66.6713   
      1617:    566910.000000           1           66.6785   
      1618:    566940.000000           1           66.6859   
      1619:    566970.000000           1           66.6947   
      1620:    567000.000000           1           66.7101   
      1621:    567030.000000           1           66.7169   
      1622:    567060.000000           1           66.7252   
      1623:    567090.000000           1           66.7304   
      1624:    567120.000000           1           89.5779   
      1625:    567150.000000           1           66.7577   
      1626:    567180.000000           1           89.6605   
      1627:    567210.000000           1           66.7810   
      1628:    567240.000000           1           66.7868   
      1629:    567270.000000           1           66.7946   
      1630:    567300.000000           1           66.8028   
      1631:    567330.000000           1           66.8083   
      1632:    567360.000000           1           66.8151   
      1633:    567390.000000           1           89.5815   
      1634:    567420.000000           1           66.8468   
      1635:    567450.000000           1           66.8537   
      1636:    567480.000000           1           66.8602   
      1637:    567510.000000           1           66.8754   
      1638:    567540.000000           1          839.2304   
      1639:    567570.000000           1          839.2365   
      1640:    567600.000000           1          839.2441   
      1641:    567630.000000           1           66.9134   
      1642:    567660.000000           1          839.2755   
      1643:    567690.000000           1          839.2839   
      1644:    567720.000000           1           66.9446   
      1645:    567750.000000           1           66.9505   
      1646:    567780.000000           1           66.9574   
      1647:    567810.000000           1           66.9628   
      1648:    567840.000000           1           66.9708   
      1649:    567870.000000           1           66.9798   
      1650:    567900.000000           1           66.9873   
      1651:    567930.000000           1           66.9963   
      1652:    567960.000000           1           67.0057   
      1653:    567990.000000           1           67.0127   
      1654:    568020.000000           1           67.0204   
      1655:    568050.000000           1           67.0279   
      1656:    568080.000000           1           67.0353   
      1657:    568110.000000           1           67.0418   
      1658:    568140.000000           1           67.0471   
      1659:    568170.000000           1           67.0561   
      1660:    568200.000000           1           67.0635   
      1661:    568230.000000           1           67.0724   
      1662:    568260.000000           1           67.0804   
      1663:    568290.000000           1           67.0878   
      1664:    568320.000000           1           67.0945   
      1665:    568350.000000           1           67.1012   
      1666:    568380.000000           1           67.1190   
      1667:    568410.000000           1           67.1351   
      1668:    568440.000000           1           67.1420   
      1669:    568470.000000           1          839.5053   
      1670:    568500.000000           1          839.5118   
      1671:    568530.000000           1          839.5196   
      1672:    568560.000000           1          839.5249   
      1673:    568590.000000           1          839.5314   
      1674:    568620.000000           1          839.5459   
      1675:    568650.000000           1          839.5612   
      1676:    568680.000000           1          839.5687   
      1677:    568710.000000           1          839.5749   
      1678:    568740.000000           1          839.5824   
      1679:    568770.000000           1           65.8951   
      1680:    568800.000000           1          839.6175   
      1681:    568830.000000           1           65.9029   
      1682:    568860.000000           1          839.6521   
      1683:    568890.000000           1          839.6579   
      1684:    568920.000000           1          839.6634   
      1685:    568950.000000           1          839.6706   
      1686:    568980.000000           1          839.6776   
      1687:    569010.000000           1          839.6835   
      1688:    569040.000000           1          839.6916   
      1689:    569070.000000           1          839.6994   
      1690:    569100.000000           1           66.0143   
      1691:    569130.000000           1          839.7283   
      1692:    569160.000000           1          839.7359   
      1693:    569190.000000           1          839.7430   
      1694:    569220.000000           1          839.7478   
      1695:    569250.000000           1          839.7542   
      1696:    569280.000000           1          839.7601   
      1697:    569310.000000           1          839.7650   
      1698:    569340.000000           1          839.7723   
      1699:    569370.000000           1          839.7792   
      1700:    569400.000000           1          839.7855   
      1701:    569430.000000           1          839.7920   
      1702:    569460.000000           1          839.8002   
      1703:    569490.000000           1          839.8095   
      1704:    569520.000000           1          839.8180   
      1705:    569550.000000           1          839.8268   
      1706:    569580.000000           1          839.8434   
      1707:    569610.000000           1           65.9597   
      1708:    569640.000000           1           65.9422   
      1709:    569670.000000           1           65.9360   
      1710:    569700.000000           1           65.9347   
      1711:    569730.000000           1           90.2863   
      1712:    569760.000000           1           90.3398   
      1713:    569790.000000           1           65.9423   
      1714:    569820.000000           1           65.9416   
      1715:    569850.000000           1           65.9421   
      1716:    569880.000000           1           65.9405   
      1717:    569910.000000           1           65.9388   
      1718:    569940.000000           1           90.4785   
      1719:    569970.000000           1           90.4952   
      1720:    570000.000000           1           90.5041   
      1721:    570030.000000           1           90.5131   
      1722:    570060.000000           1           90.5262   
      1723:    570090.000000           1           90.5486   
      1724:    570120.000000           1           90.5738   
      1725:    570150.000000           1           90.5934   
      1726:    570180.000000           1           90.6051   
      1727:    570210.000000           1           90.6181   
      1728:    570240.000000           1           90.6290   
      1729:    570270.000000           1           90.6386   
      1730:    570300.000000           1           90.6487   
      1731:    570330.000000           1           90.6605   
      1732:    570360.000000           1          -14.3751   
      1733:    570390.000000           1          -14.3654   
      1734:    570420.000000           1           90.7161   
      1735:    570450.000000           1           90.7300   
      1736:    570480.000000           1           90.7435   
      1737:    570510.000000           1          -14.3003   
      1738:    570540.000000           1           90.7703   
      1739:    570570.000000           1           90.7760   
      1740:    570600.000000           1          -14.2517   
      1741:    570630.000000           1           90.8178   
      1742:    570660.000000           1           90.8304   
      1743:    570690.000000           1           90.8453   
      1744:    570720.000000           1          840.3865   
      1745:    570750.000000           1          -14.1739   
      1746:    570780.000000           1           90.8859   
      1747:    570810.000000           1           90.8839   
      1748:    570840.000000           1           90.8850   
      1749:    570870.000000           1           90.8913   
      1750:    570900.000000           1           90.9013   
      1751:    570930.000000           1           90.9039   
      1752:    570960.000000           1           90.9108   
      1753:    570990.000000           1          840.5164   
      1754:    571020.000000           1           90.9289   
      1755:    571050.000000           1           90.9369   
      1756:    571080.000000           1           90.9456   
      1757:    571110.000000           1           90.9497   
      1758:    571140.000000           1          840.5709   
      1759:    571170.000000           1          840.5818   
      1760:    571200.000000           1          840.5928   
      1761:    571230.000000           1          -13.9764   
      1762:    571260.000000           1           91.0271   
      1763:    571290.000000           1           91.0537   
      1764:    571320.000000           1           91.0683   
      1765:    571350.000000           1           91.0800   
      1766:    571380.000000           1           91.0907   
      1767:    571410.000000           1          -13.8792   
      1768:    571440.000000           1           91.1298   
      1769:    571470.000000           1          -13.8340   
      1770:    571500.000000           1          -13.8133   
      1771:    571530.000000           1          -13.7936   
      1772:    571560.000000           1          -13.7831   
      1773:    571590.000000           1          -13.7622   
      1774:    571620.000000           1          -13.7402   
      1775:    571650.000000           1          -13.7277   
      1776:    571680.000000           1          -13.7167   
      1777:    571710.000000           1          -13.7057   
      1778:    571740.000000           1          -13.6941   
      1779:    571770.000000           1          -13.6823   
      1780:    571800.000000           1          -13.6708   
      1781:    571830.000000           1          -13.6602   
      1782:    571860.000000           1          -13.6498   
      1783:    571890.000000           1          -13.6381   
      1784:    571920.000000           1          -13.6264   
      1785:    571950.000000           1          -13.6151   
      1786:    571980.000000           1          -13.6023   
      1787:    572010.000000           1          -13.5912   
      1788:    572040.000000           1          -13.5796   
      1789:    572070.000000           1          -13.5665   
      1790:    572100.000000           1          -13.5480   
      1791:    572130.000000           1          -13.5233   
      1792:    572160.000000           1          -13.5110   
      1793:    572190.000000           1          -13.4996   
      1794:    572220.000000           1          -13.4883   
      1795:    572250.000000           1          -13.4754   
      1796:    572280.000000           1          -13.4636   
      1797:    572310.000000           1           91.5228   
      1798:    572340.000000           1           91.5359   
      1799:    572370.000000           1           91.5469   
      1800:    572400.000000           1           91.5579   
      1801:    572430.000000           1           91.5681   
      1802:    572460.000000           1           91.5804   
      1803:    572490.000000           1           91.5899   
      1804:    572520.000000           1           91.5998   
      1805:    572550.000000           1           91.6100   
      1806:    572580.000000           1           91.6199   
      1807:    572610.000000           1           91.6326   
      1808:    572640.000000           1           91.6445   
      1809:    572670.000000           1           91.6545   
      1810:    572700.000000           1          778.4243   
      1811:    572730.000000           1          778.6176   
      1812:    572760.000000           1           91.7060   
      1813:    572790.000000           1           91.7271   
      1814:    572820.000000           1           91.7392   
      1815:    572850.000000           1           91.7655   
      1816:    572880.000000           1           91.7789   
      1817:    572910.000000           1           91.7906   
      1818:    572940.000000           1           91.8021   
      1819:    572970.000000           1           91.8130   
      1820:    573000.000000           1           91.8234   
      1821:    573030.000000           1          -13.1388   
      1822:    573060.000000           1           77.2896   
      1823:    573090.000000           1          -13.0958   
      1824:    573120.000000           1          -13.0852   
      1825:    573150.000000           1           77.3529   
      1826:    573180.000000           1          -13.0419   
      1827:    573210.000000           1          -13.0314   
      1828:    573240.000000           1          -13.0202   
      1829:    573270.000000           1           77.4433   
      1830:    573300.000000           1          -12.9785   
      1831:    573330.000000           1           77.4869   
      1832:    573360.000000           1          -12.9354   
      1833:    573390.000000           1           77.5266   
      1834:    573420.000000           1           92.1035   
      1835:    573450.000000           1           92.1143   
      1836:    573480.000000           1           92.1243   
      1837:    573510.000000           1          -12.8548   
      1838:    573540.000000           1           92.1650   
      1839:    573570.000000           1           92.1758   
      1840:    573600.000000           1          -12.8052   
      1841:    573630.000000           1           92.2181   
      1842:    573660.000000           1           92.2301   
      1843:    573690.000000           1           92.2412   
      1844:    573720.000000           1          -12.7393   
      1845:    573750.000000           1           92.2824   
      1846:    573780.000000           1           92.2929   
      1847:    573810.000000           1           92.3042   
      1848:    573840.000000           1           92.3144   
      1849:    573870.000000           1           92.3325   
      1850:    573900.000000           1           92.3422   
      1851:    573930.000000           1           92.3530   
      1852:    573960.000000           1           92.3646   
      1853:    573990.000000           1           92.3749   
      1854:    574020.000000           1           92.4005   
      1855:    574050.000000           1           92.4106   
      1856:    574080.000000           1          -12.5770   
      1857:    574110.000000           1           92.4566   
      1858:    574140.000000           1          -12.5365   
      1859:    574170.000000           1          -12.5275   
      1860:    574200.000000           1          -12.5169   
      1861:    574230.000000           1          -12.5065   
      1862:    574260.000000           1          -12.4825   
      1863:    574290.000000           1           77.9742   
      1864:    574320.000000           1          -12.4326   
      1865:    574350.000000           1          -12.4128   
      1866:    574380.000000           1          -12.4020   
      1867:    574410.000000           1          -12.3923   
      1868:    574440.000000           1          -12.3826   
      1869:    574470.000000           1          -12.3726   
      1870:    574500.000000           1          -12.3611   
      1871:    574530.000000           1          -12.3508   
      1872:    574560.000000           1          -12.3391   
      1873:    574590.000000           1          -12.3285   
      1874:    574620.000000           1          -12.3092   
      1875:    574650.000000           1          -12.2876   
      1876:    574680.000000           1          -12.2788   
      1877:    574710.000000           1          -12.2595   
      1878:    574740.000000           1          -12.2415   
