         0:    518400.000000           1         -280.4012   
         1:    518430.000000           1           11.7283   
         2:    518460.000000           1            8.6149   
         3:    518490.000000           1            3.4362   
         4:    518520.000000           1         -261.1357   
         5:    518550.000000           1         -260.1170   
         6:    518580.000000           1         -261.4430   
         7:    518610.000000           1          -18.9876   
         8:    518640.000000           1         -266.2989   
         9:    518670.000000           1         -267.8316   
        10:    518700.000000           1         -270.3679   
        11:    518730.000000           1         -273.9138   
        12:    518760.000000           1         -277.4028   
        13:    518790.000000           1         -280.3369   
        14:    518820.000000           1         -283.5762   
        15:    518850.000000           1         -286.5918   
        16:    518880.000000           1         -289.6722   
        17:    518910.000000           1         -292.6420   
        18:    518940.000000           1         -295.0687   
        19:    518970.000000           1           71.1165   
        20:    519000.000000           1         -298.9139   
        21:    519030.000000           1         -300.3190   
        22:    519060.000000           1         -301.7903   
        23:    519090.000000           1           74.0341   
        24:    519120.000000           1           74.3553   
        25:    519150.000000           1         -305.8904   
        26:    519180.000000           1         -307.0697   
        27:    519210.000000           1         -308.1785   
        28:    519240.000000           1         -309.1737   
        29:    519270.000000           1         -310.0358   
        30:    519300.000000           1         -310.9001   
        31:    519330.000000           1         -311.5793   
        32:    519360.000000           1          -76.7929   
        33:    519390.000000           1         -313.9423   
        34:    519420.000000           1         -314.3726   
        35:    519450.000000           1         -314.7436   
        36:    519480.000000           1         -315.1202   
        37:    519510.000000           1         -315.4478   
        38:    519540.000000           1         -315.5830   
        39:    519570.000000           1         -315.7603   
        40:    519600.000000           1         -316.1167   
        41:    519630.000000           1         -316.2918   
        42:    519660.000000           1         -316.6074   
        43:    519690.000000           1         -316.8573   
        44:    519720.000000           1         -317.1871   
        45:    519750.000000           1         -317.5491   
        46:    519780.000000           1         -317.6798   
        47:    519810.000000           1         -317.8260   
        48:    519840.000000           1         -317.9556   
        49:    519870.000000           1         -318.2341   
        50:    519900.000000           1           80.9476   
        51:    519930.000000           1         -318.6701   
        52:    519960.000000           1           81.3393   
        53:    519990.000000           1           81.4765   
        54:    520020.000000           1           81.4958   
        55:    520050.000000           1           81.5620   
        56:    520080.000000           1           81.6323   
        57:    520110.000000           1           81.7048   
        58:    520140.000000           1           81.7319   
        59:    520170.000000           1           81.7220   
        60:    520200.000000           1           81.7505   
        61:    520230.000000           1         -114.1355   
        62:    520260.000000           1         -114.3335   
        63:    520290.000000           1         -114.4652   
        64:    520320.000000           1         -320.2043   
        65:    520350.000000           1         -114.8128   
        66:    520380.000000           1         -114.8983   
        67:    520410.000000           1         -114.9590   
        68:    520440.000000           1         -115.0143   
        69:    520470.000000           1           81.2987   
        70:    520500.000000           1           81.4275   
        71:    520530.000000           1         -163.7456   
        72:    520560.000000           1         -320.7795   
        73:    520590.000000           1         -320.8377   
        74:    520620.000000           1         -320.8903   
        75:    520650.000000           1           81.8232   
        76:    520680.000000           1         -320.9307   
        77:    520710.000000           1          -83.9660   
        78:    520740.000000           1         -320.9885   
        79:    520770.000000           1         -320.9668   
        80:    520800.000000           1         -320.9507   
        81:    520830.000000           1         -320.8955   
        82:    520860.000000           1          -83.9559   
        83:    520890.000000           1         -320.7987   
        84:    520920.000000           1         -320.7659   
        85:    520950.000000           1         -320.7808   
        86:    520980.000000           1         -320.7200   
        87:    521010.000000           1         -320.7298   
        88:    521040.000000           1         -320.7344   
        89:    521070.000000           1          -83.8942   
        90:    521100.000000           1          -83.9034   
        91:    521130.000000           1          -83.8794   
        92:    521160.000000           1          -83.8640   
        93:    521190.000000           1         -320.7344   
        94:    521220.000000           1         -320.7129   
        95:    521250.000000           1         -320.7075   
        96:    521280.000000           1         -320.7131   
        97:    521310.000000           1          -83.8764   
        98:    521340.000000           1         -320.7086   
        99:    521370.000000           1         -320.7423   
       100:    521400.000000           1         -320.7424   
       101:    521430.000000           1         -320.7241   
       102:    521460.000000           1          -83.8304   
       103:    521490.000000           1         -161.6492   
       104:    521520.000000           1          -83.8628   
       105:    521550.000000           1          -83.8440   
       106:    521580.000000           1          -83.8434   
       107:    521610.000000           1         -200.2875   
       108:    521640.000000           1          -83.8692   
       109:    521670.000000           1          -83.8245   
       110:    521700.000000           1          -83.8333   
       111:    521730.000000           1          -83.8732   
       112:    521760.000000           1         -161.3115   
       113:    521790.000000           1         -320.6553   
       114:    521820.000000           1         -320.6372   
       115:    521850.000000           1         -161.0726   
       116:    521880.000000           1         -320.5787   
       117:    521910.000000           1         -320.5938   
       118:    521940.000000           1          -83.7115   
       119:    521970.000000           1         -320.5529   
       120:    522000.000000           1         -160.7964   
       121:    522030.000000           1         -320.4703   
       122:    522060.000000           1         -320.4640   
       123:    522090.000000           1         -320.4918   
       124:    522120.000000           1         -320.4214   
       125:    522150.000000           1         -320.3920   
       126:    522180.000000           1          -83.4647   
       127:    522210.000000           1          -83.4353   
       128:    522240.000000           1          -83.3333   
       129:    522270.000000           1         -320.1932   
       130:    522300.000000           1         -320.1694   
       131:    522330.000000           1          -83.1964   
       132:    522360.000000           1         -320.1155   
       133:    522390.000000           1           85.1523   
       134:    522420.000000           1           85.1470   
       135:    522450.000000           1           85.1595   
       136:    522480.000000           1         -320.0456   
       137:    522510.000000           1         -319.9812   
       138:    522540.000000           1          -83.0387   
       139:    522570.000000           1          -83.0239   
       140:    522600.000000           1         -319.9210   
       141:    522630.000000           1         -319.9187   
       142:    522660.000000           1          -82.9691   
       143:    522690.000000           1         -319.8166   
       144:    522720.000000           1          -82.8534   
       145:    522750.000000           1         -319.6995   
       146:    522780.000000           1         -319.6825   
       147:    522810.000000           1         -319.6911   
       148:    522840.000000           1           85.6185   
       149:    522870.000000           1         -319.6724   
       150:    522900.000000           1           85.6101   
       151:    522930.000000           1           85.5831   
       152:    522960.000000           1           85.5905   
       153:    522990.000000           1           85.5906   
       154:    523020.000000           1           85.6031   
       155:    523050.000000           1           85.6054   
       156:    523080.000000           1           85.6141   
       157:    523110.000000           1         -319.8363   
       158:    523140.000000           1           85.5867   
       159:    523170.000000           1           85.6152   
       160:    523200.000000           1         -319.8885   
       161:    523230.000000           1           85.6009   
       162:    523260.000000           1         -319.8800   
       163:    523290.000000           1           85.6543   
       164:    523320.000000           1           85.6671   
       165:    523350.000000           1           85.6799   
       166:    523380.000000           1           85.6876   
       167:    523410.000000           1           63.2357   
       168:    523440.000000           1           63.2266   
       169:    523470.000000           1           85.7179   
       170:    523500.000000           1         -319.8119   
       171:    523530.000000           1           85.7248   
       172:    523560.000000           1           85.7512   
       173:    523590.000000           1           85.7623   
       174:    523620.000000           1           85.7721   
       175:    523650.000000           1           85.7887   
       176:    523680.000000           1           85.7925   
       177:    523710.000000           1           85.8062   
       178:    523740.000000           1           85.8009   
       179:    523770.000000           1           85.7835   
       180:    523800.000000           1           85.7730   
       181:    523830.000000           1           85.7704   
       182:    523860.000000           1           85.7734   
       183:    523890.000000           1           85.7652   
       184:    523920.000000           1           85.7626   
       185:    523950.000000           1           85.7679   
       186:    523980.000000           1           85.7798   
       187:    524010.000000           1           85.7719   
       188:    524040.000000           1           85.7856   
       189:    524070.000000           1           85.7929   
       190:    524100.000000           1           85.8111   
       191:    524130.000000           1           85.8206   
       192:    524160.000000           1         -319.7933   
       193:    524190.000000           1         -319.7938   
       194:    524220.000000           1         -319.7879   
       195:    524250.000000           1          -83.2948   
       196:    524280.000000           1          -83.2791   
       197:    524310.000000           1          -83.2141   
       198:    524340.000000           1          -83.1775   
       199:    524370.000000           1          -83.1135   
       200:    524400.000000           1         -319.6228   
       201:    524430.000000           1          161.0187   
       202:    524460.000000           1         -319.6033   
       203:    524490.000000           1          160.9900   
       204:    524520.000000           1          160.9731   
       205:    524550.000000           1          160.9887   
       206:    524580.000000           1          160.9789   
       207:    524610.000000           1          160.9773   
       208:    524640.000000           1         -319.5558   
       209:    524670.000000           1          160.6262   
       210:    524700.000000           1           63.4948   
       211:    524730.000000           1           63.5214   
       212:    524760.000000           1           63.5524   
       213:    524790.000000           1           63.5932   
       214:    524820.000000           1           63.5973   
       215:    524850.000000           1           63.5860   
       216:    524880.000000           1          161.1318   
       217:    524910.000000           1           63.5799   
       218:    524940.000000           1           63.5981   
       219:    524970.000000           1           63.6062   
       220:    525000.000000           1           63.6182   
       221:    525030.000000           1           63.6357   
       222:    525060.000000           1         -112.5315   
       223:    525090.000000           1         -112.5338   
       224:    525120.000000           1         -112.5458   
       225:    525150.000000           1         -112.5464   
       226:    525180.000000           1           63.7111   
       227:    525210.000000           1         -112.5631   
       228:    525240.000000           1         -112.5436   
       229:    525270.000000           1         -112.5033   
       230:    525300.000000           1         -112.4761   
       231:    525330.000000           1         -112.4634   
       232:    525360.000000           1         -112.4347   
       233:    525390.000000           1           63.6978   
       234:    525420.000000           1         -112.3877   
       235:    525450.000000           1         -112.3633   
       236:    525480.000000           1         -112.3964   
       237:    525510.000000           1         -112.3967   
       238:    525540.000000           1         -112.3987   
       239:    525570.000000           1         -112.4082   
       240:    525600.000000           1         -112.4106   
       241:    525630.000000           1         -112.3901   
       242:    525660.000000           1         -112.3767   
       243:    525690.000000           1         -112.3746   
       244:    525720.000000           1         -112.3862   
       245:    525750.000000           1         -112.4124   
       246:    525780.000000           1         -112.4139   
       247:    525810.000000           1         -112.4260   
       248:    525840.000000           1         -112.4383   
       249:    525870.000000           1         -112.4426   
       250:    525900.000000           1         -112.4326   
       251:    525930.000000           1         -112.4327   
       252:    525960.000000           1         -112.4335   
       253:    525990.000000           1         -112.4607   
       254:    526020.000000           1         -112.4817   
       255:    526050.000000           1         -112.4967   
       256:    526080.000000           1         -112.4974   
       257:    526110.000000           1         -112.5099   
       258:    526140.000000           1         -112.5247   
       259:    526170.000000           1         -112.5390   
       260:    526200.000000           1         -112.5417   
       261:    526230.000000           1         -112.5429   
       262:    526260.000000           1         -112.5512   
       263:    526290.000000           1         -112.5587   
       264:    526320.000000           1         -112.5737   
       265:    526350.000000           1         -112.5841   
       266:    526380.000000           1         -112.5845   
       267:    526410.000000           1         -112.5872   
       268:    526440.000000           1           63.7402   
       269:    526470.000000           1         -112.6169   
       270:    526500.000000           1         -112.6303   
       271:    526530.000000           1         -112.6720   
       272:    526560.000000           1         -112.7355   
       273:    526590.000000           1         -112.7539   
       274:    526620.000000           1         -112.7704   
       275:    526650.000000           1         -112.7867   
       276:    526680.000000           1         -112.8045   
       277:    526710.000000           1           63.5203   
       278:    526740.000000           1         -112.8888   
       279:    526770.000000           1         -112.8983   
       280:    526800.000000           1         -112.9039   
       281:    526830.000000           1         -112.9174   
       282:    526860.000000           1           63.4482   
       283:    526890.000000           1         -112.9647   
       284:    526920.000000           1         -112.9880   
       285:    526950.000000           1         -113.0134   
       286:    526980.000000           1           63.4397   
       287:    527010.000000           1           63.4377   
       288:    527040.000000           1           63.4315   
       289:    527070.000000           1          161.7078   
       290:    527100.000000           1          161.7082   
       291:    527130.000000           1          161.6978   
       292:    527160.000000           1          161.6953   
       293:    527190.000000           1          161.6931   
       294:    527220.000000           1         -319.8547   
       295:    527250.000000           1          161.6652   
       296:    527280.000000           1          161.6668   
       297:    527310.000000           1          161.6676   
       298:    527340.000000           1          161.6718   
       299:    527370.000000           1          161.6802   
       300:    527400.000000           1          161.6885   
       301:    527430.000000           1          161.6912   
       302:    527460.000000           1          161.6857   
       303:    527490.000000           1         -319.8815   
       304:    527520.000000           1         -319.8896   
       305:    527550.000000           1          -83.8022   
       306:    527580.000000           1          -83.8264   
       307:    527610.000000           1          -83.8498   
       308:    527640.000000           1          -83.8992   
       309:    527670.000000           1          -83.9186   
       310:    527700.000000           1         -319.9147   
       311:    527730.000000           1         -319.9127   
       312:    527760.000000           1          -83.9763   
       313:    527790.000000           1          161.7099   
       314:    527820.000000           1         -319.9450   
       315:    527850.000000           1         -319.9480   
       316:    527880.000000           1         -319.9762   
       317:    527910.000000           1         -319.9982   
       318:    527940.000000           1         -320.0164   
       319:    527970.000000           1         -320.0213   
       320:    528000.000000           1         -320.0208   
       321:    528030.000000           1         -320.0404   
       322:    528060.000000           1         -320.0392   
       323:    528090.000000           1         -320.0419   
       324:    528120.000000           1         -320.0376   
       325:    528150.000000           1         -320.0401   
       326:    528180.000000           1          161.6714   
       327:    528210.000000           1         -320.0383   
       328:    528240.000000           1         -320.0438   
       329:    528270.000000           1         -320.0495   
       330:    528300.000000           1         -320.0603   
       331:    528330.000000           1         -320.0632   
       332:    528360.000000           1         -320.0789   
       333:    528390.000000           1         -320.0858   
       334:    528420.000000           1         -320.0969   
       335:    528450.000000           1         -320.1169   
       336:    528480.000000           1         -320.1329   
       337:    528510.000000           1         -320.1523   
       338:    528540.000000           1         -320.1653   
       339:    528570.000000           1         -320.1827   
       340:    528600.000000           1         -320.2009   
       341:    528630.000000           1         -320.2019   
       342:    528660.000000           1          161.5697   
       343:    528690.000000           1          161.5720   
       344:    528720.000000           1          161.5784   
       345:    528750.000000           1          161.5758   
       346:    528780.000000           1           63.1520   
       347:    528810.000000           1          161.5535   
       348:    528840.000000           1           63.0927   
       349:    528870.000000           1           63.0775   
       350:    528900.000000           1           63.0755   
       351:    528930.000000           1           63.0680   
       352:    528960.000000           1          161.5277   
       353:    528990.000000           1          161.5349   
       354:    529020.000000           1          161.5422   
       355:    529050.000000           1          161.5392   
       356:    529080.000000           1          161.5463   
       357:    529110.000000           1         -320.3586   
       358:    529140.000000           1          161.5358   
       359:    529170.000000           1          161.5309   
       360:    529200.000000           1           63.0366   
       361:    529230.000000           1          161.5310   
       362:    529260.000000           1          161.5271   
       363:    529290.000000           1         -320.3883   
       364:    529320.000000           1          161.5093   
       365:    529350.000000           1          161.5060   
       366:    529380.000000           1          161.5052   
       367:    529410.000000           1          161.5000   
       368:    529440.000000           1          161.4926   
       369:    529470.000000           1           63.0024   
       370:    529500.000000           1          161.5002   
       371:    529530.000000           1          161.4977   
       372:    529560.000000           1           63.0072   
       373:    529590.000000           1           62.9933   
       374:    529620.000000           1           62.9890   
       375:    529650.000000           1           62.9725   
       376:    529680.000000           1          161.4905   
       377:    529710.000000           1          161.4805   
       378:    529740.000000           1           62.9420   
       379:    529770.000000           1           62.9317   
       380:    529800.000000           1           62.9323   
       381:    529830.000000           1          161.4645   
       382:    529860.000000           1         -320.5047   
       383:    529890.000000           1          161.4288   
       384:    529920.000000           1         -320.5399   
       385:    529950.000000           1         -320.5623   
       386:    529980.000000           1         -159.1670   
       387:    530010.000000           1         -320.5786   
       388:    530040.000000           1         -159.1993   
       389:    530070.000000           1         -320.6156   
       390:    530100.000000           1         -320.6270   
       391:    530130.000000           1         -320.6313   
       392:    530160.000000           1         -159.2409   
       393:    530190.000000           1         -320.6544   
       394:    530220.000000           1         -159.2460   
       395:    530250.000000           1         -320.6382   
       396:    530280.000000           1         -159.2414   
       397:    530310.000000           1         -320.6460   
       398:    530340.000000           1         -320.6511   
       399:    530370.000000           1         -320.6589   
       400:    530400.000000           1         -320.6636   
       401:    530430.000000           1         -320.6697   
       402:    530460.000000           1         -320.6712   
       403:    530490.000000           1         -320.6782   
       404:    530520.000000           1         -320.6872   
       405:    530550.000000           1         -159.3135   
       406:    530580.000000           1         -159.3187   
       407:    530610.000000           1         -159.3230   
       408:    530640.000000           1         -201.5853   
      1600:    566400.000000           1           68.6991   
      1601:    566430.000000           1           68.6893   
      1602:    566460.000000           1           68.6797   
      1603:    566490.000000           1           68.6812   
      1604:    566520.000000           1          618.9442   
      1605:    566550.000000           1          618.9588   
      1606:    566580.000000           1          618.9628   
      1607:    566610.000000           1          618.9696   
      1608:    566640.000000           1          242.3971   
      1609:    566670.000000           1          618.9954   
      1610:    566700.000000           1          619.0003   
      1611:    566730.000000           1          619.0036   
      1612:    566760.000000           1          619.0086   
      1613:    566790.000000           1          619.0139   
      1614:    566820.000000           1          619.0172   
      1615:    566850.000000           1          242.4378   
      1616:    566880.000000           1          619.0270   
      1617:    566910.000000           1          619.0317   
      1618:    566940.000000           1          619.0389   
      1619:    566970.000000           1          619.0473   
      1620:    567000.000000           1          619.0607   
      1621:    567030.000000           1          619.0664   
      1622:    567060.000000           1          619.0751   
      1623:    567090.000000           1          619.0805   
      1624:    567120.000000           1          619.0948   
      1625:    567150.000000           1          154.3569   
      1626:    567180.000000           1          619.1164   
      1627:    567210.000000           1          154.3716   
      1628:    567240.000000           1          154.3761   
      1629:    567270.000000           1          154.3830   
      1630:    567300.000000           1          154.3906   
      1631:    567330.000000           1          154.3943   
      1632:    567360.000000           1          154.4013   
      1633:    567390.000000           1          619.1740   
      1634:    567420.000000           1          154.4354   
      1635:    567450.000000           1          154.4410   
      1636:    567480.000000           1          154.4472   
      1637:    567510.000000           1          154.4623   
      1638:    567540.000000           1           75.4651   
      1639:    567570.000000           1           75.4704   
      1640:    567600.000000           1           75.4627   
      1641:    567630.000000           1          154.4971   
      1642:    567660.000000           1           75.5345   
      1643:    567690.000000           1           75.5702   
      1644:    567720.000000           1          154.5333   
      1645:    567750.000000           1          154.5416   
      1646:    567780.000000           1          154.5496   
      1647:    567810.000000           1          154.5548   
      1648:    567840.000000           1          154.5631   
      1649:    567870.000000           1          154.5719   
      1650:    567900.000000           1          154.5791   
      1651:    567930.000000           1          154.5867   
      1652:    567960.000000           1          154.5948   
      1653:    567990.000000           1          154.6001   
      1654:    568020.000000           1          154.6062   
      1655:    568050.000000           1          154.6117   
      1656:    568080.000000           1          154.6160   
      1657:    568110.000000           1          154.6207   
      1658:    568140.000000           1          154.6250   
      1659:    568170.000000           1          154.6330   
      1660:    568200.000000           1          154.6399   
      1661:    568230.000000           1          154.6485   
      1662:    568260.000000           1          154.6573   
      1663:    568290.000000           1          154.6665   
      1664:    568320.000000           1          154.6752   
      1665:    568350.000000           1          154.6850   
      1666:    568380.000000           1          619.4667   
      1667:    568410.000000           1          154.7257   
      1668:    568440.000000           1          154.7348   
      1669:    568470.000000           1           75.7169   
      1670:    568500.000000           1           75.6011   
      1671:    568530.000000           1           75.4947   
      1672:    568560.000000           1           75.4699   
      1673:    568590.000000           1           75.4207   
      1674:    568620.000000           1          154.7799   
      1675:    568650.000000           1           75.3633   
      1676:    568680.000000           1           75.3643   
      1677:    568710.000000           1           75.3496   
      1678:    568740.000000           1           75.3269   
      1679:    568770.000000           1          154.8364   
      1680:    568800.000000           1           75.4054   
      1681:    568830.000000           1          154.8748   
      1682:    568860.000000           1           75.5146   
      1683:    568890.000000           1           75.5232   
      1684:    568920.000000           1           75.5490   
      1685:    568950.000000           1           75.5631   
      1686:    568980.000000           1           75.5634   
      1687:    569010.000000           1           75.5681   
      1688:    569040.000000           1           75.5764   
      1689:    569070.000000           1           75.5732   
      1690:    569100.000000           1          154.9638   
      1691:    569130.000000           1           75.6037   
      1692:    569160.000000           1           75.6183   
      1693:    569190.000000           1           75.6298   
      1694:    569220.000000           1           75.6360   
      1695:    569250.000000           1           75.6496   
      1696:    569280.000000           1           75.6534   
      1697:    569310.000000           1           75.6609   
      1698:    569340.000000           1           75.6616   
      1699:    569370.000000           1           75.6683   
      1700:    569400.000000           1           75.6679   
      1701:    569430.000000           1           75.6781   
      1702:    569460.000000           1           75.7039   
      1703:    569490.000000           1           75.7302   
      1704:    569520.000000           1           75.7434   
      1705:    569550.000000           1           75.7696   
      1706:    569580.000000           1           75.8230   
      1707:    569610.000000           1          155.0868   
      1708:    569640.000000           1          155.0928   
      1709:    569670.000000           1          155.0995   
      1710:    569700.000000           1          155.1079   
      1711:    569730.000000           1          619.8864   
      1712:    569760.000000           1          619.9139   
      1713:    569790.000000           1          155.1891   
      1714:    569820.000000           1          155.2040   
      1715:    569850.000000           1          155.2180   
      1716:    569880.000000           1          155.2307   
      1717:    569910.000000           1          155.2431   
      1718:    569940.000000           1          620.0152   
      1719:    569970.000000           1          620.0247   
      1720:    570000.000000           1          620.0363   
      1721:    570030.000000           1          620.0469   
      1722:    570060.000000           1          620.0565   
      1723:    570090.000000           1          620.0697   
      1724:    570120.000000           1          620.0809   
      1725:    570150.000000           1          620.0929   
      1726:    570180.000000           1          620.1022   
      1727:    570210.000000           1          620.1125   
      1728:    570240.000000           1          620.1224   
      1729:    570270.000000           1          620.1323   
      1730:    570300.000000           1          620.1438   
      1731:    570330.000000           1          620.1649   
      1732:    570360.000000           1          -85.1178   
      1733:    570390.000000           1          -85.1092   
      1734:    570420.000000           1          620.2146   
      1735:    570450.000000           1          620.2240   
      1736:    570480.000000           1          620.2335   
      1737:    570510.000000           1          -85.0483   
      1738:    570540.000000           1          620.2772   
      1739:    570570.000000           1          620.2852   
      1740:    570600.000000           1          -85.0002   
      1741:    570630.000000           1          620.3263   
      1742:    570660.000000           1          620.3369   
      1743:    570690.000000           1          620.3477   
      1744:    570720.000000           1          155.6138   
      1745:    570750.000000           1          -84.9262   
      1746:    570780.000000           1          620.4035   
      1747:    570810.000000           1          620.4140   
      1748:    570840.000000           1          620.4236   
      1749:    570870.000000           1          620.4332   
      1750:    570900.000000           1          620.4446   
      1751:    570930.000000           1          620.4542   
      1752:    570960.000000           1          620.4650   
      1753:    570990.000000           1          155.7474   
      1754:    571020.000000           1          620.4861   
      1755:    571050.000000           1          620.4955   
      1756:    571080.000000           1          620.5060   
      1757:    571110.000000           1          620.5147   
      1758:    571140.000000           1          155.7972   
      1759:    571170.000000           1          155.8073   
      1760:    571200.000000           1          155.8181   
      1761:    571230.000000           1          -84.7309   
      1762:    571260.000000           1          620.5952   
      1763:    571290.000000           1          -34.7824   
      1764:    571320.000000           1          -34.6236   
      1765:    571350.000000           1          -34.5217   
      1766:    571380.000000           1          -34.4508   
      1767:    571410.000000           1          620.6656   
      1768:    571440.000000           1          155.9649   
      1769:    571470.000000           1          -34.4813   
      1770:    571500.000000           1          -34.5635   
      1771:    571530.000000           1          -34.6791   
      1772:    571560.000000           1          -34.7297   
      1773:    571590.000000           1          -84.5157   
      1774:    571620.000000           1          -34.9871   
      1775:    571650.000000           1          -35.0074   
      1776:    571680.000000           1          -35.0007   
      1777:    571710.000000           1          -84.4614   
      1778:    571740.000000           1          -84.4506   
      1779:    571770.000000           1          -84.4392   
      1780:    571800.000000           1          -84.4277   
      1781:    571830.000000           1          -84.4173   
      1782:    571860.000000           1          -84.4071   
      1783:    571890.000000           1          -84.3957   
      1784:    571920.000000           1          -84.3841   
      1785:    571950.000000           1          -84.3729   
      1786:    571980.000000           1          -84.3603   
      1787:    572010.000000           1          -84.3494   
      1788:    572040.000000           1          -84.3380   
      1789:    572070.000000           1          -84.3249   
      1790:    572100.000000           1          -52.5770   
      1791:    572130.000000           1          -84.2808   
      1792:    572160.000000           1          -84.2682   
      1793:    572190.000000           1          -84.2567   
      1794:    572220.000000           1          -84.2451   
      1795:    572250.000000           1          -84.2318   
      1796:    572280.000000           1          -84.2195   
      1797:    572310.000000           1          -33.4718   
      1798:    572340.000000           1          -33.4571   
      1799:    572370.000000           1          -33.4852   
      1800:    572400.000000           1          -33.5054   
      1801:    572430.000000           1          -33.5456   
      1802:    572460.000000           1          -33.5928   
      1803:    572490.000000           1          -33.6183   
      1804:    572520.000000           1          -33.6594   
      1805:    572550.000000           1          -33.7068   
      1806:    572580.000000           1          -33.7388   
      1807:    572610.000000           1          -33.7411   
      1808:    572640.000000           1          -33.7138   
      1809:    572670.000000           1          -33.6894   
      1810:    572700.000000           1          156.5183   
      1811:    572730.000000           1          156.5285   
      1812:    572760.000000           1          -33.6353   
      1813:    572790.000000           1          -33.6428   
      1814:    572820.000000           1          -33.6257   
      1815:    572850.000000           1          -33.6268   
      1816:    572880.000000           1          -33.6222   
      1817:    572910.000000           1          -33.6148   
      1818:    572940.000000           1          -33.5998   
      1819:    572970.000000           1          -33.5886   
      1820:    573000.000000           1          -33.5793   
      1821:    573030.000000           1         -164.5359   
      1822:    573060.000000           1          -52.1420   
      1823:    573090.000000           1          -83.8489   
      1824:    573120.000000           1          -83.8381   
      1825:    573150.000000           1          -52.0898   
      1826:    573180.000000           1          -83.7947   
      1827:    573210.000000           1          -83.7843   
      1828:    573240.000000           1          -83.7731   
      1829:    573270.000000           1          -52.0270   
      1830:    573300.000000           1          -83.7311   
      1831:    573330.000000           1          -51.9847   
      1832:    573360.000000           1          -83.6881   
      1833:    573390.000000           1          -51.9424   
      1834:    573420.000000           1         -163.9483   
      1835:    573450.000000           1         -163.9207   
      1836:    573480.000000           1         -163.8757   
      1837:    573510.000000           1          -83.6065   
      1838:    573540.000000           1         -163.6230   
      1839:    573570.000000           1         -163.5661   
      1840:    573600.000000           1          -83.5575   
      1841:    573630.000000           1         -163.4487   
      1842:    573660.000000           1         -163.4281   
      1843:    573690.000000           1         -163.4012   
      1844:    573720.000000           1          -83.4910   
      1845:    573750.000000           1         -163.3786   
      1846:    573780.000000           1         -163.3806   
      1847:    573810.000000           1         -163.3747   
      1848:    573840.000000           1         -163.3644   
      1849:    573870.000000           1          186.3317   
      1850:    573900.000000           1          186.3150   
      1851:    573930.000000           1          186.2265   
      1852:    573960.000000           1          186.1758   
      1853:    573990.000000           1          186.2104   
      1854:    574020.000000           1          186.1162   
      1855:    574050.000000           1          186.1120   
      1856:    574080.000000           1         -162.8302   
      1857:    574110.000000           1          186.1424   
      1858:    574140.000000           1         -162.6130   
      1859:    574170.000000           1         -162.5818   
      1860:    574200.000000           1         -162.5581   
      1861:    574230.000000           1         -162.5265   
      1862:    574260.000000           1         -162.4529   
      1863:    574290.000000           1          107.2218   
      1864:    574320.000000           1         -162.2894   
      1865:    574350.000000           1         -162.2507   
      1866:    574380.000000           1         -162.2315   
      1867:    574410.000000           1         -162.2152   
      1868:    574440.000000           1         -162.1930   
      1869:    574470.000000           1         -162.1753   
      1870:    574500.000000           1         -162.1474   
      1871:    574530.000000           1         -162.1233   
      1872:    574560.000000           1         -162.1059   
      1873:    574590.000000           1         -162.0981   
      1874:    574620.000000           1         -162.0698   
      1875:    574650.000000           1         -162.0135   
      1876:    574680.000000           1         -161.9926   
      1877:    574710.000000           1         -161.9627   
      1878:    574740.000000           1         -161.9491   
      1879:    574770.000000           1          186.1424   
      1880:    574800.000000           1          186.1533   
      1881:    574830.000000           1          186.1722   
      1882:    574860.000000           1          186.2182   
      1883:    574890.000000           1          186.2507   
      1884:    574920.000000           1          186.2750   
      1885:    574950.000000           1          186.3172   
      1886:    574980.000000           1          186.3530   
      1887:    575010.000000           1          186.3622   
      1888:    575040.000000           1          157.7561   
      1889:    575070.000000           1          157.7774   
      1890:    575100.000000           1          157.7990   
      1891:    575130.000000           1          157.8085   
      1892:    575160.000000           1          157.8290   
      1893:    575190.000000           1          157.8490   
      1894:    575220.000000           1          157.8566   
      1895:    575250.000000           1          186.5809   
      1896:    575280.000000           1          156.6526   
      1897:    575310.000000           1          156.9271   
      1898:    575340.000000           1          156.9898   
      1899:    575370.000000           1          156.9924   
      1900:    575400.000000           1          156.9788   
      1901:    575430.000000           1          156.9933   
      1902:    575460.000000           1          157.0263   
      1903:    575490.000000           1          157.0526   
      1904:    575520.000000           1          157.0536   
      1905:    575550.000000           1          157.0713   
      1906:    575580.000000           1          157.0879   
      1907:    575610.000000           1          157.0972   
      1908:    575640.000000           1          186.3706   
      1909:    575670.000000           1         -161.0457   
      1910:    575700.000000           1          186.4280   
      1911:    575730.000000           1          186.4796   
      1912:    575760.000000           1          186.5169   
      1913:    575790.000000           1          186.5158   
      1914:    575820.000000           1         -160.8946   
      1915:    575850.000000           1          186.5315   
      1916:    575880.000000           1          186.5453   
      1917:    575910.000000           1         -160.8309   
      1918:    575940.000000           1         -160.8127   
      1919:    575970.000000           1         -160.7979   
      1920:    576000.000000           1         -160.7778   
      1921:    576030.000000           1         -160.7568   
      1922:    576060.000000           1         -160.7475   
      1923:    576090.000000           1         -160.7347   
      1924:    576120.000000           1         -160.7223   
      1925:    576150.000000           1         -160.7074   
      1926:    576180.000000           1         -160.6971   
      1927:    576210.000000           1         -160.6889   
      1928:    576240.000000           1         -160.6854   
      1929:    576270.000000           1         -160.6801   
      1930:    576300.000000           1         -160.6671   
      1931:    576330.000000           1          110.9745   
      1932:    576360.000000           1         -160.6168   
      1933:    576390.000000           1         -160.6071   
      1934:    576420.000000           1         -160.6012   
      1935:    576450.000000           1         -160.5931   
      1936:    576480.000000           1         -160.5822   
      1937:    576510.000000           1          186.8101   
      1938:    576540.000000           1          186.8021   
      1939:    576570.000000           1          186.7994   
      1940:    576600.000000           1          186.8242   
      1941:    576630.000000           1          186.8446   
      1942:    576660.000000           1          111.1773   
      1943:    576690.000000           1          186.9455   
      1944:    576720.000000           1          186.9777   
      1945:    576750.000000           1         -160.3680   
      1946:    576780.000000           1         -160.3258   
      1947:    576810.000000           1          187.1777   
      1948:    576840.000000           1          187.2011   
      1949:    576870.000000           1          187.2120   
      1950:    576900.000000           1          187.2234   
      1951:    576930.000000           1          187.2370   
      1952:    576960.000000           1         -160.2097   
      1953:    576990.000000           1          187.2833   
      1954:    577020.000000           1          187.2986   
      1955:    577050.000000           1          187.3122   
      1956:    577080.000000           1         -160.1579   
      1957:    577110.000000           1         -160.1454   
      1958:    577140.000000           1         -160.1324   
      1959:    577170.000000           1         -160.1186   
      1960:    577200.000000           1         -160.1039   
      1961:    577230.000000           1         -160.0907   
      1962:    577260.000000           1         -160.0618   
      1963:    577290.000000           1         -160.0386   
      1964:    577320.000000           1         -160.0284   
      1965:    577350.000000           1         -160.0107   
      1966:    577380.000000           1         -159.9992   
      1967:    577410.000000           1         -159.9886   
      1968:    577440.000000           1          111.6743   
      1969:    577470.000000           1         -159.9214   
      1970:    577500.000000           1         -159.9079   
      1971:    577530.000000           1         -159.8985   
      1972:    577560.000000           1          111.7726   
      1973:    577590.000000           1          111.8061   
      1974:    577620.000000           1         -159.8087   
      1975:    577650.000000           1         -159.7904   
      1976:    577680.000000           1         -159.7704   
      1977:    577710.000000           1         -159.7462   
      1978:    577740.000000           1         -159.7303   
      1979:    577770.000000           1         -159.7065   
      1980:    577800.000000           1         -159.6968   
      1981:    577830.000000           1         -159.6831   
      1982:    577860.000000           1         -159.6700   
      1983:    577890.000000           1         -159.6562   
      1984:    577920.000000           1         -159.6448   
      1985:    577950.000000           1         -159.6380   
      1986:    577980.000000           1         -159.6288   
      1987:    578010.000000           1         -159.6147   
      1988:    578040.000000           1         -159.5976   
      1989:    578070.000000           1         -159.5817   
      1990:    578100.000000           1         -159.5697   
      1991:    578130.000000           1          112.0960   
      1992:    578160.000000           1         -159.5188   
      1993:    578190.000000           1         -159.5084   
      1994:    578220.000000           1         -159.4960   
      1995:    578250.000000           1         -159.4857   
      1996:    578280.000000           1         -159.4483   
      1997:    578310.000000           1         -159.4107   
      1998:    578340.000000           1          187.8425   
      1999:    578370.000000           1         -159.3523   
      2000:    578400.000000           1          187.8734   
      2001:    578430.000000           1          187.8829   
      2002:    578460.000000           1          187.8884   
      2003:    578490.000000           1          187.8948   
      2004:    578520.000000           1          187.9009   
      2005:    578550.000000           1          187.9059   
      2006:    578580.000000           1          187.9126   
      2007:    578610.000000           1          187.9199   
      2008:    578640.000000           1          187.9287   
      2009:    578670.000000           1          187.9382   
      2010:    578700.000000           1          187.9487   
      2011:    578730.000000           1          187.9591   
      2012:    578760.000000           1          187.9679   
      2013:    578790.000000           1          187.9743   
      2014:    578820.000000           1          187.9825   
      2015:    578850.000000           1          187.9902   
      2016:    578880.000000           1         -159.1491   
      2017:    578910.000000           1         -159.1367   
      2018:    578940.000000           1         -159.1261   
      2019:    578970.000000           1         -159.1144   
      2020:    579000.000000           1         -159.1027   
      2021:    579030.000000           1         -159.0979   
      2022:    579060.000000           1          112.5297   
      2023:    579090.000000           1         -159.0705   
      2024:    579120.000000           1         -159.0551   
      2025:    579150.000000           1          112.5871   
      2026:    579180.000000           1         -158.9857   
      2027:    579210.000000           1         -158.9706   
      2028:    579240.000000           1          112.6531   
      2029:    579270.000000           1         -158.9176   
      2030:    579300.000000           1         -158.9046   
      2031:    579330.000000           1          188.2785   
      2032:    579360.000000           1         -158.8601   
      2033:    579390.000000           1          188.3527   
      2034:    579420.000000           1         -158.8027   
      2035:    579450.000000           1          188.4332   
      2036:    579480.000000           1          188.4496   
      2037:    579510.000000           1         -158.7762   
      2038:    579540.000000           1          188.5039   
      2039:    579570.000000           1          188.5159   
      2040:    579600.000000           1         -158.7492   
      2041:    579630.000000           1         -158.7428   
      2042:    579660.000000           1          112.9070   
      2043:    579690.000000           1          112.9203   
      2044:    579720.000000           1          112.9355   
      2045:    579750.000000           1          112.9503   
      2046:    579780.000000           1          112.9637   
      2047:    579810.000000           1          112.9737   
      2048:    579840.000000           1          112.9838   
      2049:    579870.000000           1          112.9946   
      2050:    579900.000000           1          113.0051   
      2051:    579930.000000           1          113.0220   
      2052:    579960.000000           1          113.0318   
      2053:    579990.000000           1         -158.6237   
      2054:    580020.000000           1          113.0745   
      2055:    580050.000000           1         -158.5926   
      2056:    580080.000000           1         -158.5836   
      2057:    580110.000000           1          188.7418   
      2058:    580140.000000           1          188.7502   
      2059:    580170.000000           1          188.7690   
      2060:    580200.000000           1          114.5885   
      2061:    580230.000000           1          188.7861   
      2062:    580260.000000           1          115.0256   
      2063:    580290.000000           1          188.8153   
      2064:    580320.000000           1          115.1621   
      2065:    580350.000000           1          188.8536   
      2066:    580380.000000           1          115.7081   
      2067:    580410.000000           1          116.2385   
      2068:    580440.000000           1          116.4622   
      2069:    580470.000000           1          116.4626   
      2070:    580500.000000           1          188.9465   
      2071:    580530.000000           1         -158.3900   
      2072:    580560.000000           1          188.9724   
      2073:    580590.000000           1         -158.3591   
      2074:    580620.000000           1          188.9964   
      2075:    580650.000000           1          189.0028   
      2076:    580680.000000           1          189.0071   
      2077:    580710.000000           1          116.1212   
      2078:    580740.000000           1          116.1072   
      2079:    580770.000000           1          116.0844   
      2080:    580800.000000           1          189.0355   
      2081:    580830.000000           1          189.0431   
      2082:    580860.000000           1         -158.2513   
      2083:    580890.000000           1          189.0772   
      2084:    580920.000000           1          189.0877   
      2085:    580950.000000           1          189.0984   
      2086:    580980.000000           1         -158.1949   
      2087:    581010.000000           1         -158.1784   
      2088:    581040.000000           1         -158.1721   
      2089:    581070.000000           1         -158.1642   
      2090:    581100.000000           1         -158.1432   
      2091:    581130.000000           1         -158.1248   
      2092:    581160.000000           1         -158.1176   
      2093:    581190.000000           1         -158.1114   
      2094:    581220.000000           1         -158.1038   
      2095:    581250.000000           1          113.6219   
      2096:    581280.000000           1         -158.0799   
      2097:    581310.000000           1         -158.0688   
      2098:    581340.000000           1         -158.0592   
      2099:    581370.000000           1         -158.0512   
      2100:    581400.000000           1         -158.0423   
      2101:    581430.000000           1         -158.0342   
      2102:    581460.000000           1         -158.0276   
      2103:    581490.000000           1         -158.0161   
      2104:    581520.000000           1         -158.0099   
      2105:    581550.000000           1         -158.0036   
      2106:    581580.000000           1         -157.9962   
      2107:    581610.000000           1         -157.9903   
      2108:    581640.000000           1         -157.9831   
      2109:    581670.000000           1         -157.9750   
      2110:    581700.000000           1         -157.9649   
      2111:    581730.000000           1          113.7579   
      2112:    581760.000000           1         -157.9203   
      2113:    581790.000000           1         -157.8984   
      2114:    581820.000000           1         -157.8880   
      2115:    581850.000000           1         -157.8751   
      2116:    581880.000000           1         -157.8642   
      2117:    581910.000000           1          189.4744   
      2118:    581940.000000           1         -157.8251   
      2119:    581970.000000           1          189.5107   
      2120:    582000.000000           1         -157.7908   
      2121:    582030.000000           1          189.5458   
      2122:    582060.000000           1          189.5539   
      2123:    582090.000000           1         -157.7545   
      2124:    582120.000000           1         -157.7469   
      2125:    582150.000000           1         -157.7384   
      2126:    582180.000000           1         -157.7325   
      2127:    582210.000000           1         -157.7179   
      2128:    582240.000000           1          113.9493   
      2129:    582270.000000           1         -157.6858   
      2130:    582300.000000           1         -157.6674   
      2131:    582330.000000           1          114.0053   
      2132:    582360.000000           1          114.0249   
      2133:    582390.000000           1          114.0348   
      2134:    582420.000000           1          114.0424   
      2135:    582450.000000           1          114.0530   
      2136:    582480.000000           1          114.0617   
      2137:    582510.000000           1          114.0707   
      2138:    582540.000000           1          114.0782   
      2139:    582570.000000           1          114.0870   
      2140:    582600.000000           1          114.0954   
      2141:    582630.000000           1          114.1040   
      2142:    582660.000000           1          114.1106   
      2143:    582690.000000           1          114.1184   
      2144:    582720.000000           1          114.1268   
      2145:    582750.000000           1          114.1342   
      2146:    582780.000000           1          114.1537   
      2147:    582810.000000           1          114.1751   
      2148:    582840.000000           1          114.1855   
      2149:    582870.000000           1          114.1961   
      2150:    582900.000000           1          114.2056   
      2151:    582930.000000           1          114.2165   
      2152:    582960.000000           1         -157.4094   
      2153:    582990.000000           1          114.2379   
      2154:    583020.000000           1          114.2485   
      2155:    583050.000000           1          114.2591   
      2156:    583080.000000           1          114.2707   
      2157:    583110.000000           1          114.2794   
      2158:    583140.000000           1          114.3015   
      2159:    583170.000000           1          114.3240   
      2160:    583200.000000           1          114.3339   
      2161:    583230.000000           1          114.3441   
      2162:    583260.000000           1          132.3118   
      2163:    583290.000000           1        -1023.0888   
      2164:    583320.000000           1        -1023.0658   
      2165:    583350.000000           1          114.4242   
      2166:    583380.000000           1          114.4371   
      2167:    583410.000000           1          114.4495   
      2168:    583440.000000           1          114.4619   
      2169:    583470.000000           1          114.4731   
      2170:    583500.000000           1          114.4836   
      2171:    583530.000000           1          114.4948   
      2172:    583560.000000           1         -157.1375   
      2173:    583590.000000           1         -157.1273   
      2174:    583620.000000           1         -157.1182   
      2175:    583650.000000           1         -157.1102   
      2176:    583680.000000           1         -157.1009   
      2177:    583710.000000           1         -157.0907   
      2178:    583740.000000           1          114.5909   
      2179:    583770.000000           1         -157.0498   
      2180:    583800.000000           1         -157.0384   
      2181:    583830.000000           1         -157.0281   
      2182:    583860.000000           1          114.6545   
      2183:    583890.000000           1         -156.9863   
      2184:    583920.000000           1         -156.9752   
      2185:    583950.000000           1         -156.9551   
      2186:    583980.000000           1         -156.9330   
      2187:    584010.000000           1         -156.9220   
      2188:    584040.000000           1         -156.9085   
      2189:    584070.000000           1         -156.8962   
      2190:    584100.000000           1         -156.8854   
      2191:    584130.000000           1         -156.8734   
      2192:    584160.000000           1         -156.8616   
      2193:    584190.000000           1         -156.8493   
      2194:    584220.000000           1         -156.8381   
      2195:    584250.000000           1         -156.8286   
      2196:    584280.000000           1          114.8500   
      2197:    584310.000000           1          114.8600   
      2198:    584340.000000           1        -1022.8091   
      2199:    584370.000000           1          114.9043   
      2200:    584400.000000           1          114.9159   
      2201:    584430.000000           1          114.9355   
      2202:    584460.000000           1          114.9448   
      2203:    584490.000000           1          114.9554   
      2204:    584520.000000           1        -1022.6959   
      2205:    584550.000000           1          114.9939   
      2206:    584580.000000           1          115.0046   
      2207:    584610.000000           1          115.0147   
      2208:    584640.000000           1          115.0252   
      2209:    584670.000000           1        -1022.5956   
      2210:    584700.000000           1        -1022.5821   
      2211:    584730.000000           1        -1022.5727   
      2212:    584760.000000           1        -1022.5619   
      2213:    584790.000000           1        -1022.5412   
      2214:    584820.000000           1        -1022.5147   
      2215:    584850.000000           1          115.1162   
      2216:    584880.000000           1        -1022.4811   
      2217:    584910.000000           1        -1022.4549   
      2218:    584940.000000           1        -1022.4416   
      2219:    584970.000000           1        -1022.4302   
      2220:    585000.000000           1        -1022.4183   
      2221:    585030.000000           1        -1022.3995   
      2222:    585060.000000           1        -1022.3853   
      2223:    585090.000000           1        -1022.3733   
      2224:    585120.000000           1        -1022.3618   
      2225:    585150.000000           1        -1022.3459   
