        25:    519150.000000           1          105.8346   
        26:    519180.000000           1          106.7680   
        27:    519210.000000           1          107.5916   
        28:    519240.000000           1          108.1663   
        29:    519270.000000           1          108.9489   
        30:    519300.000000           1          109.3424   
        31:    519330.000000           1          109.9938   
        32:    519360.000000           1          110.1492   
        33:    519390.000000           1          111.0846   
        34:    519420.000000           1          111.3895   
        35:    519450.000000           1          111.7551   
        36:    519480.000000           1          111.9730   
        37:    519510.000000           1          112.0941   
        38:    519540.000000           1          112.3111   
        39:    519570.000000           1          112.5007   
        40:    519600.000000           1          112.8028   
        41:    519630.000000           1          113.1014   
        42:    519660.000000           1          113.2790   
        43:    519690.000000           1          113.4769   
        44:    519720.000000           1          113.7156   
        45:    519750.000000           1          113.9093   
        46:    519780.000000           1          114.2686   
        47:    519810.000000           1          114.5816   
        48:    519840.000000           1          114.9217   
        49:    519870.000000           1          115.0945   
        50:    519900.000000           1          890.5616   
        51:    519930.000000           1          116.2285   
        52:    519960.000000           1          888.7815   
        53:    519990.000000           1          888.4858   
        54:    520020.000000           1          888.0382   
        55:    520050.000000           1          887.8002   
        56:    520080.000000           1          887.5701   
        57:    520110.000000           1          887.3337   
        58:    520140.000000           1          887.0487   
        59:    520170.000000           1          886.7536   
        60:    520200.000000           1          886.4807   
        61:    520230.000000           1          886.0066   
        62:    520260.000000           1          885.7676   
        63:    520290.000000           1          885.6422   
        64:    520320.000000           1          885.5477   
        65:    520350.000000           1          885.2134   
        66:    520380.000000           1          885.0978   
        67:    520410.000000           1          884.9864   
        68:    520440.000000           1          884.8343   
        69:    520470.000000           1          884.5745   
        70:    520500.000000           1          884.3852   
        71:    520530.000000           1          884.2821   
        72:    520560.000000           1          884.2600   
        73:    520590.000000           1          884.2100   
        74:    520620.000000           1          884.1707   
        75:    520650.000000           1          884.1799   
        76:    520680.000000           1          884.0969   
        77:    520710.000000           1          884.0276   
        78:    520740.000000           1          883.9596   
        79:    520770.000000           1          883.9519   
        80:    520800.000000           1          883.9467   
        81:    520830.000000           1          884.0004   
        82:    520860.000000           1          120.4045   
        83:    520890.000000           1          883.6541   
        84:    520920.000000           1          883.6907   
        85:    520950.000000           1          883.7734   
        86:    520980.000000           1          883.9092   
        87:    521010.000000           1          883.8945   
        88:    521040.000000           1          883.8321   
        89:    521070.000000           1          883.6631   
        90:    521100.000000           1          883.5428   
        91:    521130.000000           1          883.4994   
        92:    521160.000000           1          121.3575   
        93:    521190.000000           1          883.1861   
        94:    521220.000000           1          883.1799   
        95:    521250.000000           1          883.1467   
        96:    521280.000000           1          883.0725   
        97:    521310.000000           1          883.0519   
        98:    521340.000000           1          883.0529   
        99:    521370.000000           1          883.0038   
       100:    521400.000000           1          883.0205   
       101:    521430.000000           1          883.0141   
       102:    521460.000000           1          883.0811   
       103:    521490.000000           1          883.0631   
       104:    521520.000000           1          883.1101   
       105:    521550.000000           1          883.1380   
       106:    521580.000000           1          883.1665   
       107:    521610.000000           1          883.2272   
       108:    521640.000000           1          883.2528   
       109:    521670.000000           1          883.3024   
       110:    521700.000000           1          883.2786   
       111:    521730.000000           1          883.2165   
       112:    521760.000000           1          883.1713   
       113:    521790.000000           1          883.2029   
       114:    521820.000000           1          883.1874   
       115:    521850.000000           1          883.1821   
       116:    521880.000000           1          883.1496   
       117:    521910.000000           1          883.1077   
       118:    521940.000000           1          883.0661   
       119:    521970.000000           1          883.0585   
       120:    522000.000000           1          883.0978   
       121:    522030.000000           1          883.0915   
       122:    522060.000000           1          883.0952   
       123:    522090.000000           1          883.0834   
       124:    522120.000000           1          883.1730   
       125:    522150.000000           1          883.2163   
       126:    522180.000000           1          883.2767   
       127:    522210.000000           1          883.3212   
       128:    522240.000000           1          883.4219   
       129:    522270.000000           1          883.4876   
       130:    522300.000000           1          883.5107   
       131:    522330.000000           1          883.5570   
       132:    522360.000000           1          883.5759   
       133:    522390.000000           1          883.6080   
       134:    522420.000000           1          883.6092   
       135:    522450.000000           1          883.6205   
       136:    522480.000000           1          883.6777   
       137:    522510.000000           1          883.7517   
       138:    522540.000000           1          883.7827   
       139:    522570.000000           1          883.7874   
       140:    522600.000000           1          883.7854   
       141:    522630.000000           1          883.7795   
       142:    522660.000000           1          883.8082   
       143:    522690.000000           1          883.8458   
       144:    522720.000000           1          883.9048   
       145:    522750.000000           1          883.9450   
       146:    522780.000000           1          883.9581   
       147:    522810.000000           1          883.9437   
       148:    522840.000000           1          883.9502   
       149:    522870.000000           1          883.9432   
       150:    522900.000000           1          883.8871   
       151:    522930.000000           1          883.8490   
       152:    522960.000000           1          883.8496   
       153:    522990.000000           1          883.8350   
       154:    523020.000000           1          883.8323   
       155:    523050.000000           1          883.8154   
       156:    523080.000000           1          883.7984   
       157:    523110.000000           1          883.7477   
       158:    523140.000000           1          883.7074   
       159:    523170.000000           1          883.7221   
       160:    523200.000000           1          883.6901   
       161:    523230.000000           1          883.6875   
       162:    523260.000000           1          883.7024   
       163:    523290.000000           1          883.7416   
       164:    523320.000000           1          883.7623   
       165:    523350.000000           1          883.7802   
       166:    523380.000000           1          883.7856   
       167:    523410.000000           1          883.8074   
       168:    523440.000000           1          883.8014   
       169:    523470.000000           1          883.8034   
       170:    523500.000000           1          883.7929   
       171:    523530.000000           1          883.7978   
       172:    523560.000000           1          883.8264   
       173:    523590.000000           1          883.8321   
       174:    523620.000000           1          883.8340   
       175:    523650.000000           1          883.8416   
       176:    523680.000000           1          883.8309   
       177:    523710.000000           1          883.8245   
       178:    523740.000000           1          883.8130   
       179:    523770.000000           1          883.7792   
       180:    523800.000000           1          883.7547   
       181:    523830.000000           1          883.7475   
       182:    523860.000000           1          883.7452   
       183:    523890.000000           1          883.7359   
       184:    523920.000000           1          883.7297   
       185:    523950.000000           1          883.7301   
       186:    523980.000000           1          883.7380   
       187:    524010.000000           1          883.7307   
       188:    524040.000000           1          883.7456   
       189:    524070.000000           1          883.7508   
       190:    524100.000000           1          883.7633   
       191:    524130.000000           1          883.7639   
       192:    524160.000000           1          883.7678   
       193:    524190.000000           1          883.7705   
       194:    524220.000000           1          883.7775   
       195:    524250.000000           1          883.8291   
       196:    524280.000000           1          883.8416   
       197:    524310.000000           1          126.4098   
       198:    524340.000000           1          884.1196   
       199:    524370.000000           1          884.1006   
       200:    524400.000000           1          884.0687   
       201:    524430.000000           1          884.0314   
       202:    524460.000000           1          883.9295   
       203:    524490.000000           1          883.8530   
       204:    524520.000000           1          883.8469   
       205:    524550.000000           1          883.8669   
       206:    524580.000000           1          883.8952   
       207:    524610.000000           1          883.9026   
       208:    524640.000000           1          883.9552   
       209:    524670.000000           1          884.0048   
       210:    524700.000000           1          884.0163   
       211:    524730.000000           1          884.0504   
       212:    524760.000000           1          884.0864   
       213:    524790.000000           1          884.1181   
       214:    524820.000000           1          884.1305   
       215:    524850.000000           1          884.1442   
       216:    524880.000000           1          884.1963   
       217:    524910.000000           1          884.2476   
       218:    524940.000000           1          884.2705   
       219:    524970.000000           1          884.2779   
       220:    525000.000000           1          884.2847   
       221:    525030.000000           1          884.2954   
       222:    525060.000000           1          884.3115   
       223:    525090.000000           1          884.3232   
       224:    525120.000000           1          884.3230   
       225:    525150.000000           1          884.3302   
       226:    525180.000000           1          884.3355   
       227:    525210.000000           1          884.3429   
       228:    525240.000000           1          884.5953   
       229:    525270.000000           1          884.8045   
       230:    525300.000000           1          884.9340   
       231:    525330.000000           1          885.0458   
       232:    525360.000000           1          885.1192   
       233:    525390.000000           1          885.1361   
       234:    525420.000000           1          885.0881   
       235:    525450.000000           1          885.1466   
       236:    525480.000000           1          884.9008   
       237:    525510.000000           1          884.8954   
       238:    525540.000000           1          884.8528   
       239:    525570.000000           1          884.7869   
       240:    525600.000000           1          884.8012   
       241:    525630.000000           1          884.8860   
       242:    525660.000000           1          884.8733   
       243:    525690.000000           1          884.8645   
       244:    525720.000000           1          884.8451   
       245:    525750.000000           1          884.8051   
       246:    525780.000000           1          884.8122   
       247:    525810.000000           1          884.7689   
       248:    525840.000000           1          884.7492   
       249:    525870.000000           1          884.7785   
       250:    525900.000000           1          884.8143   
       251:    525930.000000           1          884.8187   
       252:    525960.000000           1          884.7994   
       253:    525990.000000           1          884.7410   
       254:    526020.000000           1          884.7255   
       255:    526050.000000           1          884.7097   
       256:    526080.000000           1          884.6815   
       257:    526110.000000           1          884.6610   
       258:    526140.000000           1          884.6408   
       259:    526170.000000           1          884.6160   
       260:    526200.000000           1          884.6067   
       261:    526230.000000           1          884.5900   
       262:    526260.000000           1          884.5574   
       263:    526290.000000           1          884.5240   
       264:    526320.000000           1          884.4707   
       265:    526350.000000           1          884.4231   
       266:    526380.000000           1          884.4097   
       267:    526410.000000           1          884.3997   
       268:    526440.000000           1          884.4021   
       269:    526470.000000           1          884.3668   
       270:    526500.000000           1          884.3469   
       271:    526530.000000           1          884.3153   
       272:    526560.000000           1          884.2381   
       273:    526590.000000           1          884.2202   
       274:    526620.000000           1          884.2114   
       275:    526650.000000           1          884.2082   
       276:    526680.000000           1          884.1967   
       277:    526710.000000           1          884.1570   
       278:    526740.000000           1          884.1238   
       279:    526770.000000           1          884.1177   
       280:    526800.000000           1          884.1049   
       281:    526830.000000           1          884.0848   
       282:    526860.000000           1          884.0461   
       283:    526890.000000           1          884.0229   
       284:    526920.000000           1          883.9971   
       285:    526950.000000           1          883.9605   
       286:    526980.000000           1          883.9286   
       287:    527010.000000           1          883.9227   
       288:    527040.000000           1          883.9135   
       289:    527070.000000           1          883.8945   
       290:    527100.000000           1          883.8833   
       291:    527130.000000           1          883.8628   
       292:    527160.000000           1          883.8471   
       293:    527190.000000           1          883.8364   
       294:    527220.000000           1          883.8001   
       295:    527250.000000           1          883.7638   
       296:    527280.000000           1          883.7501   
       297:    527310.000000           1          883.7389   
       298:    527340.000000           1          883.7320   
       299:    527370.000000           1          883.7261   
       300:    527400.000000           1          883.7209   
       301:    527430.000000           1          883.7146   
       302:    527460.000000           1          883.7002   
       303:    527490.000000           1          883.6926   
       304:    527520.000000           1          883.6775   
       305:    527550.000000           1          883.6722   
       306:    527580.000000           1          883.6683   
       307:    527610.000000           1          883.6596   
       308:    527640.000000           1          883.6473   
       309:    527670.000000           1          883.6335   
       310:    527700.000000           1          883.6144   
       311:    527730.000000           1          883.6094   
       312:    527760.000000           1          883.5850   
       313:    527790.000000           1          883.5668   
       314:    527820.000000           1          883.5469   
       315:    527850.000000           1          883.5255   
       316:    527880.000000           1          883.4789   
       317:    527910.000000           1          883.4447   
       318:    527940.000000           1          883.4208   
       319:    527970.000000           1          883.4096   
       320:    528000.000000           1          883.4070   
       321:    528030.000000           1          883.3837   
       322:    528060.000000           1          883.3825   
       323:    528090.000000           1          883.3771   
       324:    528120.000000           1          883.3776   
       325:    528150.000000           1          883.3710   
       326:    528180.000000           1          883.3722   
       327:    528210.000000           1          883.3673   
       328:    528240.000000           1          883.3622   
       329:    528270.000000           1          883.3563   
       330:    528300.000000           1          883.3411   
       331:    528330.000000           1          883.3276   
       332:    528360.000000           1          883.3047   
       333:    528390.000000           1          883.2891   
       334:    528420.000000           1          883.2697   
       335:    528450.000000           1          883.2425   
       336:    528480.000000           1          883.2241   
       337:    528510.000000           1          883.2010   
       338:    528540.000000           1          883.1816   
       339:    528570.000000           1          883.1596   
       340:    528600.000000           1          883.1381   
       341:    528630.000000           1          883.1331   
       342:    528660.000000           1          883.1197   
       343:    528690.000000           1          883.1060   
       344:    528720.000000           1          883.0968   
       345:    528750.000000           1          883.0817   
       346:    528780.000000           1          883.0470   
       347:    528810.000000           1          883.0339   
       348:    528840.000000           1          883.0034   
       349:    528870.000000           1          882.9934   
       350:    528900.000000           1          882.9893   
       351:    528930.000000           1          882.9788   
       352:    528960.000000           1          882.9690   
       353:    528990.000000           1          882.9644   
       354:    529020.000000           1          882.9635   
       355:    529050.000000           1          882.9549   
       356:    529080.000000           1          882.9547   
       357:    529110.000000           1          882.9331   
       358:    529140.000000           1          882.9132   
       359:    529170.000000           1          882.9056   
       360:    529200.000000           1          882.9012   
       361:    529230.000000           1          882.8985   
       362:    529260.000000           1          882.8927   
       363:    529290.000000           1          882.8819   
       364:    529320.000000           1          882.8550   
       365:    529350.000000           1          882.8472   
       366:    529380.000000           1          882.8431   
       367:    529410.000000           1          882.8382   
       368:    529440.000000           1          882.8305   
       369:    529470.000000           1          882.8351   
       370:    529500.000000           1          882.8261   
       371:    529530.000000           1          882.8202   
       372:    529560.000000           1          882.8295   
       373:    529590.000000           1          882.8132   
       374:    529620.000000           1          882.8057   
       375:    529650.000000           1          882.7857   
       376:    529680.000000           1          882.7674   
       377:    529710.000000           1          882.7490   
       378:    529740.000000           1          882.7441   
       379:    529770.000000           1          882.7316   
       380:    529800.000000           1          882.7317   
       381:    529830.000000           1          882.7165   
       382:    529860.000000           1          882.6907   
       383:    529890.000000           1          882.6611   
       384:    529920.000000           1          882.6383   
       385:    529950.000000           1          882.6049   
       386:    529980.000000           1          882.5882   
       387:    530010.000000           1          882.5706   
       388:    530040.000000           1          882.5429   
       389:    530070.000000           1          882.5218   
       390:    530100.000000           1          882.5092   
       391:    530130.000000           1          882.5009   
       392:    530160.000000           1          882.4898   
       393:    530190.000000           1          882.4701   
       394:    530220.000000           1          882.4736   
       395:    530250.000000           1          882.4790   
       396:    530280.000000           1          882.4682   
       397:    530310.000000           1          882.4623   
       398:    530340.000000           1          882.4561   
       399:    530370.000000           1          882.4479   
       400:    530400.000000           1          882.4427   
       401:    530430.000000           1          882.4346   
       402:    530460.000000           1          882.4305   
       403:    530490.000000           1          882.4223   
       404:    530520.000000           1          882.4111   
       405:    530550.000000           1          882.3852   
       406:    530580.000000           1          882.3795   
       407:    530610.000000           1          882.3743   
       408:    530640.000000           1          882.3585   
       409:    530670.000000           1          882.3486   
       410:    530700.000000           1          882.4279   
       411:    530730.000000           1          882.2931   
       412:    530760.000000           1          882.1378   
       413:    530790.000000           1          882.3733   
       414:    530820.000000           1          882.5763   
       415:    530850.000000           1          882.5854   
       416:    530880.000000           1          882.5483   
       417:    530910.000000           1          882.5680   
       418:    530940.000000           1          882.5328   
       419:    530970.000000           1          882.6048   
       420:    531000.000000           1          882.5910   
       421:    531030.000000           1          882.5896   
       422:    531060.000000           1          882.5684   
       423:    531090.000000           1          882.5480   
       424:    531120.000000           1          882.5487   
       425:    531150.000000           1          882.5479   
       426:    531180.000000           1          882.5237   
       427:    531210.000000           1          882.5056   
       428:    531240.000000           1          882.4809   
       429:    531270.000000           1          882.4796   
       430:    531300.000000           1          882.4910   
       431:    531330.000000           1          882.4876   
       432:    531360.000000           1          882.4873   
       433:    531390.000000           1          882.4934   
       434:    531420.000000           1          882.4954   
       435:    531450.000000           1          882.4967   
       436:    531480.000000           1          882.4971   
       437:    531510.000000           1          882.4916   
       438:    531540.000000           1          882.4926   
       439:    531570.000000           1          882.4943   
       440:    531600.000000           1          882.4969   
       441:    531630.000000           1          882.5087   
       442:    531660.000000           1          882.5237   
       443:    531690.000000           1          882.5305   
       444:    531720.000000           1          882.5297   
       445:    531750.000000           1          882.5436   
       446:    531780.000000           1          882.5473   
       447:    531810.000000           1          882.5389   
       448:    531840.000000           1          882.5474   
       449:    531870.000000           1          882.5569   
       450:    531900.000000           1          882.5630   
       451:    531930.000000           1          882.5747   
       452:    531960.000000           1          882.5760   
       453:    531990.000000           1          882.5791   
       454:    532020.000000           1          882.5810   
       455:    532050.000000           1          882.5775   
       456:    532080.000000           1          882.5755   
       457:    532110.000000           1          882.5815   
       458:    532140.000000           1          882.5883   
       459:    532170.000000           1          882.5975   
       460:    532200.000000           1          882.5976   
       461:    532230.000000           1          882.5996   
       462:    532260.000000           1          882.5971   
       463:    532290.000000           1          882.6037   
       464:    532320.000000           1          882.6094   
       465:    532350.000000           1          882.6094   
       466:    532380.000000           1          882.6092   
       467:    532410.000000           1          882.6241   
       468:    532440.000000           1          882.6367   
       469:    532470.000000           1          882.6414   
       470:    532500.000000           1          882.6414   
       471:    532530.000000           1          882.6387   
       472:    532560.000000           1          882.6423   
       473:    532590.000000           1          882.6439   
       474:    532620.000000           1          882.6590   
       475:    532650.000000           1          882.6627   
       476:    532680.000000           1          882.6682   
       477:    532710.000000           1          882.6668   
       478:    532740.000000           1          882.6675   
       479:    532770.000000           1          882.6707   
       480:    532800.000000           1          882.6748   
       481:    532830.000000           1          882.6692   
       482:    532860.000000           1          882.6749   
       483:    532890.000000           1          882.6753   
       484:    532920.000000           1          882.6779   
       485:    532950.000000           1          882.6757   
       486:    532980.000000           1          882.6676   
       487:    533010.000000           1          882.6707   
       488:    533040.000000           1          882.6683   
       489:    533070.000000           1          882.6729   
       490:    533100.000000           1          882.6732   
       491:    533130.000000           1          882.6747   
       492:    533160.000000           1          882.6754   
       493:    533190.000000           1          882.6703   
       494:    533220.000000           1          882.6719   
       495:    533250.000000           1          127.2610   
       496:    533280.000000           1          882.0726   
       497:    533310.000000           1          882.1269   
       498:    533340.000000           1          882.2059   
       499:    533370.000000           1          882.2875   
       500:    533400.000000           1          882.3545   
       501:    533430.000000           1          882.3767   
       502:    533460.000000           1          882.4213   
       503:    533490.000000           1          882.4677   
       504:    533520.000000           1          882.5176   
       505:    533550.000000           1          882.5716   
       506:    533580.000000           1          882.6147   
       507:    533610.000000           1          882.6391   
       508:    533640.000000           1          882.6381   
       509:    533670.000000           1          882.6388   
       510:    533700.000000           1          882.6276   
       511:    533730.000000           1          882.6294   
       512:    533760.000000           1          882.6425   
       513:    533790.000000           1          882.6573   
       514:    533820.000000           1          882.6736   
       515:    533850.000000           1          882.6875   
       516:    533880.000000           1          882.6951   
       517:    533910.000000           1          882.7125   
       518:    533940.000000           1          882.7194   
       519:    533970.000000           1          882.7351   
       520:    534000.000000           1          882.7475   
       521:    534030.000000           1          882.7587   
       522:    534060.000000           1          882.7594   
       523:    534090.000000           1          882.7593   
       524:    534120.000000           1          882.7562   
       525:    534150.000000           1          882.7458   
       526:    534180.000000           1          882.7335   
       527:    534210.000000           1          882.7258   
       528:    534240.000000           1          882.7171   
       529:    534270.000000           1          882.7162   
       530:    534300.000000           1          882.7164   
       531:    534330.000000           1          882.7249   
       532:    534360.000000           1          882.7246   
       533:    534390.000000           1          882.7220   
       534:    534420.000000           1          882.7079   
       535:    534450.000000           1          882.6994   
       536:    534480.000000           1          882.7013   
       537:    534510.000000           1          882.7007   
       538:    534540.000000           1          882.6927   
       539:    534570.000000           1          882.6930   
       540:    534600.000000           1          882.6955   
       541:    534630.000000           1          882.7007   
       542:    534660.000000           1          882.7056   
       543:    534690.000000           1          882.7037   
       544:    534720.000000           1          882.7081   
       545:    534750.000000           1          882.7157   
       546:    534780.000000           1          882.7219   
       547:    534810.000000           1          882.7285   
       548:    534840.000000           1          882.7270   
       549:    534870.000000           1          882.7310   
       550:    534900.000000           1          882.7262   
       551:    534930.000000           1          882.7239   
       552:    534960.000000           1          882.7280   
       553:    534990.000000           1          882.7264   
       554:    535020.000000           1          882.7301   
       555:    535050.000000           1          882.7348   
       556:    535080.000000           1          882.7386   
       557:    535110.000000           1          882.7364   
       558:    535140.000000           1          882.7320   
       559:    535170.000000           1          882.7361   
       560:    535200.000000           1          882.7277   
       561:    535230.000000           1          127.6002   
       562:    535260.000000           1          882.3829   
       563:    535290.000000           1          882.5201   
       564:    535320.000000           1          882.6056   
       565:    535350.000000           1          882.6487   
       566:    535380.000000           1          882.6259   
       567:    535410.000000           1          882.6138   
       568:    535440.000000           1          882.6001   
       569:    535470.000000           1          882.5820   
       570:    535500.000000           1          882.5630   
       571:    535530.000000           1          882.5531   
       572:    535560.000000           1          882.5194   
       573:    535590.000000           1          882.4918   
       574:    535620.000000           1          882.4580   
       575:    535650.000000           1          882.4263   
       576:    535680.000000           1          882.3962   
       577:    535710.000000           1          882.3813   
       578:    535740.000000           1          882.3756   
       579:    535770.000000           1          882.3609   
       580:    535800.000000           1          882.3551   
       581:    535830.000000           1          882.3475   
       582:    535860.000000           1          882.3368   
       583:    535890.000000           1          882.3367   
       584:    535920.000000           1          882.3512   
       585:    535950.000000           1          882.3632   
       586:    535980.000000           1          127.3879   
       587:    536010.000000           1          881.9656   
       588:    536040.000000           1          882.1031   
       589:    536070.000000           1          882.1541   
       590:    536100.000000           1          127.3729   
       591:    536130.000000           1          127.3803   
       592:    536160.000000           1          127.3793   
       593:    536190.000000           1          127.3910   
       594:    536220.000000           1          127.3874   
       595:    536250.000000           1          127.3831   
       596:    536280.000000           1          127.3862   
       597:    536310.000000           1          127.3901   
       598:    536340.000000           1          127.3826   
       599:    536370.000000           1          127.3723   
       600:    536400.000000           1          127.3615   
       601:    536430.000000           1          127.3768   
       602:    536460.000000           1          127.3818   
       603:    536490.000000           1          127.3753   
       604:    536520.000000           1          127.3748   
       605:    536550.000000           1          127.3747   
       606:    536580.000000           1          127.3739   
       607:    536610.000000           1          127.3718   
       609:    536670.000000           1          127.3755   
       610:    536700.000000           1          127.3804   
       611:    536730.000000           1          127.3894   
       612:    536760.000000           1          127.4014   
       613:    536790.000000           1          127.4097   
      1813:    572790.000000           1           60.2134   
      1814:    572820.000000           1           60.2231   
      1815:    572850.000000           1           60.2448   
      1816:    572880.000000           1           60.2584   
      1817:    572910.000000           1           60.2742   
      1818:    572940.000000           1           60.2893   
      1819:    572970.000000           1           60.3036   
      1820:    573000.000000           1           60.3148   
      1821:    573030.000000           1          841.4634   
      1822:    573060.000000           1          779.1559   
      1823:    573090.000000           1          840.5249   
      1824:    573120.000000           1          840.5446   
      1825:    573150.000000           1          779.2309   
      1826:    573180.000000           1          840.6033   
      1827:    573210.000000           1          840.6520   
      1828:    573240.000000           1          840.6312   
      1829:    573270.000000           1          779.2388   
      1830:    573300.000000           1          840.2625   
      1831:    573330.000000           1          779.2856   
      1832:    573360.000000           1          840.3274   
      1833:    573390.000000           1          779.2409   
      1834:    573420.000000           1           60.5953   
      1835:    573450.000000           1           60.6051   
      1836:    573480.000000           1           60.6153   
      1837:    573510.000000           1          840.4671   
      1838:    573540.000000           1           60.6526   
      1839:    573570.000000           1           60.6639   
      1840:    573600.000000           1           60.6854   
      1841:    573630.000000           1           60.7084   
      1842:    573660.000000           1           60.7219   
      1843:    573690.000000           1           60.7350   
      1844:    573720.000000           1           60.7627   
      1845:    573750.000000           1           60.7868   
      1846:    573780.000000           1           60.8010   
      1847:    573810.000000           1           60.8145   
      1848:    573840.000000           1           60.8258   
      1849:    573870.000000           1           60.8461   
      1850:    573900.000000           1           60.8559   
      1851:    573930.000000           1           60.8670   
      1852:    573960.000000           1           60.8792   
      1853:    573990.000000           1           60.8915   
      1854:    574020.000000           1           60.9184   
      1855:    574050.000000           1           60.9308   
      1856:    574080.000000           1           60.9564   
      1857:    574110.000000           1           60.9793   
      1858:    574140.000000           1           60.9989   
      1859:    574170.000000           1           61.0074   
      1860:    574200.000000           1           61.0174   
      1861:    574230.000000           1           61.0285   
      1862:    574260.000000           1           61.0553   
      1863:    574290.000000           1           61.0810   
      1864:    574320.000000           1           61.1043   
      1865:    574350.000000           1           61.1224   
      1866:    574380.000000           1           61.1319   
      1867:    574410.000000           1           61.1407   
      1868:    574440.000000           1           61.1499   
      1869:    574470.000000           1           61.1592   
      1870:    574500.000000           1           61.1704   
      1871:    574530.000000           1           61.1815   
      1872:    574560.000000           1           61.1937   
      1873:    574590.000000           1           61.2056   
      1874:    574620.000000           1           61.2276   
      1875:    574650.000000           1           61.2534   
      1876:    574680.000000           1           61.2648   
      1877:    574710.000000           1           61.2888   
      1878:    574740.000000           1           61.3114   
      1879:    574770.000000           1           61.3323   
      1880:    574800.000000           1           61.3433   
      1881:    574830.000000           1           61.3521   
      1882:    574860.000000           1           61.3722   
      1883:    574890.000000           1           61.3953   
      1884:    574920.000000           1           61.4055   
      1885:    574950.000000           1           61.4293   
      1886:    574980.000000           1           61.4556   
      1887:    575010.000000           1           61.4766   
      1888:    575040.000000           1           61.5019   
      1889:    575070.000000           1           61.5230   
      1890:    575100.000000           1           61.5430   
      1891:    575130.000000           1           61.5498   
      1892:    575160.000000           1           61.5653   
      1893:    575190.000000           1           61.5815   
      1894:    575220.000000           1           61.5860   
      1895:    575250.000000           1           61.6013   
      1896:    575280.000000           1           61.6184   
      1897:    575310.000000           1           61.6376   
      1898:    575340.000000           1           61.6537   
      1899:    575370.000000           1           61.6706   
      1900:    575400.000000           1           61.6852   
      1901:    575430.000000           1           61.7019   
      1902:    575460.000000           1           61.7210   
      1903:    575490.000000           1           61.7415   
      1904:    575520.000000           1           61.7625   
      1905:    575550.000000           1           61.7851   
      1906:    575580.000000           1           61.8079   
      1907:    575610.000000           1           61.8294   
      1908:    575640.000000           1           61.8495   
      1909:    575670.000000           1          781.6616   
      1910:    575700.000000           1           61.8895   
      1911:    575730.000000           1           61.9129   
      1912:    575760.000000           1           61.9350   
      1913:    575790.000000           1           61.9580   
      1914:    575820.000000           1           61.9807   
      1915:    575850.000000           1           62.0035   
      1916:    575880.000000           1           62.0135   
      1917:    575910.000000           1           62.0325   
      1918:    575940.000000           1           62.0536   
      1919:    575970.000000           1           62.0724   
      1920:    576000.000000           1           62.0904   
      1921:    576030.000000           1           62.1077   
      1922:    576060.000000           1           62.1169   
      1923:    576090.000000           1           62.1323   
      1924:    576120.000000           1           62.1472   
      1925:    576150.000000           1           62.1654   
      1926:    576180.000000           1           62.1852   
      1927:    576210.000000           1           62.1961   
      1928:    576240.000000           1           62.2038   
      1929:    576270.000000           1           62.2126   
      1930:    576300.000000           1           62.2230   
      1931:    576330.000000           1          781.8887   
      1932:    576360.000000           1           62.2715   
      1933:    576390.000000           1           62.2833   
      1934:    576420.000000           1           62.2934   
      1935:    576450.000000           1           62.3029   
      1936:    576480.000000           1           62.3125   
      1937:    576510.000000           1           62.3272   
      1938:    576540.000000           1           62.3463   
      1939:    576570.000000           1           62.3666   
      1940:    576600.000000           1           62.3851   
      1941:    576630.000000           1           62.3956   
      1942:    576660.000000           1           93.9109   
      1943:    576690.000000           1           62.4325   
      1944:    576720.000000           1           62.4411   
      1945:    576750.000000           1           62.4594   
      1946:    576780.000000           1           62.4811   
      1947:    576810.000000           1           62.5023   
      1948:    576840.000000           1           62.5125   
      1949:    576870.000000           1           62.5224   
      1950:    576900.000000           1           62.5323   
      1951:    576930.000000           1           62.5420   
      1952:    576960.000000           1           62.5600   
      1953:    576990.000000           1           62.5777   
      1954:    577020.000000           1           62.5865   
      1955:    577050.000000           1           62.5971   
      1956:    577080.000000           1           62.6071   
      1957:    577110.000000           1           62.6172   
      1958:    577140.000000           1           62.6288   
      1959:    577170.000000           1           62.6389   
      1960:    577200.000000           1           62.6492   
      1961:    577230.000000           1           62.6596   
      1962:    577260.000000           1           62.6818   
      1963:    577290.000000           1           62.7029   
      1964:    577320.000000           1           62.7120   
      1965:    577350.000000           1           62.7227   
      1966:    577380.000000           1           62.7336   
      1967:    577410.000000           1           62.7444   
      1968:    577440.000000           1           62.7662   
      1969:    577470.000000           1           62.7867   
      1970:    577500.000000           1           62.7958   
      1971:    577530.000000           1           62.8050   
      1972:    577560.000000           1           62.8217   
      1973:    577590.000000           1           62.8383   
      1974:    577620.000000           1           62.8551   
      1975:    577650.000000           1           62.8632   
      1976:    577680.000000           1           62.8714   
      1977:    577710.000000           1           62.8804   
      1978:    577740.000000           1           62.8891   
      1979:    577770.000000           1           62.9090   
      1980:    577800.000000           1           62.9177   
      1981:    577830.000000           1           62.9274   
      1982:    577860.000000           1           62.9368   
      1983:    577890.000000           1           62.9458   
      1984:    577920.000000           1           62.9556   
      1985:    577950.000000           1           62.9661   
      1986:    577980.000000           1           62.9768   
      1987:    578010.000000           1           62.9870   
      1988:    578040.000000           1           62.9978   
      1989:    578070.000000           1           63.0084   
      1990:    578100.000000           1           63.0176   
      1991:    578130.000000           1          783.0420   
      1992:    578160.000000           1           63.0542   
      1993:    578190.000000           1           63.0651   
      1994:    578220.000000           1           63.0768   
      1995:    578250.000000           1           63.0867   
      1996:    578280.000000           1         -952.5465   
      1997:    578310.000000           1           63.1234   
      1998:    578340.000000           1           63.1440   
      1999:    578370.000000           1           63.1634   
      2000:    578400.000000           1           63.1821   
      2001:    578430.000000           1           63.1930   
      2002:    578460.000000           1           63.2032   
      2003:    578490.000000           1           63.2126   
      2004:    578520.000000           1           63.2226   
      2005:    578550.000000           1           63.2328   
      2006:    578580.000000           1           63.2418   
      2007:    578610.000000           1           63.2506   
      2008:    578640.000000           1           63.2602   
      2009:    578670.000000           1           63.2687   
      2010:    578700.000000           1           63.2790   
      2011:    578730.000000           1           63.2888   
      2012:    578760.000000           1           63.2980   
      2013:    578790.000000           1           63.3062   
      2014:    578820.000000           1           63.3156   
      2015:    578850.000000           1           63.3253   
      2016:    578880.000000           1           63.3469   
      2017:    578910.000000           1           63.3579   
      2018:    578940.000000           1           63.3685   
      2019:    578970.000000           1           63.3796   
      2020:    579000.000000           1           63.3892   
      2021:    579030.000000           1           63.3981   
      2022:    579060.000000           1           63.4213   
      2023:    579090.000000           1           63.4423   
      2024:    579120.000000           1           63.4544   
      2025:    579150.000000           1         -953.0483   
      2026:    579180.000000           1           63.4942   
      2027:    579210.000000           1           63.5042   
      2028:    579240.000000           1         -953.2160   
      2029:    579270.000000           1           63.5491   
      2030:    579300.000000           1           63.5598   
      2031:    579330.000000           1          716.1104   
      2032:    579360.000000           1           63.5982   
      2033:    579390.000000           1          716.1406   
      2034:    579420.000000           1           63.6419   
      2035:    579450.000000           1          716.1814   
      2036:    579480.000000           1          716.1908   
      2037:    579510.000000           1           63.6906   
      2038:    579540.000000           1          716.2338   
      2039:    579570.000000           1          716.2447   
      2040:    579600.000000           1           63.7349   
      2041:    579630.000000           1           63.7427   
      2042:    579660.000000           1           63.7609   
      2043:    579690.000000           1           63.7697   
      2044:    579720.000000           1           63.7772   
      2045:    579750.000000           1           63.7861   
      2046:    579780.000000           1           63.7950   
      2047:    579810.000000           1           63.8041   
      2048:    579840.000000           1           63.8122   
      2049:    579870.000000           1           63.8222   
      2050:    579900.000000           1           63.8311   
      2051:    579930.000000           1           63.8502   
      2052:    579960.000000           1           63.8593   
      2053:    579990.000000           1           63.8792   
      2054:    580020.000000           1           63.8974   
      2055:    580050.000000           1           63.9180   
      2056:    580080.000000           1           63.9268   
      2057:    580110.000000           1           63.9444   
      2058:    580140.000000           1           63.9540   
      2059:    580170.000000           1           63.9702   
      2060:    580200.000000           1          716.5425   
      2061:    580230.000000           1           63.9891   
      2062:    580260.000000           1          716.5758   
      2063:    580290.000000           1           64.0175   
      2064:    580320.000000           1          716.6037   
      2065:    580350.000000           1          716.6257   
      2066:    580380.000000           1          716.6466   
      2067:    580410.000000           1          716.6674   
      2068:    580440.000000           1          716.6889   
      2069:    580470.000000           1          716.6972   
      2070:    580500.000000           1           64.1350   
      2071:    580530.000000           1           64.1555   
      2072:    580560.000000           1           64.1694   
      2073:    580590.000000           1           64.1859   
      2074:    580620.000000           1           64.2028   
      2075:    580650.000000           1           64.2119   
      2076:    580680.000000           1           64.2207   
      2077:    580710.000000           1          716.8107   
      2078:    580740.000000           1          716.8185   
      2079:    580770.000000           1          716.8291   
      2080:    580800.000000           1           64.2553   
      2081:    580830.000000           1           64.2641   
      2082:    580860.000000           1           64.2808   
      2083:    580890.000000           1           64.2993   
      2084:    580920.000000           1           64.3085   
      2085:    580950.000000           1           64.3178   
      2086:    580980.000000           1           64.3363   
      2087:    581010.000000           1           64.3552   
      2088:    581040.000000           1           64.3629   
      2089:    581070.000000           1           64.3708   
      2090:    581100.000000           1           64.3907   
      2091:    581130.000000           1           64.4084   
      2092:    581160.000000           1           64.4178   
      2093:    581190.000000           1           64.4267   
      2094:    581220.000000           1           64.4368   
      2095:    581250.000000           1           64.4566   
      2096:    581280.000000           1           64.4728   
      2097:    581310.000000           1           64.4809   
      2098:    581340.000000           1           64.4896   
      2099:    581370.000000           1           64.4975   
      2100:    581400.000000           1           64.5061   
      2101:    581430.000000           1           64.5158   
      2102:    581460.000000           1           64.5249   
      2103:    581490.000000           1           64.5430   
      2104:    581520.000000           1           64.5511   
      2105:    581550.000000           1           64.5593   
      2106:    581580.000000           1           64.5690   
      2107:    581610.000000           1           64.5778   
      2108:    581640.000000           1           64.5883   
      2109:    581670.000000           1           64.5973   
      2110:    581700.000000           1           64.6069   
      2111:    581730.000000           1           64.6263   
      2112:    581760.000000           1           64.6444   
      2113:    581790.000000           1           64.6623   
      2114:    581820.000000           1           64.6710   
      2115:    581850.000000           1           64.6802   
      2116:    581880.000000           1           64.6884   
      2117:    581910.000000           1           64.7046   
      2118:    581940.000000           1         -951.9852   
      2119:    581970.000000           1           64.7405   
      2120:    582000.000000           1         -951.9599   
      2121:    582030.000000           1           64.7748   
      2122:    582060.000000           1           64.7828   
      2123:    582090.000000           1           64.7929   
      2124:    582120.000000           1           64.8003   
      2125:    582150.000000           1           64.8090   
      2126:    582180.000000           1           64.8175   
      2127:    582210.000000           1           64.8347   
      2128:    582240.000000           1           64.8511   
      2129:    582270.000000           1           64.8690   
      2130:    582300.000000           1           64.8868   
      2131:    582330.000000           1           64.9053   
      2132:    582360.000000           1         -951.7682   
      2133:    582390.000000           1         -951.7542   
      2134:    582420.000000           1         -951.7386   
      2135:    582450.000000           1         -951.7196   
      2136:    582480.000000           1         -951.7026   
      2137:    582510.000000           1         -951.6903   
      2138:    582540.000000           1         -951.6839   
      2139:    582570.000000           1         -951.6780   
      2140:    582600.000000           1         -951.6715   
      2141:    582630.000000           1         -951.6621   
      2142:    582660.000000           1         -951.6546   
      2143:    582690.000000           1         -951.6547   
      2144:    582720.000000           1         -951.6547   
      2145:    582750.000000           1         -951.6534   
      2146:    582780.000000           1         -951.6464   
      2147:    582810.000000           1         -951.6421   
      2148:    582840.000000           1         -951.6379   
      2149:    582870.000000           1         -951.6308   
      2150:    582900.000000           1         -951.6227   
      2151:    582930.000000           1         -951.6100   
      2152:    582960.000000           1           65.1337   
      2153:    582990.000000           1         -951.5875   
      2154:    583020.000000           1         -951.5743   
      2155:    583050.000000           1         -951.5590   
      2156:    583080.000000           1         -951.5394   
      2157:    583110.000000           1         -951.5256   
      2158:    583140.000000           1         -951.4963   
      2159:    583170.000000           1         -951.4664   
      2160:    583200.000000           1         -951.4630   
      2161:    583230.000000           1         -951.4566   
      2162:    583260.000000           1          184.3115   
      2163:    583290.000000           1         -951.4097   
      2164:    583320.000000           1         -951.4000   
      2165:    583350.000000           1         -951.3767   
      2166:    583380.000000           1         -951.3647   
      2167:    583410.000000           1         -951.3513   
      2168:    583440.000000           1         -951.3409   
      2169:    583470.000000           1         -951.3292   
      2170:    583500.000000           1         -951.3195   
      2171:    583530.000000           1         -951.3084   
      2172:    583560.000000           1           65.3969   
      2173:    583590.000000           1           65.4080   
      2174:    583620.000000           1           65.4189   
      2175:    583650.000000           1           65.4288   
      2176:    583680.000000           1           65.4398   
      2177:    583710.000000           1           65.4515   
      2178:    583740.000000           1           65.4757   
      2179:    583770.000000           1           65.4972   
      2180:    583800.000000           1           65.5085   
      2181:    583830.000000           1           65.5189   
      2182:    583860.000000           1         -951.1909   
      2183:    583890.000000           1           65.5642   
      2184:    583920.000000           1           65.5765   
      2185:    583950.000000           1           65.5974   
      2186:    583980.000000           1           65.6204   
      2187:    584010.000000           1           65.6319   
      2188:    584040.000000           1           65.6430   
      2189:    584070.000000           1           65.6532   
      2190:    584100.000000           1           65.6639   
      2191:    584130.000000           1           65.6751   
      2192:    584160.000000           1           65.6861   
      2193:    584190.000000           1           65.6972   
      2194:    584220.000000           1           65.7077   
      2195:    584250.000000           1           65.7181   
      2196:    584280.000000           1         -950.9656   
      2197:    584310.000000           1         -950.9521   
      2198:    584340.000000           1          166.7596   
      2199:    584370.000000           1         -950.8975   
      2200:    584400.000000           1         -950.8881   
      2201:    584430.000000           1         -950.8792   
      2202:    584460.000000           1         -950.8755   
      2203:    584490.000000           1         -950.8698   
      2204:    584520.000000           1         -950.8581   
      2205:    584550.000000           1         -950.8307   
      2206:    584580.000000           1         -950.8161   
      2207:    584610.000000           1         -950.8032   
      2208:    584640.000000           1         -950.7894   
      2209:    584670.000000           1          167.1151   
      2210:    584700.000000           1          167.1693   
      2211:    584730.000000           1          167.1522   
      2212:    584760.000000           1          167.1673   
      2213:    584790.000000           1          167.1948   
      2214:    584820.000000           1          167.2329   
      2215:    584850.000000           1         -950.6738   
      2216:    584880.000000           1          167.2559   
      2217:    584910.000000           1          167.3024   
      2218:    584940.000000           1          167.3297   
      2219:    584970.000000           1          167.3532   
      2220:    585000.000000           1          167.3648   
      2221:    585030.000000           1          167.3792   
      2222:    585060.000000           1          167.3927   
      2223:    585090.000000           1          167.4028   
      2224:    585120.000000           1          167.4168   
      2225:    585150.000000           1          167.4392   
      2226:    585180.000000           1          167.4481   
      2227:    585210.000000           1          167.4606   
      2228:    585240.000000           1          167.4807   
      2229:    585270.000000           1          167.4963   
      2230:    585300.000000           1          167.5133   
      2231:    585330.000000           1         -950.4956   
      2232:    585360.000000           1         -950.4862   
      2233:    585390.000000           1         -950.4774   
      2234:    585420.000000           1         -950.4646   
      2235:    585450.000000           1         -950.4477   
      2236:    585480.000000           1         -950.4415   
      2237:    585510.000000           1         -950.4318   
      2238:    585540.000000           1          167.7290   
      2239:    585570.000000           1          167.7609   
      2240:    585600.000000           1          167.7703   
      2241:    585630.000000           1          167.7841   
      2242:    585660.000000           1          167.8109   
      2243:    585690.000000           1          167.8318   
      2244:    585720.000000           1          167.8437   
      2245:    585750.000000           1          167.8635   
      2246:    585780.000000           1          167.8795   
      2247:    585810.000000           1         -950.2761   
      2248:    585840.000000           1         -950.2664   
      2249:    585870.000000           1         -950.2532   
      2250:    585900.000000           1         -950.2406   
      2251:    585930.000000           1         -950.2259   
      2252:    585960.000000           1         -950.2161   
      2253:    585990.000000           1         -950.2113   
      2254:    586020.000000           1         -950.2023   
      2255:    586050.000000           1         -950.1923   
      2256:    586080.000000           1         -950.1793   
      2257:    586110.000000           1         -950.1620   
      2258:    586140.000000           1         -950.1565   
      2259:    586170.000000           1          168.1066   
      2260:    586200.000000           1          168.1399   
      2261:    586230.000000           1          168.1696   
      2262:    586260.000000           1          168.1847   
      2263:    586290.000000           1          168.1997   
      2264:    586320.000000           1          168.2142   
      2265:    586350.000000           1          168.2312   
      2266:    586380.000000           1          168.2507   
      2267:    586410.000000           1          168.2793   
      2268:    586440.000000           1          168.2921   
      2269:    586470.000000           1          168.3084   
      2270:    586500.000000           1          168.3383   
      2271:    586530.000000           1          168.3707   
      2272:    586560.000000           1          168.3868   
      2273:    586590.000000           1          168.4038   
      2274:    586620.000000           1          168.4188   
      2275:    586650.000000           1          168.4306   
      2276:    586680.000000           1          168.4432   
      2277:    586710.000000           1         -949.8629   
      2278:    586740.000000           1         -949.8557   
      2279:    586770.000000           1         -949.8456   
      2280:    586800.000000           1         -949.8190   
      2281:    586830.000000           1         -949.7955   
      2282:    586860.000000           1         -949.7824   
      2283:    586890.000000           1          719.6858   
      2284:    586920.000000           1          719.6983   
      2285:    586950.000000           1         -949.7241   
      2286:    586980.000000           1          719.7477   
      2287:    587010.000000           1          719.7593   
      2288:    587040.000000           1          719.7820   
      2289:    587070.000000           1          719.7941   
      2290:    587100.000000           1         -949.6074   
      2291:    587130.000000           1          719.8397   
      2292:    587160.000000           1          719.8493   
      2293:    587190.000000           1         -949.5449   
      2294:    587220.000000           1          719.8973   
      2295:    587250.000000           1          719.9198   
      2296:    587280.000000           1          719.9431   
      2297:    587310.000000           1          719.9538   
      2298:    587340.000000           1          719.9643   
      2299:    587370.000000           1          719.9750   
      2300:    587400.000000           1         -949.4504   
      2301:    587430.000000           1         -949.4305   
      2302:    587460.000000           1          718.8841   
      2303:    587490.000000           1          718.7863   
      2304:    587520.000000           1          718.8097   
      2305:    587550.000000           1          718.8074   
      2306:    587580.000000           1         -949.3384   
      2307:    587610.000000           1         -949.3123   
      2308:    587640.000000           1          719.0115   
      2309:    587670.000000           1          719.0676   
      2310:    587700.000000           1          719.0726   
      2311:    587730.000000           1          719.0796   
      2312:    587760.000000           1          719.0926   
      2313:    587790.000000           1         -949.2007   
      2314:    587820.000000           1          719.4207   
      2315:    587850.000000           1          719.4940   
      2316:    587880.000000           1         -949.1410   
      2317:    587910.000000           1         -949.1279   
      2318:    587940.000000           1         -949.1155   
      2319:    587970.000000           1         -949.0932   
      2320:    588000.000000           1         -949.0694   
      2321:    588030.000000           1         -949.0584   
      2322:    588060.000000           1          169.4520   
      2323:    588090.000000           1          127.7382   
      2324:    588120.000000           1          169.4975   
      2325:    588150.000000           1          169.5172   
      2326:    588180.000000           1          169.5264   
      2327:    588210.000000           1          169.5337   
      2328:    588240.000000           1          169.5421   
      2329:    588270.000000           1          169.5587   
      2330:    588300.000000           1          169.5796   
      2331:    588330.000000           1          169.5898   
      2332:    588360.000000           1          169.6009   
      2333:    588390.000000           1          169.6120   
      2334:    588420.000000           1          169.6238   
      2335:    588450.000000           1          128.1581   
      2336:    588480.000000           1          169.6702   
      2337:    588510.000000           1          169.6808   
      2338:    588540.000000           1          169.6906   
      2339:    588570.000000           1          169.6998   
      2340:    588600.000000           1          169.7088   
      2341:    588630.000000           1          169.7191   
      2342:    588660.000000           1          169.7299   
      2343:    588690.000000           1          169.7392   
      2344:    588720.000000           1          169.7472   
      2345:    588750.000000           1          169.7563   
      2346:    588780.000000           1         -948.6731   
      2347:    588810.000000           1         -948.6659   
      2348:    588840.000000           1         -948.6565   
