       347:    528810.000000           1          325.1014   
       348:    528840.000000           1          123.1073   
       349:    528870.000000           1          123.0886   
       350:    528900.000000           1          123.0874   
       351:    528930.000000           1          123.0781   
       352:    528960.000000           1          123.0610   
       353:    528990.000000           1          123.0612   
       354:    529020.000000           1          123.0664   
       355:    529050.000000           1          123.0598   
       356:    529080.000000           1          123.0595   
       357:    529110.000000           1          324.8954   
       358:    529140.000000           1          123.0272   
       359:    529170.000000           1          123.0224   
       360:    529200.000000           1          123.0258   
       361:    529230.000000           1          123.0318   
       362:    529260.000000           1          123.0334   
       363:    529290.000000           1          123.0491   
       364:    529320.000000           1          123.0619   
       365:    529350.000000           1          123.0737   
       366:    529380.000000           1          123.0820   
       367:    529410.000000           1          123.0940   
       368:    529440.000000           1          123.1015   
       369:    529470.000000           1          761.7775   
       370:    529500.000000           1          762.0053   
       371:    529530.000000           1          123.1054   
       372:    529560.000000           1          762.4336   
       373:    529590.000000           1          762.4466   
       374:    529620.000000           1          762.4635   
       375:    529650.000000           1          762.4768   
       376:    529680.000000           1          123.0683   
       377:    529710.000000           1          123.0502   
       378:    529740.000000           1          762.8734   
       379:    529770.000000           1          762.8195   
       380:    529800.000000           1          762.8271   
       381:    529830.000000           1          762.8892   
       382:    529860.000000           1          123.0258   
       383:    529890.000000           1          763.1770   
       384:    529920.000000           1          122.9843   
       385:    529950.000000           1          763.2897   
       386:    529980.000000           1          122.9718   
       387:    530010.000000           1          763.2097   
       388:    530040.000000           1          122.9617   
       389:    530070.000000           1          763.1642   
       390:    530100.000000           1          763.1193   
       391:    530130.000000           1          762.9943   
       392:    530160.000000           1          762.9432   
       393:    530190.000000           1          762.8615   
       394:    530220.000000           1          122.9214   
       395:    530250.000000           1          762.7468   
       396:    530280.000000           1          762.7071   
       397:    530310.000000           1          762.6601   
       398:    530340.000000           1          762.6466   
       399:    530370.000000           1          762.6595   
       400:    530400.000000           1          762.6723   
       401:    530430.000000           1          762.6960   
       402:    530460.000000           1          762.7186   
       403:    530490.000000           1          762.7339   
       404:    530520.000000           1          762.7578   
       405:    530550.000000           1          762.7914   
       406:    530580.000000           1          762.8145   
       407:    530610.000000           1          762.8466   
       408:    530640.000000           1          122.8332   
       409:    530670.000000           1          763.3761   
       410:    530700.000000           1          762.9896   
       411:    530730.000000           1          763.6217   
       412:    530760.000000           1          764.3188   
       413:    530790.000000           1          763.1806   
       414:    530820.000000           1          762.2281   
       415:    530850.000000           1          762.2157   
       416:    530880.000000           1          762.3456   
       417:    530910.000000           1          762.2758   
       418:    530940.000000           1          762.4203   
       419:    530970.000000           1          762.1583   
       420:    531000.000000           1          762.2441   
       421:    531030.000000           1          762.2510   
       422:    531060.000000           1          762.3061   
       423:    531090.000000           1          762.3509   
       424:    531120.000000           1          123.0092   
       425:    531150.000000           1          762.4339   
       426:    531180.000000           1          122.9912   
       427:    531210.000000           1          762.6529   
       428:    531240.000000           1          762.7857   
       429:    531270.000000           1          762.8550   
       430:    531300.000000           1          762.9404   
       431:    531330.000000           1          762.9628   
       432:    531360.000000           1          762.9904   
       433:    531390.000000           1          762.9889   
       434:    531420.000000           1          762.9768   
       435:    531450.000000           1          762.9649   
       436:    531480.000000           1          762.9633   
       437:    531510.000000           1          123.0473   
       438:    531540.000000           1          762.9694   
       439:    531570.000000           1          762.9757   
       440:    531600.000000           1          123.1676   
       441:    531630.000000           1          123.1861   
       442:    531660.000000           1          123.2137   
       443:    531690.000000           1          123.2266   
       444:    531720.000000           1          324.8700   
       445:    531750.000000           1          123.3726   
       446:    531780.000000           1          123.2542   
       447:    531810.000000           1          122.9423   
       448:    531840.000000           1          122.8405   
       449:    531870.000000           1          122.8348   
       450:    531900.000000           1          122.8679   
       451:    531930.000000           1          123.0343   
       452:    531960.000000           1          123.0847   
       453:    531990.000000           1          324.9456   
       454:    532020.000000           1          123.1538   
       455:    532050.000000           1          123.1457   
       456:    532080.000000           1          123.1306   
       457:    532110.000000           1          123.1348   
       458:    532140.000000           1          123.1515   
       459:    532170.000000           1          123.1500   
       460:    532200.000000           1          123.1429   
       461:    532230.000000           1          123.1339   
       462:    532260.000000           1          123.1336   
       463:    532290.000000           1          123.1090   
       464:    532320.000000           1          123.0813   
       465:    532350.000000           1          123.0739   
       466:    532380.000000           1          324.9685   
       467:    532410.000000           1          123.0854   
       468:    532440.000000           1          123.0871   
       469:    532470.000000           1          123.0872   
       470:    532500.000000           1          123.0831   
       471:    532530.000000           1          123.0719   
       472:    532560.000000           1          123.0585   
       473:    532590.000000           1          123.0281   
       474:    532620.000000           1          123.0296   
       475:    532650.000000           1          123.0235   
       476:    532680.000000           1          763.0648   
       477:    532710.000000           1          763.0612   
       478:    532740.000000           1          763.0538   
       479:    532770.000000           1          763.0528   
       480:    532800.000000           1          763.0563   
       481:    532830.000000           1          763.0441   
       482:    532860.000000           1          763.0471   
       483:    532890.000000           1          763.0414   
       484:    532920.000000           1          763.0399   
       485:    532950.000000           1          763.0338   
       486:    532980.000000           1          763.0241   
       487:    533010.000000           1          763.0281   
       488:    533040.000000           1          763.0251   
       489:    533070.000000           1          324.9770   
       490:    533100.000000           1          763.0434   
       491:    533130.000000           1          763.0449   
       492:    533160.000000           1          763.0509   
       493:    533190.000000           1          763.0497   
       494:    533220.000000           1          763.0492   
       495:    533250.000000           1          324.9974   
       496:    533280.000000           1          763.0416   
       497:    533310.000000           1          325.0159   
       498:    533340.000000           1          763.0538   
       499:    533370.000000           1          325.0122   
       500:    533400.000000           1          763.0538   
       501:    533430.000000           1          763.0615   
       502:    533460.000000           1          763.0772   
       503:    533490.000000           1          325.0183   
       504:    533520.000000           1          325.0210   
       505:    533550.000000           1          325.0163   
       506:    533580.000000           1          325.0120   
       507:    533610.000000           1          763.1007   
       508:    533640.000000           1          325.0110   
       509:    533670.000000           1          325.0158   
       510:    533700.000000           1          325.0148   
       511:    533730.000000           1          325.0236   
       512:    533760.000000           1          325.0300   
       513:    533790.000000           1          325.0348   
       514:    533820.000000           1          325.0379   
       515:    533850.000000           1          325.0411   
       516:    533880.000000           1          325.0446   
       517:    533910.000000           1         -158.8857   
       518:    533940.000000           1         -158.8827   
       519:    533970.000000           1         -158.8798   
       520:    534000.000000           1         -158.8717   
       521:    534030.000000           1         -158.8638   
       522:    534060.000000           1         -158.8590   
       523:    534090.000000           1         -158.8506   
       524:    534120.000000           1         -158.8433   
       525:    534150.000000           1         -158.8444   
       526:    534180.000000           1         -158.8484   
       527:    534210.000000           1         -158.8503   
       528:    534240.000000           1         -158.8482   
       529:    534270.000000           1         -158.8443   
       530:    534300.000000           1         -158.8408   
       531:    534330.000000           1         -158.8317   
       532:    534360.000000           1         -158.8271   
       533:    534390.000000           1         -158.8269   
       534:    534420.000000           1          325.1135   
       535:    534450.000000           1          325.1150   
       536:    534480.000000           1          325.1162   
       537:    534510.000000           1          325.1180   
       538:    534540.000000           1          325.1106   
       539:    534570.000000           1          325.1101   
       540:    534600.000000           1          325.1115   
       541:    534630.000000           1          325.1223   
       542:    534660.000000           1          325.1302   
       543:    534690.000000           1          325.1302   
       544:    534720.000000           1          325.1349   
       545:    534750.000000           1          325.1437   
       546:    534780.000000           1          325.1535   
       547:    534810.000000           1          325.1599   
       548:    534840.000000           1          325.1615   
       549:    534870.000000           1          325.1667   
       550:    534900.000000           1          325.1636   
       551:    534930.000000           1          325.1626   
       552:    534960.000000           1          325.1695   
       553:    534990.000000           1          325.1713   
       554:    535020.000000           1         -158.8626   
       555:    535050.000000           1          325.1972   
       556:    535080.000000           1          325.2071   
       557:    535110.000000           1          325.2099   
       558:    535140.000000           1          325.1997   
       559:    535170.000000           1          325.2008   
       560:    535200.000000           1          763.3207   
       561:    535230.000000           1          325.1984   
       562:    535260.000000           1          168.8548   
       563:    535290.000000           1          168.8264   
       564:    535320.000000           1          168.8472   
       565:    535350.000000           1          763.3141   
       566:    535380.000000           1          763.3185   
       567:    535410.000000           1          763.3228   
       568:    535440.000000           1          763.3227   
       569:    535470.000000           1          763.3173   
       570:    535500.000000           1          168.8063   
       571:    535530.000000           1          325.1995   
       572:    535560.000000           1          168.8799   
       573:    535590.000000           1          168.8670   
       574:    535620.000000           1          763.3036   
       575:    535650.000000           1          168.8328   
       576:    535680.000000           1          168.8000   
       577:    535710.000000           1          168.8007   
       578:    535740.000000           1          168.8184   
       579:    535770.000000           1          168.8491   
       580:    535800.000000           1          168.8691   
       581:    535830.000000           1          168.8919   
       582:    535860.000000           1          168.9094   
       583:    535890.000000           1          168.9393   
       584:    535920.000000           1          168.9941   
       585:    535950.000000           1          169.0562   
       586:    535980.000000           1          325.0687   
       587:    536010.000000           1          169.2569   
       588:    536040.000000           1          169.2923   
       589:    536070.000000           1          169.3202   
       590:    536100.000000           1          325.0458   
       591:    536130.000000           1          325.0439   
       592:    536160.000000           1          325.0418   
       593:    536190.000000           1          325.0524   
       594:    536220.000000           1          325.0525   
       595:    536250.000000           1          325.0506   
       596:    536280.000000           1          325.0541   
       597:    536310.000000           1          325.0561   
       598:    536340.000000           1          325.0520   
       599:    536370.000000           1          325.0496   
       600:    536400.000000           1          325.0442   
       601:    536430.000000           1          325.0460   
       602:    536460.000000           1          325.0407   
       603:    536490.000000           1          325.0296   
       604:    536520.000000           1          325.0242   
       605:    536550.000000           1          325.0213   
       606:    536580.000000           1          325.0214   
       607:    536610.000000           1          325.0175   
       608:    536640.000000           1          169.6594   
       609:    536670.000000           1          325.0188   
       610:    536700.000000           1          169.6835   
       611:    536730.000000           1          169.6847   
       612:    536760.000000           1          169.6861   
       613:    536790.000000           1          169.6874   
       614:    536820.000000           1          763.1847   
       615:    536850.000000           1          169.6309   
       616:    536880.000000           1          763.1840   
       617:    536910.000000           1          763.1723   
       618:    536940.000000           1          763.1706   
       619:    536970.000000           1          763.1713   
       620:    537000.000000           1          763.1690   
       621:    537030.000000           1          763.1638   
       622:    537060.000000           1          763.1589   
       623:    537090.000000           1          763.1514   
       624:    537120.000000           1          763.1552   
       625:    537150.000000           1          169.6420   
       626:    537180.000000           1          169.6375   
       627:    537210.000000           1          763.1762   
       628:    537240.000000           1          763.1749   
       629:    537270.000000           1          763.1839   
       630:    537300.000000           1          763.1841   
       631:    537330.000000           1          763.1766   
       632:    537360.000000           1          763.1723   
       633:    537390.000000           1          763.1618   
       634:    537420.000000           1          763.1539   
       635:    537450.000000           1          763.1466   
       636:    537480.000000           1          763.1480   
       637:    537510.000000           1          763.1433   
       638:    537540.000000           1          169.6469   
       639:    537570.000000           1          169.6696   
       640:    537600.000000           1          169.6774   
       641:    537630.000000           1          169.7080   
       642:    537660.000000           1          169.7171   
       643:    537690.000000           1          169.7117   
       644:    537720.000000           1          169.7199   
       645:    537750.000000           1          324.9504   
       646:    537780.000000           1          169.7519   
       647:    537810.000000           1          324.9215   
       648:    537840.000000           1          324.9050   
       649:    537870.000000           1          169.7925   
       650:    537900.000000           1          169.8005   
       651:    537930.000000           1          169.8009   
       652:    537960.000000           1          169.7945   
       653:    537990.000000           1          169.7749   
       654:    538020.000000           1          169.7605   
       655:    538050.000000           1          169.7501   
       656:    538080.000000           1          169.7482   
       657:    538110.000000           1          169.7526   
       658:    538140.000000           1          169.7484   
       659:    538170.000000           1          169.7463   
       660:    538200.000000           1          169.7375   
       661:    538230.000000           1          169.7433   
       662:    538260.000000           1          762.9789   
       663:    538290.000000           1          169.7080   
       664:    538320.000000           1          762.9403   
       665:    538350.000000           1          762.9315   
       666:    538380.000000           1          762.9201   
       667:    538410.000000           1          762.9093   
       668:    538440.000000           1          762.8995   
       669:    538470.000000           1          762.8914   
       670:    538500.000000           1          762.8850   
       671:    538530.000000           1          762.8785   
       672:    538560.000000           1          762.8695   
       673:    538590.000000           1          762.8562   
       674:    538620.000000           1          762.8419   
       675:    538650.000000           1          762.8290   
       676:    538680.000000           1          762.8167   
       677:    538710.000000           1          762.8056   
       678:    538740.000000           1          762.7966   
       679:    538770.000000           1          762.7867   
       680:    538800.000000           1          762.7640   
       681:    538830.000000           1          762.7540   
       682:    538860.000000           1          762.7468   
       683:    538890.000000           1          169.5398   
       684:    538920.000000           1          762.7102   
       685:    538950.000000           1          169.4865   
       686:    538980.000000           1          762.6693   
       687:    539010.000000           1          762.6507   
       688:    539040.000000           1          762.6310   
       689:    539070.000000           1          169.3688   
       690:    539100.000000           1          762.5919   
       691:    539130.000000           1          762.5768   
       692:    539160.000000           1          762.5681   
       693:    539190.000000           1          762.5572   
       694:    539220.000000           1          762.5521   
       695:    539250.000000           1          762.5460   
       696:    539280.000000           1          762.5425   
       697:    539310.000000           1          762.5330   
       698:    539340.000000           1          762.5305   
       699:    539370.000000           1          169.2769   
       700:    539400.000000           1          169.2767   
       701:    539430.000000           1          169.2716   
       702:    539460.000000           1          169.2519   
       703:    539490.000000           1          324.3658   
       704:    539520.000000           1          324.3593   
       705:    539550.000000           1          169.2214   
       706:    539580.000000           1          169.2158   
       707:    539610.000000           1          169.2175   
       708:    539640.000000           1          169.2143   
       709:    539670.000000           1          169.2082   
       710:    539700.000000           1          169.1992   
       711:    539730.000000           1          169.1975   
       712:    539760.000000           1          169.1894   
       713:    539790.000000           1          169.1867   
       714:    539820.000000           1          169.1861   
       715:    539850.000000           1          169.1678   
       716:    539880.000000           1          169.1567   
       717:    539910.000000           1          169.1396   
       718:    539940.000000           1          169.1357   
       719:    539970.000000           1          169.1292   
       720:    540000.000000           1          169.1168   
       721:    540030.000000           1          169.1084   
       722:    540060.000000           1          169.0995   
       723:    540090.000000           1          762.2613   
       724:    540120.000000           1          762.2513   
       725:    540150.000000           1          169.0705   
       726:    540180.000000           1          762.2199   
       727:    540210.000000           1          169.0565   
       728:    540240.000000           1          169.0480   
       729:    540270.000000           1          169.0477   
       730:    540300.000000           1          169.0431   
       731:    540330.000000           1          169.0356   
       732:    540360.000000           1          169.0255   
       733:    540390.000000           1          169.0181   
       734:    540420.000000           1          169.0129   
       735:    540450.000000           1          169.0065   
       736:    540480.000000           1          169.0017   
       737:    540510.000000           1          168.9966   
       738:    540540.000000           1          168.9906   
       739:    540570.000000           1          168.9857   
       740:    540600.000000           1          168.9801   
       741:    540630.000000           1          168.9751   
       742:    540660.000000           1          168.9661   
       743:    540690.000000           1          168.9647   
       744:    540720.000000           1          168.9642   
       745:    540750.000000           1          168.9579   
       746:    540780.000000           1          168.9517   
       747:    540810.000000           1          168.9489   
       748:    540840.000000           1          168.9421   
       749:    540870.000000           1          168.9395   
       750:    540900.000000           1          168.9290   
       751:    540930.000000           1          168.9127   
       752:    540960.000000           1          168.9009   
       753:    540990.000000           1          168.8812   
       754:    541020.000000           1          168.8637   
       755:    541050.000000           1          168.8294   
       756:    541080.000000           1          168.8158   
       757:    541110.000000           1          761.9612   
       758:    541140.000000           1          761.9523   
       759:    541170.000000           1          168.7777   
       760:    541200.000000           1          168.7722   
       761:    541230.000000           1          168.7695   
       762:    541260.000000           1          168.7613   
       763:    541290.000000           1          168.7556   
       764:    541320.000000           1          168.7556   
       765:    541350.000000           1          168.7516   
       766:    541380.000000           1          168.7456   
       767:    541410.000000           1          168.7399   
       768:    541440.000000           1          168.7308   
       769:    541470.000000           1          168.7200   
       770:    541500.000000           1          168.7068   
       771:    541530.000000           1          168.6943   
       772:    541560.000000           1          168.6834   
       773:    541590.000000           1          168.6750   
       774:    541620.000000           1          168.6646   
       775:    541650.000000           1          168.6530   
       776:    541680.000000           1          168.6465   
       777:    541710.000000           1          168.6381   
       778:    541740.000000           1          168.6180   
       779:    541770.000000           1          168.6016   
       780:    541800.000000           1          168.5877   
       781:    541830.000000           1          168.5770   
       782:    541860.000000           1          168.5651   
       783:    541890.000000           1          168.5491   
       784:    541920.000000           1          168.5347   
       785:    541950.000000           1          168.5244   
       786:    541980.000000           1          761.6382   
       787:    542010.000000           1          761.6260   
       788:    542040.000000           1          761.6130   
       789:    542070.000000           1          761.6016   
       790:    542100.000000           1          761.5845   
       791:    542130.000000           1          761.5713   
       792:    542160.000000           1          761.5571   
       793:    542190.000000           1          761.5417   
       794:    542220.000000           1          168.3896   
       795:    542250.000000           1          168.3620   
       796:    542280.000000           1          761.4517   
       797:    542310.000000           1          168.3082   
       798:    542340.000000           1          761.4090   
       799:    542370.000000           1          761.3942   
       800:    542400.000000           1          761.3785   
       801:    542430.000000           1          761.3673   
       802:    542460.000000           1          761.3555   
       803:    542490.000000           1          761.3361   
       804:    542520.000000           1          168.2060   
       805:    542550.000000           1          168.1926   
       806:    542580.000000           1          168.1738   
       807:    542610.000000           1          168.1577   
       808:    542640.000000           1          168.1435   
       809:    542670.000000           1          168.1246   
       810:    542700.000000           1          168.1078   
       811:    542730.000000           1          168.0935   
       812:    542760.000000           1          168.0812   
       813:    542790.000000           1          168.0660   
       814:    542820.000000           1          168.0544   
       815:    542850.000000           1          323.2047   
       816:    542880.000000           1          168.0019   
       817:    542910.000000           1          167.9875   
       818:    542940.000000           1          167.9719   
       819:    542970.000000           1          323.1372   
       820:    543000.000000           1          167.9269   
       821:    543030.000000           1          167.9162   
       822:    543060.000000           1          167.9023   
       823:    543090.000000           1          323.0812   
       824:    543120.000000           1          323.0649   
       825:    543150.000000           1          323.0545   
       826:    543180.000000           1          323.0431   
       827:    543210.000000           1          323.0261   
       828:    543240.000000           1          323.0163   
       829:    543270.000000           1          323.0058   
       830:    543300.000000           1          322.9824   
       831:    543330.000000           1          322.9702   
       832:    543360.000000           1          322.9541   
       833:    543390.000000           1          322.9417   
       834:    543420.000000           1          322.9269   
       835:    543450.000000           1          322.9154   
       836:    543480.000000           1          322.9041   
       837:    543510.000000           1          322.8967   
       838:    543540.000000           1          322.8918   
       839:    543570.000000           1          322.8819   
       840:    543600.000000           1          322.8713   
       841:    543630.000000           1          322.8580   
       842:    543660.000000           1          322.8481   
       843:    543690.000000           1          322.8386   
       844:    543720.000000           1          322.8270   
       845:    543750.000000           1          322.8164   
       846:    543780.000000           1          322.8048   
       847:    543810.000000           1          322.7788   
       848:    543840.000000           1          322.7687   
       849:    543870.000000           1          322.7552   
       850:    543900.000000           1          322.7449   
       851:    543930.000000           1          322.7339   
       852:    543960.000000           1          167.4905   
       853:    543990.000000           1          167.4684   
       854:    544020.000000           1          167.4475   
       855:    544050.000000           1          167.4246   
       856:    544080.000000           1          167.4154   
       857:    544110.000000           1          167.4035   
       858:    544140.000000           1          167.3894   
       859:    544170.000000           1          167.3781   
       860:    544200.000000           1          167.3625   
       861:    544230.000000           1          167.3492   
       862:    544260.000000           1          167.3263   
       863:    544290.000000           1          167.3100   
       864:    544320.000000           1          167.2909   
       865:    544350.000000           1          167.2782   
       866:    544380.000000           1          167.2648   
       867:    544410.000000           1          167.2556   
       868:    544440.000000           1          167.2473   
       869:    544470.000000           1          167.2355   
       870:    544500.000000           1          167.2103   
       871:    544530.000000           1          167.1866   
       872:    544560.000000           1          167.1616   
       873:    544590.000000           1          167.1477   
       874:    544620.000000           1          167.1235   
       875:    544650.000000           1          167.1030   
       876:    544680.000000           1          167.0916   
       877:    544710.000000           1          167.0661   
       878:    544740.000000           1          167.0381   
       879:    544770.000000           1          167.0230   
       880:    544800.000000           1          166.9971   
       881:    544830.000000           1          166.9830   
       882:    544860.000000           1          166.9588   
       883:    544890.000000           1          166.9444   
       884:    544920.000000           1          322.1518   
       885:    544950.000000           1          322.1404   
       886:    544980.000000           1          322.1253   
       887:    545010.000000           1          322.1128   
       888:    545040.000000           1          322.1033   
       889:    545070.000000           1          322.0917   
       890:    545100.000000           1          322.0804   
       891:    545130.000000           1          322.0682   
       892:    545160.000000           1          322.0444   
       893:    545190.000000           1          322.0237   
       894:    545220.000000           1          322.0088   
       895:    545250.000000           1          321.9999   
       896:    545280.000000           1          321.9893   
       897:    545310.000000           1          321.9796   
       898:    545340.000000           1          321.9655   
       899:    545370.000000           1          321.9551   
       900:    545400.000000           1          321.9329   
       901:    545430.000000           1          321.9243   
       902:    545460.000000           1          321.9128   
       903:    545490.000000           1          321.9008   
       904:    545520.000000           1          321.8933   
       905:    545550.000000           1          321.8852   
       906:    545580.000000           1          321.8687   
       907:    545610.000000           1          321.8438   
       908:    545640.000000           1          321.8290   
       909:    545670.000000           1          321.7980   
       910:    545700.000000           1          166.5137   
       911:    545730.000000           1          166.4785   
       912:    545760.000000           1          321.7147   
       913:    545790.000000           1          166.4325   
       914:    545820.000000           1          166.4091   
       915:    545850.000000           1          166.3893   
       916:    545880.000000           1          166.3658   
       917:    545910.000000           1          321.5971   
       918:    545940.000000           1          166.3252   
       919:    545970.000000           1          166.2937   
       920:    546000.000000           1          166.2668   
       921:    546030.000000           1          166.2497   
       922:    546060.000000           1          166.2356   
       923:    546090.000000           1          166.2091   
       924:    546120.000000           1          166.1792   
       925:    546150.000000           1          166.1498   
       926:    546180.000000           1          321.3742   
       927:    546210.000000           1          166.0938   
       928:    546240.000000           1          166.0800   
       929:    546270.000000           1          166.0599   
       930:    546300.000000           1          166.0463   
       931:    546330.000000           1          166.0162   
       932:    546360.000000           1          165.9839   
       933:    546390.000000           1          321.2109   
       934:    546420.000000           1          165.9237   
       935:    546450.000000           1          165.9105   
       936:    546480.000000           1          165.8965   
       937:    546510.000000           1          165.8637   
       938:    546540.000000           1          165.8373   
       939:    546570.000000           1          165.8065   
       940:    546600.000000           1          165.7926   
       941:    546630.000000           1          165.7762   
       942:    546660.000000           1          321.0156   
       943:    546690.000000           1          165.7132   
       944:    546720.000000           1          165.6965   
       945:    546750.000000           1          165.6846   
       946:    546780.000000           1          320.9317   
       947:    546810.000000           1          165.6204   
       948:    546840.000000           1          165.6073   
       949:    546870.000000           1          165.5923   
       950:    546900.000000           1          165.5611   
       951:    546930.000000           1          165.5457   
       952:    546960.000000           1          165.5326   
       953:    546990.000000           1          165.5204   
       954:    547020.000000           1          758.7695   
       955:    547050.000000           1          758.7745   
       956:    547080.000000           1          758.8180   
       957:    547110.000000           1          758.8245   
       958:    547140.000000           1          758.8333   
       959:    547170.000000           1          758.8538   
       960:    547200.000000           1          758.8368   
       961:    547230.000000           1          758.8200   
       962:    547260.000000           1          758.7722   
       963:    547290.000000           1          758.7288   
       964:    547320.000000           1          758.6909   
       965:    547350.000000           1          758.6101   
       966:    547380.000000           1          758.5070   
       967:    547410.000000           1          758.4269   
       968:    547440.000000           1          758.3703   
       969:    547470.000000           1          758.3301   
       970:    547500.000000           1          758.3062   
       971:    547530.000000           1          758.3022   
       972:    547560.000000           1          165.1413   
       973:    547590.000000           1          758.4259   
       974:    547620.000000           1          758.3784   
       975:    547650.000000           1          758.3879   
       976:    547680.000000           1          758.3678   
       977:    547710.000000           1          758.3032   
       978:    547740.000000           1          758.2153   
       979:    547770.000000           1          758.1994   
       980:    547800.000000           1          758.1961   
       981:    547830.000000           1          164.8989   
       982:    547860.000000           1          758.1994   
       983:    547890.000000           1          758.1971   
       984:    547920.000000           1          164.8262   
       985:    547950.000000           1          164.8155   
       986:    547980.000000           1          164.8061   
       987:    548010.000000           1          164.7967   
       988:    548040.000000           1          164.7686   
       989:    548070.000000           1          164.7416   
       990:    548100.000000           1          164.7285   
       991:    548130.000000           1          164.7174   
       992:    548160.000000           1          164.7022   
       993:    548190.000000           1          164.6876   
       994:    548220.000000           1          164.6769   
       995:    548250.000000           1          164.6567   
       996:    548280.000000           1          164.6369   
       997:    548310.000000           1          164.6242   
       998:    548340.000000           1          164.6128   
       999:    548370.000000           1          164.6003   
      1000:    548400.000000           1          164.5856   
      1001:    548430.000000           1          164.5737   
      1002:    548460.000000           1          164.5610   
      1003:    548490.000000           1          164.5453   
      1004:    548520.000000           1          164.5179   
      1005:    548550.000000           1          164.4935   
      1006:    548580.000000           1          164.4735   
      1007:    548610.000000           1          164.4610   
      1008:    548640.000000           1          164.4485   
      1009:    548670.000000           1          164.4359   
      1010:    548700.000000           1          757.7670   
      1011:    548730.000000           1          757.7416   
      1012:    548760.000000           1          757.7285   
      1013:    548790.000000           1          757.7005   
      1014:    548820.000000           1          757.6758   
      1015:    548850.000000           1          757.6666   
      1016:    548880.000000           1          757.6599   
      1017:    548910.000000           1          757.6490   
      1018:    548940.000000           1          757.6468   
      1019:    548970.000000           1          757.6331   
      1020:    549000.000000           1          757.6174   
      1021:    549030.000000           1          757.6119   
      1022:    549060.000000           1          164.2018   
      1023:    549090.000000           1          757.8615   
      1024:    549120.000000           1          164.1639   
      1025:    549150.000000           1          757.9894   
      1026:    549180.000000           1          757.7991   
      1027:    549210.000000           1          757.7948   
      1028:    549240.000000           1          164.0746   
      1029:    549270.000000           1          757.6371   
      1030:    549300.000000           1          757.5405   
      1031:    549330.000000           1          757.4534   
      1032:    549360.000000           1          757.4254   
      1033:    549390.000000           1          757.4081   
      1034:    549420.000000           1          757.3512   
      1035:    549450.000000           1          757.3417   
      1036:    549480.000000           1          757.2854   
      1037:    549510.000000           1          757.2255   
      1038:    549540.000000           1          757.0474   
      1039:    549570.000000           1          756.9229   
      1040:    549600.000000           1          756.8674   
      1041:    549630.000000           1          756.8299   
      1042:    549660.000000           1          756.8205   
      1043:    549690.000000           1          756.8198   
      1044:    549720.000000           1          756.8209   
      1045:    549750.000000           1          756.8056   
      1046:    549780.000000           1          756.8016   
      1047:    549810.000000           1          756.8011   
      1048:    549840.000000           1          756.8072   
      1049:    549870.000000           1          756.8075   
      1050:    549900.000000           1          756.8052   
      1051:    549930.000000           1          756.7981   
      1052:    549960.000000           1          756.7568   
      1053:    549990.000000           1          756.7183   
      1054:    550020.000000           1          756.6880   
      1055:    550050.000000           1          756.6551   
      1056:    550080.000000           1          756.6221   
      1057:    550110.000000           1          756.5870   
      1058:    550140.000000           1          756.5183   
      1059:    550170.000000           1          756.4517   
      1060:    550200.000000           1          756.4181   
      1061:    550230.000000           1          756.3826   
      1062:    550260.000000           1          756.3537   
      1063:    550290.000000           1          756.3241   
      1064:    550320.000000           1          756.3023   
      1065:    550350.000000           1          756.2741   
      1066:    550380.000000           1          756.2403   
      1067:    550410.000000           1          756.2136   
      1068:    550440.000000           1          756.1666   
      1069:    550470.000000           1          756.1286   
      1070:    550500.000000           1          756.0725   
      1071:    550530.000000           1          756.0233   
      1072:    550560.000000           1          756.0012   
      1073:    550590.000000           1          755.9798   
      1074:    550620.000000           1          755.9469   
      1075:    550650.000000           1          755.9369   
      1076:    550680.000000           1          755.9264   
      1077:    550710.000000           1          755.9219   
      1078:    550740.000000           1          163.5547   
      1079:    550770.000000           1          754.3906   
      1080:    550800.000000           1          163.5367   
      1081:    550830.000000           1          163.5288   
      1082:    550860.000000           1          163.5255   
      1083:    550890.000000           1          163.5236   
      1084:    550920.000000           1          163.5184   
      1085:    550950.000000           1          163.5100   
      1086:    550980.000000           1          163.5044   
      1087:    551010.000000           1          163.5021   
      1088:    551040.000000           1          163.4958   
      1089:    551070.000000           1          163.4918   
      1090:    551100.000000           1          163.4874   
      1091:    551130.000000           1          163.4820   
      1092:    551160.000000           1          163.4781   
      1093:    551190.000000           1          163.4737   
      1094:    551220.000000           1          163.4692   
      1095:    551250.000000           1          163.4634   
      1096:    551280.000000           1          163.4599   
      1097:    551310.000000           1          163.4499   
      1098:    551340.000000           1          163.4432   
      1099:    551370.000000           1          163.4361   
      1100:    551400.000000           1          163.4283   
      1101:    551430.000000           1          163.4197   
      1102:    551460.000000           1          163.4088   
      1103:    551490.000000           1          163.3996   
      1104:    551520.000000           1          163.3869   
      1105:    551550.000000           1          163.3747   
      1106:    551580.000000           1          163.3635   
      1107:    551610.000000           1          163.3565   
      1108:    551640.000000           1          163.3502   
      1109:    551670.000000           1          163.3490   
      1110:    551700.000000           1          163.3438   
      1111:    551730.000000           1          835.7774   
      1112:    551760.000000           1          163.3345   
      1113:    551790.000000           1          163.3300   
      1114:    551820.000000           1          163.3195   
      1115:    551850.000000           1          163.3166   
      1116:    551880.000000           1          163.3101   
      1117:    551910.000000           1          163.3049   
      1118:    551940.000000           1          163.2991   
      2226:    585180.000000           1          115.2535   
      2227:    585210.000000           1          115.2655   
      2228:    585240.000000           1          115.2765   
      2229:    585270.000000           1          115.2869   
      2230:    585300.000000           1          115.2978   
      2231:    585330.000000           1         -156.3331   
      2232:    585360.000000           1         -156.3210   
      2233:    585390.000000           1         -156.3099   
      2234:    585420.000000           1         -156.2885   
      2235:    585450.000000           1         -156.2663   
      2236:    585480.000000           1         -156.2569   
      2237:    585510.000000           1         -156.2462   
      2238:    585540.000000           1          115.4276   
      2239:    585570.000000           1          115.4498   
      2240:    585600.000000           1          115.4613   
      2241:    585630.000000           1          115.4732   
      2242:    585660.000000           1        -1022.0768   
      2243:    585690.000000           1          115.6620   
      2244:    585720.000000           1          115.7234   
      2245:    585750.000000           1        -1022.0073   
      2246:    585780.000000           1          115.6426   
      2247:    585810.000000           1         -156.0531   
      2248:    585840.000000           1         -156.0404   
      2249:    585870.000000           1         -156.0276   
      2250:    585900.000000           1         -156.0152   
      2251:    585930.000000           1         -156.0006   
      2252:    585960.000000           1         -155.9864   
      2253:    585990.000000           1         -155.9730   
      2254:    586020.000000           1         -155.9591   
      2255:    586050.000000           1         -155.9453   
      2256:    586080.000000           1         -155.9306   
      2257:    586110.000000           1         -155.9012   
      2258:    586140.000000           1         -155.8884   
      2259:    586170.000000           1          115.6526   
      2260:    586200.000000           1          115.6722   
      2261:    586230.000000           1          115.6934   
      2262:    586260.000000           1          115.7142   
      2263:    586290.000000           1          115.7336   
      2264:    586320.000000           1          115.7417   
      2265:    586350.000000           1          115.7600   
      2266:    586380.000000           1          115.7725   
      2267:    586410.000000           1          115.7957   
      2268:    586440.000000           1          115.8003   
      2269:    586470.000000           1          115.8116   
      2270:    586500.000000           1        -1021.3390   
      2271:    586530.000000           1         -155.6614   
      2272:    586560.000000           1         -155.6510   
      2273:    586590.000000           1         -155.6408   
      2274:    586620.000000           1         -155.6302   
      2275:    586650.000000           1         -155.6185   
      2276:    586680.000000           1         -155.6062   
      2277:    586710.000000           1          191.7475   
      2278:    586740.000000           1          191.7591   
      2279:    586770.000000           1          191.7709   
      2280:    586800.000000           1         -155.5351   
      2281:    586830.000000           1          191.8201   
      2282:    586860.000000           1          191.8334   
      2283:    586890.000000           1          118.6294   
      2284:    586920.000000           1          118.6363   
      2285:    586950.000000           1          191.8846   
      2286:    586980.000000           1          118.6612   
      2287:    587010.000000           1          118.6631   
      2288:    587040.000000           1          462.1535   
      2289:    587070.000000           1          462.2599   
      2290:    587100.000000           1          118.7066   
      2291:    587130.000000           1          186.1546   
      2292:    587160.000000           1          186.1669   
      2293:    587190.000000           1          462.7466   
      2294:    587220.000000           1          186.2342   
      2295:    587250.000000           1          462.7816   
      2296:    587280.000000           1          186.3058   
      2297:    587310.000000           1          186.3217   
      2298:    587340.000000           1          186.3350   
      2299:    587370.000000           1          186.3489   
      2300:    587400.000000           1          462.8873   
      2301:    587430.000000           1          118.9314   
      2302:    587460.000000           1          186.4120   
      2303:    587490.000000           1          186.4207   
      2304:    587520.000000           1          186.4330   
      2305:    587550.000000           1          186.4450   
      2306:    587580.000000           1          463.1525   
      2307:    587610.000000           1          463.2069   
      2308:    587640.000000           1          186.5262   
      2309:    587670.000000           1          186.5379   
      2310:    587700.000000           1          186.5497   
      2311:    587730.000000           1          186.5609   
      2312:    587760.000000           1          186.5711   
      2313:    587790.000000           1          463.3718   
      2314:    587820.000000           1          186.6189   
      2315:    587850.000000           1          186.6300   
      2316:    587880.000000           1          463.5316   
      2317:    587910.000000           1          463.5777   
      2318:    587940.000000           1          463.6263   
      2319:    587970.000000           1          119.2373   
      2320:    588000.000000           1          463.7465   
      2321:    588030.000000           1          463.7667   
      2322:    588060.000000           1          119.2855   
      2323:    588090.000000           1          192.5760   
      2324:    588120.000000           1          192.5998   
      2325:    588150.000000           1          119.3528   
      2326:    588180.000000           1          119.3677   
      2327:    588210.000000           1          119.3808   
      2328:    588240.000000           1          119.3943   
      2329:    588270.000000           1          119.4192   
      2330:    588300.000000           1          119.4399   
      2331:    588330.000000           1          119.4550   
      2332:    588360.000000           1          119.4670   
      2333:    588390.000000           1          119.4804   
      2334:    588420.000000           1          119.4946   
      2335:    588450.000000           1          192.7748   
      2336:    588480.000000           1          119.5412   
      2337:    588510.000000           1          119.5534   
      2338:    588540.000000           1          192.8135   
      2339:    588570.000000           1          192.8238   
      2340:    588600.000000           1          119.5831   
      2341:    588630.000000           1          119.5925   
      2342:    588660.000000           1          192.8529   
      2343:    588690.000000           1          192.8623   
      2344:    588720.000000           1          192.8709   
      2345:    588750.000000           1          192.8797   
      2346:    588780.000000           1          119.6333   
      2347:    588810.000000           1          119.6380   
      2348:    588840.000000           1          119.6411   
      2349:    588870.000000           1          464.2331   
      2350:    588900.000000           1          464.2508   
      2351:    588930.000000           1          119.6736   
      2352:    588960.000000           1          464.3123   
      2353:    588990.000000           1          464.3338   
      2354:    589020.000000           1          119.7144   
      2355:    589050.000000           1          464.4796   
      2356:    589080.000000           1          119.7503   
      2357:    589110.000000           1          119.7700   
      2358:    589140.000000           1          464.5879   
      2359:    589170.000000           1          464.6012   
      2360:    589200.000000           1          464.6167   
      2361:    589230.000000           1          119.8244   
      2362:    589260.000000           1          119.8414   
      2363:    589290.000000           1          464.6505   
      2364:    589320.000000           1          464.6564   
      2365:    589350.000000           1          464.6624   
      2366:    589380.000000           1          464.6699   
      2367:    589410.000000           1          464.6749   
      2368:    589440.000000           1          464.6790   
      2369:    589470.000000           1          464.6788   
      2370:    589500.000000           1          464.6892   
      2371:    589530.000000           1          119.9501   
      2372:    589560.000000           1          464.7246   
      2373:    589590.000000           1          464.7395   
      2374:    589620.000000           1          464.7481   
      2375:    589650.000000           1            8.1984   
      2376:    589680.000000           1          464.8126   
      2377:    589710.000000           1          464.8319   
      2378:    589740.000000           1          464.8460   
      2379:    589770.000000           1          187.5178   
      2380:    589800.000000           1          464.8742   
      2381:    589830.000000           1          187.5471   
      2382:    589860.000000           1          464.8944   
      2383:    589890.000000           1          187.5595   
      2384:    589920.000000           1          464.9094   
      2385:    589950.000000           1          187.5704   
      2386:    589980.000000           1            8.1295   
      2387:    590010.000000           1          464.9566   
      2388:    590040.000000           1          464.9601   
      2389:    590070.000000           1          464.9704   
      2390:    590100.000000           1            8.1671   
      2391:    590130.000000           1          465.0054   
      2392:    590160.000000           1          465.0129   
      2393:    590190.000000           1          187.6468   
      2394:    590220.000000           1          187.6541   
      2395:    590250.000000           1          465.0434   
      2396:    590280.000000           1          187.6739   
      2397:    590310.000000           1          187.6858   
      2398:    590340.000000           1          465.0632   
      2399:    590370.000000           1          187.7122   
      2400:    590400.000000           1          187.7184   
      2401:    590430.000000           1          465.0927   
      2402:    590460.000000           1          187.7473   
      2403:    590490.000000           1          465.1336   
      2404:    590520.000000           1          187.7785   
      2405:    590550.000000           1          187.7854   
      2406:    590580.000000           1          187.7929   
      2407:    590610.000000           1          187.7991   
      2408:    590640.000000           1          465.1908   
      2409:    590670.000000           1          465.2023   
      2410:    590700.000000           1          187.8302   
      2411:    590730.000000           1          465.2287   
      2412:    590760.000000           1          187.8531   
      2413:    590790.000000           1          187.8589   
      2414:    590820.000000           1          465.2318   
      2415:    590850.000000           1          187.8819   
      2416:    590880.000000           1          465.2397   
      2417:    590910.000000           1          187.9099   
      2418:    590940.000000           1          187.9166   
      2419:    590970.000000           1          187.9224   
      2420:    591000.000000           1          187.9288   
      2421:    591030.000000           1          187.9334   
      2422:    591060.000000           1          465.3045   
      2423:    591090.000000           1          187.9618   
      2424:    591120.000000           1          465.3393   
      2425:    591150.000000           1            8.4868   
      2426:    591180.000000           1            8.4969   
      2427:    591210.000000           1            8.5082   
      2428:    591240.000000           1            8.5194   
      2429:    591270.000000           1            8.5278   
      2430:    591300.000000           1            8.5337   
      2431:    591330.000000           1            8.5320   
      2432:    591360.000000           1            8.5231   
      2433:    591390.000000           1            8.5123   
      2434:    591420.000000           1            8.4854   
      2435:    591450.000000           1            8.4518   
      2436:    591480.000000           1            8.4217   
      2437:    591510.000000           1            8.3977   
      2438:    591540.000000           1            8.3872   
      2439:    591570.000000           1            8.3833   
      2440:    591600.000000           1            8.3862   
      2441:    591630.000000           1            8.3909   
      2442:    591660.000000           1            8.3978   
      2443:    591690.000000           1            8.4003   
      2444:    591720.000000           1            8.4135   
      2445:    591750.000000           1          193.8806   
      2446:    591780.000000           1            8.2201   
      2447:    591810.000000           1            8.2998   
      2448:    591840.000000           1            8.3097   
      2449:    591870.000000           1            8.4284   
      2450:    591900.000000           1            8.4387   
      2451:    591930.000000           1            8.4953   
      2452:    591960.000000           1          465.5120   
      2453:    591990.000000           1          465.5182   
      2454:    592020.000000           1          465.5274   
      2455:    592050.000000           1          465.5335   
      2456:    592080.000000           1          465.5415   
      2457:    592110.000000           1          465.5439   
      2458:    592140.000000           1          465.5453   
      2459:    592170.000000           1          465.5438   
      2460:    592200.000000           1          465.5438   
      2461:    592230.000000           1          465.5417   
      2462:    592260.000000           1          465.5401   
      2463:    592290.000000           1          465.5411   
      2464:    592320.000000           1          465.5399   
      2465:    592350.000000           1          465.5340   
      2466:    592380.000000           1            8.7741   
      2467:    592410.000000           1            8.8193   
      2468:    592440.000000           1            8.8527   
      2469:    592470.000000           1            8.8684   
      2470:    592500.000000           1            8.8627   
      2471:    592530.000000           1          120.8585   
      2472:    592560.000000           1            8.7712   
