       638:    537540.000000           1          127.1256   
       639:    537570.000000           1          127.1234   
       640:    537600.000000           1          127.1258   
       641:    537630.000000           1          127.1234   
       642:    537660.000000           1          127.1150   
       643:    537690.000000           1          127.0982   
       644:    537720.000000           1          127.0978   
       645:    537750.000000           1          127.1212   
       646:    537780.000000           1          127.1352   
       647:    537810.000000           1          332.8926   
       648:    537840.000000           1          127.1873   
       649:    537870.000000           1          127.1882   
       650:    537900.000000           1          127.1503   
       651:    537930.000000           1          127.1266   
       652:    537960.000000           1          127.1579   
       653:    537990.000000           1          127.2031   
       654:    538020.000000           1          127.2038   
       655:    538050.000000           1          127.2186   
       656:    538080.000000           1          127.2437   
       657:    538110.000000           1          127.2569   
       658:    538140.000000           1          127.2764   
       659:    538170.000000           1          127.2635   
       660:    538200.000000           1          127.2460   
       661:    538230.000000           1          127.2327   
       662:    538260.000000           1           75.8312   
       663:    538290.000000           1           75.5455   
       664:    538320.000000           1           75.4897   
       665:    538350.000000           1           75.4595   
       666:    538380.000000           1           75.4208   
       667:    538410.000000           1           75.3849   
       668:    538440.000000           1           75.3841   
       669:    538470.000000           1           75.3570   
       670:    538500.000000           1           75.3106   
       671:    538530.000000           1           75.2673   
       672:    538560.000000           1           75.2093   
       673:    538590.000000           1           75.1660   
       674:    538620.000000           1           75.1568   
       675:    538650.000000           1           75.1786   
       676:    538680.000000           1           75.1605   
       677:    538710.000000           1           75.1568   
       678:    538740.000000           1           75.1500   
       679:    538770.000000           1           75.1661   
       680:    538800.000000           1           75.1610   
       681:    538830.000000           1           75.1687   
       682:    538860.000000           1           75.1912   
       683:    538890.000000           1           75.2369   
       684:    538920.000000           1           75.2590   
       685:    538950.000000           1           75.2328   
       686:    538980.000000           1           75.1631   
       687:    539010.000000           1           75.0790   
       688:    539040.000000           1           74.9744   
       689:    539070.000000           1           74.8996   
       690:    539100.000000           1           74.8731   
       691:    539130.000000           1           74.8363   
       692:    539160.000000           1           74.8208   
       693:    539190.000000           1           74.8010   
       694:    539220.000000           1           74.8012   
       695:    539250.000000           1           74.8017   
       696:    539280.000000           1           74.8278   
       697:    539310.000000           1           74.8357   
       698:    539340.000000           1           74.8268   
       699:    539370.000000           1           74.8302   
       700:    539400.000000           1           74.7997   
       701:    539430.000000           1           74.7755   
       702:    539460.000000           1           74.6944   
       703:    539490.000000           1           74.6105   
       704:    539520.000000           1           74.5674   
       705:    539550.000000           1           74.4877   
       706:    539580.000000           1           74.4547   
       707:    539610.000000           1           74.4216   
       708:    539640.000000           1           74.4089   
       709:    539670.000000           1           74.3979   
       710:    539700.000000           1           74.3785   
       711:    539730.000000           1           74.3578   
       712:    539760.000000           1           74.3384   
       713:    539790.000000           1           74.3247   
       714:    539820.000000           1           74.3144   
       715:    539850.000000           1           74.2604   
       716:    539880.000000           1           74.2166   
       717:    539910.000000           1           74.1677   
       718:    539940.000000           1           74.1508   
       719:    539970.000000           1           74.1338   
       720:    540000.000000           1           74.1258   
       721:    540030.000000           1           74.1179   
       722:    540060.000000           1           74.0976   
       723:    540090.000000           1           74.0919   
       724:    540120.000000           1           74.0891   
       725:    540150.000000           1           74.0782   
       726:    540180.000000           1           74.0884   
       727:    540210.000000           1           74.0867   
       728:    540240.000000           1           74.0902   
       729:    540270.000000           1           74.0879   
       730:    540300.000000           1           74.0788   
       731:    540330.000000           1           74.0703   
       732:    540360.000000           1           74.0554   
       733:    540390.000000           1           74.0427   
       734:    540420.000000           1           74.0302   
       735:    540450.000000           1           74.0126   
       736:    540480.000000           1           73.9962   
       737:    540510.000000           1           73.9745   
       738:    540540.000000           1           73.9558   
       739:    540570.000000           1           73.9387   
       740:    540600.000000           1           73.9265   
       741:    540630.000000           1           73.9095   
       742:    540660.000000           1           73.9005   
       743:    540690.000000           1           73.8982   
       744:    540720.000000           1           73.8992   
       745:    540750.000000           1           73.9041   
       746:    540780.000000           1           73.9026   
       747:    540810.000000           1           73.9037   
       748:    540840.000000           1           73.9047   
       749:    540870.000000           1           73.8978   
       750:    540900.000000           1           73.8853   
       751:    540930.000000           1           73.8634   
       752:    540960.000000           1           73.8558   
       753:    540990.000000           1           73.8314   
       754:    541020.000000           1           73.8034   
       755:    541050.000000           1           73.7581   
       756:    541080.000000           1           73.7398   
       757:    541110.000000           1           73.7177   
       758:    541140.000000           1           73.7016   
       759:    541170.000000           1           73.6830   
       760:    541200.000000           1           73.6739   
       761:    541230.000000           1           73.6591   
       762:    541260.000000           1           73.6315   
       763:    541290.000000           1           73.6074   
       764:    541320.000000           1           73.5820   
       765:    541350.000000           1           73.5608   
       766:    541380.000000           1           73.5412   
       767:    541410.000000           1           73.5179   
       768:    541440.000000           1           73.4909   
       769:    541470.000000           1           73.4722   
       770:    541500.000000           1           73.4581   
       771:    541530.000000           1           73.4379   
       772:    541560.000000           1           73.4172   
       773:    541590.000000           1           73.4059   
       774:    541620.000000           1           73.3959   
       775:    541650.000000           1           73.3851   
       776:    541680.000000           1           73.3793   
       777:    541710.000000           1           73.3703   
       778:    541740.000000           1           73.3527   
       779:    541770.000000           1           73.3422   
       780:    541800.000000           1           73.3332   
       781:    541830.000000           1           73.3237   
       782:    541860.000000           1           73.3212   
       783:    541890.000000           1           73.3123   
       784:    541920.000000           1           73.3049   
       785:    541950.000000           1           73.3021   
       786:    541980.000000           1           73.3068   
       787:    542010.000000           1           73.3016   
       788:    542040.000000           1           73.2896   
       789:    542070.000000           1           73.2769   
       790:    542100.000000           1           73.2564   
       791:    542130.000000           1           73.2447   
       792:    542160.000000           1           73.2317   
       793:    542190.000000           1           73.2132   
       794:    542220.000000           1           73.1791   
       795:    542250.000000           1           73.1643   
       796:    542280.000000           1           73.1264   
       797:    542310.000000           1           73.1211   
       798:    542340.000000           1           73.1022   
       799:    542370.000000           1           73.0896   
       800:    542400.000000           1           73.0722   
       801:    542430.000000           1           73.0614   
       802:    542460.000000           1           73.0577   
       803:    542490.000000           1           73.0446   
       804:    542520.000000           1           73.0309   
       805:    542550.000000           1           73.0125   
       806:    542580.000000           1           72.9847   
       807:    542610.000000           1           72.9631   
       808:    542640.000000           1           72.9446   
       809:    542670.000000           1           72.9256   
       810:    542700.000000           1           72.9106   
       811:    542730.000000           1           72.8954   
       812:    542760.000000           1           72.8763   
       813:    542790.000000           1           72.8555   
       814:    542820.000000           1           72.8361   
       815:    542850.000000           1           72.7923   
       816:    542880.000000           1           72.7493   
       817:    542910.000000           1           72.7296   
       818:    542940.000000           1           72.7128   
       819:    542970.000000           1           72.6901   
       820:    543000.000000           1           72.6696   
       821:    543030.000000           1           72.6598   
       822:    543060.000000           1           72.6459   
       823:    543090.000000           1           72.6183   
       824:    543120.000000           1           72.5983   
       825:    543150.000000           1           72.5810   
       826:    543180.000000           1           72.5619   
       827:    543210.000000           1           72.5415   
       828:    543240.000000           1           72.5349   
       829:    543270.000000           1           72.5263   
       830:    543300.000000           1           72.5004   
       831:    543330.000000           1           72.4929   
       832:    543360.000000           1           72.4813   
       833:    543390.000000           1           72.4747   
       834:    543420.000000           1           72.4634   
       835:    543450.000000           1           72.4562   
       836:    543480.000000           1           72.4464   
       837:    543510.000000           1           72.4433   
       838:    543540.000000           1           72.4404   
       839:    543570.000000           1           72.4300   
       840:    543600.000000           1           72.4200   
       841:    543630.000000           1           72.4084   
       842:    543660.000000           1           72.3958   
       843:    543690.000000           1           72.3873   
       844:    543720.000000           1           72.3738   
       845:    543750.000000           1           72.3615   
       846:    543780.000000           1           72.3462   
       847:    543810.000000           1           72.3105   
       848:    543840.000000           1           72.2995   
       849:    543870.000000           1           72.2859   
       850:    543900.000000           1           72.2753   
       851:    543930.000000           1           72.2669   
       852:    543960.000000           1           72.2668   
       853:    543990.000000           1           72.2592   
       854:    544020.000000           1           72.2471   
       855:    544050.000000           1           72.2291   
       856:    544080.000000           1           72.2194   
       857:    544110.000000           1           72.2038   
       858:    544140.000000           1           72.1866   
       859:    544170.000000           1           72.1732   
       860:    544200.000000           1           72.1577   
       861:    544230.000000           1           72.1382   
       862:    544260.000000           1           72.1059   
       863:    544290.000000           1           72.0839   
       864:    544320.000000           1           72.0600   
       865:    544350.000000           1           72.0444   
       866:    544380.000000           1           72.0305   
       867:    544410.000000           1           72.0239   
       868:    544440.000000           1           72.0170   
       869:    544470.000000           1           72.0065   
       870:    544500.000000           1           71.9820   
       871:    544530.000000           1           71.9571   
       872:    544560.000000           1           71.9266   
       873:    544590.000000           1           71.9058   
       874:    544620.000000           1           71.8676   
       875:    544650.000000           1           71.8429   
       876:    544680.000000           1           71.8308   
       877:    544710.000000           1           71.8113   
       878:    544740.000000           1           71.7859   
       879:    544770.000000           1           71.7744   
       880:    544800.000000           1           71.7490   
       881:    544830.000000           1           71.7342   
       882:    544860.000000           1           71.7113   
       883:    544890.000000           1           71.6950   
       884:    544920.000000           1           71.6805   
       885:    544950.000000           1           71.6704   
       886:    544980.000000           1           71.6526   
       887:    545010.000000           1           71.6350   
       888:    545040.000000           1           71.6233   
       889:    545070.000000           1           71.6095   
       890:    545100.000000           1           71.5980   
       891:    545130.000000           1           71.5861   
       892:    545160.000000           1           71.5646   
       893:    545190.000000           1           71.5429   
       894:    545220.000000           1           71.5244   
       895:    545250.000000           1           71.5089   
       896:    545280.000000           1           71.4954   
       897:    545310.000000           1           71.4826   
       898:    545340.000000           1           71.4675   
       899:    545370.000000           1           71.4558   
       900:    545400.000000           1           71.4329   
       901:    545430.000000           1           71.4244   
       902:    545460.000000           1           71.4132   
       903:    545490.000000           1           71.3999   
       904:    545520.000000           1           71.3890   
       905:    545550.000000           1           71.3796   
       906:    545580.000000           1           71.3620   
       907:    545610.000000           1           71.3382   
       908:    545640.000000           1           71.3247   
       909:    545670.000000           1           71.2956   
       910:    545700.000000           1           71.2640   
       911:    545730.000000           1           71.2314   
       912:    545760.000000           1           71.2107   
       913:    545790.000000           1           71.1896   
       914:    545820.000000           1           71.1652   
       915:    545850.000000           1           71.1419   
       916:    545880.000000           1           71.1164   
       917:    545910.000000           1           71.0901   
       918:    545940.000000           1           71.0662   
       919:    545970.000000           1           71.0381   
       920:    546000.000000           1           71.0130   
       921:    546030.000000           1           70.9976   
       922:    546060.000000           1           70.9865   
       923:    546090.000000           1           70.9629   
       924:    546120.000000           1           70.9276   
       925:    546150.000000           1           70.8955   
       926:    546180.000000           1           70.8722   
       927:    546210.000000           1           70.8437   
       928:    546240.000000           1           70.8294   
       929:    546270.000000           1           70.8096   
       930:    546300.000000           1           70.7963   
       931:    546330.000000           1           70.7701   
       932:    546360.000000           1           70.7414   
       933:    546390.000000           1           70.7123   
       934:    546420.000000           1           70.6848   
       935:    546450.000000           1           70.6712   
       936:    546480.000000           1           70.6556   
       937:    546510.000000           1           70.6202   
       938:    546540.000000           1           70.5932   
       939:    546570.000000           1           70.5618   
       940:    546600.000000           1           70.5489   
       941:    546630.000000           1           70.5341   
       942:    546660.000000           1           70.5076   
       943:    546690.000000           1           70.4795   
       944:    546720.000000           1           70.4668   
       945:    546750.000000           1           70.4581   
       946:    546780.000000           1           70.4362   
       947:    546810.000000           1           70.4082   
       948:    546840.000000           1           70.3977   
       949:    546870.000000           1           70.3848   
       950:    546900.000000           1           70.3556   
       951:    546930.000000           1           70.3402   
       952:    546960.000000           1           70.3255   
       953:    546990.000000           1           70.3127   
       954:    547020.000000           1           70.3009   
       955:    547050.000000           1           70.2875   
       956:    547080.000000           1           70.2698   
       957:    547110.000000           1           70.2575   
       958:    547140.000000           1           70.2404   
       959:    547170.000000           1           70.2250   
       960:    547200.000000           1           70.2143   
       961:    547230.000000           1           70.2011   
       962:    547260.000000           1           70.1872   
       963:    547290.000000           1           70.1742   
       964:    547320.000000           1           70.1644   
       965:    547350.000000           1           70.1425   
       966:    547380.000000           1           70.1134   
       967:    547410.000000           1           70.0880   
       968:    547440.000000           1           70.0623   
       969:    547470.000000           1           70.0344   
       970:    547500.000000           1           70.0066   
       971:    547530.000000           1           69.9834   
       972:    547560.000000           1           69.9616   
       973:    547590.000000           1           69.9320   
       974:    547620.000000           1           69.9079   
       975:    547650.000000           1           69.8835   
       976:    547680.000000           1           69.8538   
       977:    547710.000000           1           69.8348   
       978:    547740.000000           1           69.8120   
       979:    547770.000000           1           69.7931   
       980:    547800.000000           1           69.7631   
       981:    547830.000000           1           69.7407   
       982:    547860.000000           1           69.7196   
       983:    547890.000000           1           69.6921   
       984:    547920.000000           1           69.6755   
       985:    547950.000000           1           69.6686   
       986:    547980.000000           1           69.6618   
       987:    548010.000000           1           69.6538   
       988:    548040.000000           1           69.6287   
       989:    548070.000000           1           69.6036   
       990:    548100.000000           1           69.5901   
       991:    548130.000000           1           69.5784   
       992:    548160.000000           1           69.5641   
       993:    548190.000000           1           69.5513   
       994:    548220.000000           1           69.5423   
       995:    548250.000000           1           69.5263   
       996:    548280.000000           1           69.5107   
       997:    548310.000000           1           69.4993   
       998:    548340.000000           1           69.4891   
       999:    548370.000000           1           69.4790   
      1000:    548400.000000           1           69.4649   
      1001:    548430.000000           1           69.4537   
      1002:    548460.000000           1           69.4426   
      1003:    548490.000000           1           69.4279   
      1004:    548520.000000           1           69.4013   
      1005:    548550.000000           1           69.3783   
      1006:    548580.000000           1           69.3604   
      1007:    548610.000000           1           69.3498   
      1008:    548640.000000           1           69.3384   
      1009:    548670.000000           1           69.3274   
      1010:    548700.000000           1           69.3048   
      1011:    548730.000000           1           69.2800   
      1012:    548760.000000           1           69.2680   
      1013:    548790.000000           1           69.2432   
      1014:    548820.000000           1           69.2277   
      1015:    548850.000000           1           69.2216   
      1016:    548880.000000           1           69.2105   
      1017:    548910.000000           1           69.1966   
      1018:    548940.000000           1           69.1911   
      1019:    548970.000000           1           69.1736   
      1020:    549000.000000           1           69.1544   
      1021:    549030.000000           1           69.1466   
      1022:    549060.000000           1           69.1231   
      1023:    549090.000000           1           69.1035   
      1024:    549120.000000           1           69.0829   
      1025:    549150.000000           1           69.0602   
      1026:    549180.000000           1           69.0354   
      1027:    549210.000000           1           69.0143   
      1028:    549240.000000           1           68.9941   
      1029:    549270.000000           1           68.9794   
      1030:    549300.000000           1           68.9705   
      1031:    549330.000000           1           68.9613   
      1032:    549360.000000           1           68.9523   
      1033:    549390.000000           1           68.9451   
      1034:    549420.000000           1           68.9388   
      1035:    549450.000000           1           68.9272   
      1036:    549480.000000           1           68.9208   
      1037:    549510.000000           1           68.9139   
      1038:    549540.000000           1           68.8968   
      1039:    549570.000000           1           68.8796   
      1040:    549600.000000           1           68.8614   
      1041:    549630.000000           1           68.8431   
      1042:    549660.000000           1           68.8366   
      1043:    549690.000000           1           68.8255   
      1044:    549720.000000           1           68.8198   
      1045:    549750.000000           1           68.8109   
      1046:    549780.000000           1           68.8035   
      1047:    549810.000000           1           68.7961   
      1048:    549840.000000           1           68.7871   
      1049:    549870.000000           1           68.7741   
      1050:    549900.000000           1           68.7553   
      1051:    549930.000000           1           68.7471   
      1052:    549960.000000           1           68.7249   
      1053:    549990.000000           1           68.7052   
      1054:    550020.000000           1           68.6987   
      1055:    550050.000000           1           68.6921   
      1056:    550080.000000           1           68.6856   
      1057:    550110.000000           1           68.6773   
      1058:    550140.000000           1           68.6665   
      1059:    550170.000000           1           68.6526   
      1060:    550200.000000           1           68.6432   
      1061:    550230.000000           1           68.6343   
      1062:    550260.000000           1           68.6287   
      1063:    550290.000000           1           68.6225   
      1064:    550320.000000           1           68.6172   
      1065:    550350.000000           1           68.6105   
      1066:    550380.000000           1           68.6046   
      1067:    550410.000000           1           68.6012   
      1068:    550440.000000           1           68.5962   
      1069:    550470.000000           1           68.5857   
      1070:    550500.000000           1           68.5724   
      1071:    550530.000000           1           68.5639   
      1072:    550560.000000           1           68.5596   
      1073:    550590.000000           1           68.5565   
      1074:    550620.000000           1           68.5412   
      1075:    550650.000000           1           68.5383   
      1076:    550680.000000           1           68.5332   
      1077:    550710.000000           1           68.5285   
      1078:    550740.000000           1           68.5176   
      1079:    550770.000000           1           68.5087   
      1080:    550800.000000           1           68.4992   
      1081:    550830.000000           1           68.4912   
      1082:    550860.000000           1           68.4875   
      1083:    550890.000000           1           68.4848   
      1084:    550920.000000           1           68.4790   
      1085:    550950.000000           1           68.4702   
      1086:    550980.000000           1           68.4641   
      1087:    551010.000000           1           68.4617   
      1088:    551040.000000           1           68.4556   
      1089:    551070.000000           1           68.4517   
      1090:    551100.000000           1           68.4476   
      1091:    551130.000000           1           68.4418   
      1092:    551160.000000           1           68.4373   
      1093:    551190.000000           1           68.4319   
      1094:    551220.000000           1           68.4261   
      1095:    551250.000000           1           68.4192   
      1096:    551280.000000           1           68.4147   
      1097:    551310.000000           1           68.4036   
      1098:    551340.000000           1           68.3953   
      1099:    551370.000000           1           68.3874   
      1100:    551400.000000           1           68.3798   
      1101:    551430.000000           1           68.3712   
      1102:    551460.000000           1           68.3602   
      1103:    551490.000000           1           68.3502   
      1104:    551520.000000           1           68.3368   
      1105:    551550.000000           1           68.3230   
      1106:    551580.000000           1           68.3105   
      1107:    551610.000000           1           68.3026   
      1108:    551640.000000           1           68.2956   
      1109:    551670.000000           1           68.2932   
      1110:    551700.000000           1           68.2873   
      1111:    551730.000000           1           68.2866   
      1112:    551760.000000           1           68.2774   
      1113:    551790.000000           1           68.2723   
      1114:    551820.000000           1           68.2616   
      1115:    551850.000000           1           68.2581   
      1116:    551880.000000           1           68.2517   
      1117:    551910.000000           1           68.2461   
      1118:    551940.000000           1           68.2399   
      1119:    551970.000000           1           68.2364   
      1120:    552000.000000           1           68.2319   
      1121:    552030.000000           1           68.2199   
      1122:    552060.000000           1           68.2164   
      1123:    552090.000000           1           68.2148   
      1124:    552120.000000           1           68.2059   
      1125:    552150.000000           1           68.1977   
      1126:    552180.000000           1           68.1921   
      1127:    552210.000000           1           68.1908   
      1128:    552240.000000           1           68.1894   
      1129:    552270.000000           1           68.1871   
      1130:    552300.000000           1           68.1856   
      1131:    552330.000000           1           68.1859   
      1132:    552360.000000           1           68.1847   
      1133:    552390.000000           1           68.1817   
      1134:    552420.000000           1           68.1811   
      1135:    552450.000000           1           68.1806   
      1136:    552480.000000           1           68.1784   
      1137:    552510.000000           1           68.1738   
      1138:    552540.000000           1           68.1712   
      1139:    552570.000000           1           68.1680   
      1140:    552600.000000           1           68.1667   
      1141:    552630.000000           1           68.1655   
      1142:    552660.000000           1           68.1637   
      1143:    552690.000000           1           68.1579   
      1144:    552720.000000           1           68.1537   
      1145:    552750.000000           1           68.1517   
      1146:    552780.000000           1           68.1509   
      1147:    552810.000000           1           68.1508   
      1148:    552840.000000           1           68.1506   
      1149:    552870.000000           1           68.1563   
      1150:    552900.000000           1           68.1570   
      1151:    552930.000000           1           68.1616   
      1152:    552960.000000           1           68.1670   
      1153:    552990.000000           1           68.1665   
      1154:    553020.000000           1           68.1648   
      1155:    553050.000000           1           68.1597   
      1156:    553080.000000           1           68.1579   
      1157:    553110.000000           1           68.1579   
      1158:    553140.000000           1           68.1576   
      1159:    553170.000000           1           68.1567   
      1160:    553200.000000           1           68.1564   
      1161:    553230.000000           1           68.1518   
      1162:    553260.000000           1           68.1505   
      1163:    553290.000000           1           68.1523   
      1164:    553320.000000           1           68.1522   
      1165:    553350.000000           1           68.1529   
      1166:    553380.000000           1           68.1564   
      1167:    553410.000000           1           68.1574   
      1168:    553440.000000           1           68.1555   
      1169:    553470.000000           1           68.1561   
      1170:    553500.000000           1           68.1576   
      1171:    553530.000000           1           68.1596   
      1172:    553560.000000           1           68.1628   
      1173:    553590.000000           1           68.1643   
      1174:    553620.000000           1           68.1661   
      1175:    553650.000000           1           68.1688   
      1176:    553680.000000           1           68.1704   
      1177:    553710.000000           1           68.1741   
      1178:    553740.000000           1           68.1781   
      1179:    553770.000000           1           68.1819   
      1180:    553800.000000           1           68.1839   
      1181:    553830.000000           1           68.1858   
      1182:    553860.000000           1           68.1945   
      1183:    553890.000000           1           68.2038   
      1184:    553920.000000           1           68.2051   
      1185:    553950.000000           1           68.2075   
      1186:    553980.000000           1           68.2145   
      1187:    554010.000000           1           68.2229   
      1188:    554040.000000           1           68.2229   
      1189:    554070.000000           1           68.2246   
      1190:    554100.000000           1           68.2279   
      1191:    554130.000000           1           68.2308   
      1192:    554160.000000           1           68.2356   
      1193:    554190.000000           1           68.2438   
      1194:    554220.000000           1          950.8906   
      1195:    554250.000000           1           67.0085   
      1196:    554280.000000           1           67.0192   
      1197:    554310.000000           1           66.8946   
      1198:    554340.000000           1           67.0046   
      1199:    554370.000000           1           67.0698   
      1200:    554400.000000           1           67.2117   
      1201:    554430.000000           1           67.3394   
      1202:    554460.000000           1           67.4783   
      1203:    554490.000000           1           67.6009   
      1204:    554520.000000           1           67.7033   
      1205:    554550.000000           1           67.8222   
      1206:    554580.000000           1           67.8565   
      1207:    554610.000000           1           67.8783   
      1208:    554640.000000           1           67.9037   
      1209:    554670.000000           1           67.9102   
      1210:    554700.000000           1           67.9009   
      1211:    554730.000000           1           67.8907   
      1212:    554760.000000           1           67.8737   
      1213:    554790.000000           1           67.8557   
      1214:    554820.000000           1           67.8471   
      1215:    554850.000000           1           67.8432   
      1216:    554880.000000           1           67.8413   
      1217:    554910.000000           1           67.8446   
      1218:    554940.000000           1           67.8577   
      1219:    554970.000000           1           67.8674   
      1220:    555000.000000           1           67.8725   
      1221:    555030.000000           1           67.8706   
      1222:    555060.000000           1           67.8808   
      1223:    555090.000000           1           67.8827   
      1224:    555120.000000           1           67.8884   
      1225:    555150.000000           1           67.8960   
      1226:    555180.000000           1          951.0878   
      1227:    555210.000000           1           67.6051   
      1228:    555240.000000           1           67.6228   
      1229:    555270.000000           1           67.6304   
      1230:    555300.000000           1           67.6131   
      1231:    555330.000000           1           67.6228   
      1232:    555360.000000           1           67.6992   
      1233:    555390.000000           1           67.7213   
      1234:    555420.000000           1           67.6666   
      1235:    555450.000000           1           67.6941   
      1236:    555480.000000           1           67.6918   
      1237:    555510.000000           1           67.7029   
      1238:    555540.000000           1           67.7496   
      1239:    555570.000000           1           67.7642   
      1240:    555600.000000           1          951.3069   
      1241:    555630.000000           1          951.3209   
      1242:    555660.000000           1          951.3310   
      1243:    555690.000000           1          951.3410   
      1244:    555720.000000           1          951.3498   
      1245:    555750.000000           1          951.3525   
      1246:    555780.000000           1          951.3577   
      1247:    555810.000000           1          951.3585   
      1248:    555840.000000           1          951.3630   
      1249:    555870.000000           1          951.3690   
      1250:    555900.000000           1          951.3737   
      1251:    555930.000000           1          951.3784   
      1252:    555960.000000           1          951.3924   
      1253:    555990.000000           1          951.4038   
      1254:    556020.000000           1          951.4121   
      1255:    556050.000000           1          951.4164   
      1256:    556080.000000           1          951.4170   
      1257:    556110.000000           1          951.4254   
      1258:    556140.000000           1          951.4315   
      1259:    556170.000000           1          951.4388   
      1260:    556200.000000           1          951.4470   
      1261:    556230.000000           1          951.4612   
      1262:    556260.000000           1          951.4821   
      1263:    556290.000000           1          951.4881   
      1777:    571710.000000           1           76.7573   
      1778:    571740.000000           1           76.7777   
      1779:    571770.000000           1           76.7919   
      1780:    571800.000000           1           76.8021   
      1781:    571830.000000           1           76.8140   
      1782:    571860.000000           1           76.8228   
      1783:    571890.000000           1           76.8325   
      1784:    571920.000000           1           76.8414   
      1785:    571950.000000           1           76.8521   
      1786:    571980.000000           1           76.8643   
      1787:    572010.000000           1           76.8746   
      1788:    572040.000000           1           76.8879   
      1789:    572070.000000           1           76.8990   
      1790:    572100.000000           1           76.9137   
      1791:    572130.000000           1           76.9327   
      1792:    572160.000000           1           76.9442   
      1793:    572190.000000           1           76.9551   
      1794:    572220.000000           1           76.9680   
      1795:    572250.000000           1           76.9835   
      1796:    572280.000000           1           76.9996   
      1797:    572310.000000           1          -13.4529   
      1798:    572340.000000           1          -13.4412   
      1799:    572370.000000           1          -13.4309   
      1800:    572400.000000           1          -13.4195   
      1801:    572430.000000           1          -13.4088   
      1802:    572460.000000           1          -13.3971   
      1803:    572490.000000           1          -13.3873   
      1804:    572520.000000           1          -13.3755   
      1805:    572550.000000           1          -13.3630   
      1806:    572580.000000           1          -13.3510   
      1807:    572610.000000           1          -13.3397   
      1808:    572640.000000           1          -13.3290   
      1809:    572670.000000           1          -13.3174   
      1810:    572700.000000           1           91.6755   
      1811:    572730.000000           1           91.6863   
      1812:    572760.000000           1          -13.2655   
      1813:    572790.000000           1          -13.2468   
      1814:    572820.000000           1          -13.2362   
      1815:    572850.000000           1          -13.2139   
      1816:    572880.000000           1          -13.2017   
      1817:    572910.000000           1          -13.1905   
      1818:    572940.000000           1          -13.1798   
      1819:    572970.000000           1          -13.1694   
      1820:    573000.000000           1          -13.1587   
      1821:    573030.000000           1           77.2765   
      1822:    573060.000000           1          156.6965   
      1823:    573090.000000           1           77.3102   
      1824:    573120.000000           1           77.3235   
      1825:    573150.000000           1          156.7505   
      1826:    573180.000000           1           77.3854   
      1827:    573210.000000           1           77.4007   
      1828:    573240.000000           1           77.4168   
      1829:    573270.000000           1          156.8148   
      1830:    573300.000000           1           77.4642   
      1831:    573330.000000           1          156.8565   
      1832:    573360.000000           1           77.5056   
      1833:    573390.000000           1          156.8992   
      1834:    573420.000000           1          -12.8936   
      1835:    573450.000000           1          -12.8837   
      1836:    573480.000000           1          -12.8738   
      1837:    573510.000000           1           77.5907   
      1838:    573540.000000           1          -12.8353   
      1839:    573570.000000           1          -12.8250   
      1840:    573600.000000           1           77.6487   
      1841:    573630.000000           1          -12.7827   
      1842:    573660.000000           1          -12.7720   
      1843:    573690.000000           1          -12.7616   
      1844:    573720.000000           1           77.7179   
      1845:    573750.000000           1          -12.7200   
      1846:    573780.000000           1          -12.7084   
      1847:    573810.000000           1          -12.6966   
      1848:    573840.000000           1          -12.6864   
      1849:    573870.000000           1          -12.6690   
      1850:    573900.000000           1          -12.6594   
      1851:    573930.000000           1          -12.6493   
      1852:    573960.000000           1          -12.6384   
      1853:    573990.000000           1          -12.6292   
      1854:    574020.000000           1          -12.6079   
      1855:    574050.000000           1          -12.5987   
      1856:    574080.000000           1           77.8601   
      1857:    574110.000000           1          -12.5554   
      1858:    574140.000000           1           77.8864   
      1859:    574170.000000           1           77.8946   
      1860:    574200.000000           1           77.9059   
      1861:    574230.000000           1           77.9196   
      1862:    574260.000000           1           77.9483   
      1863:    574290.000000           1          157.3536   
      1864:    574320.000000           1           78.0010   
      1865:    574350.000000           1           78.0207   
      1866:    574380.000000           1           78.0303   
      1867:    574410.000000           1           78.0389   
      1868:    574440.000000           1           78.0506   
      1869:    574470.000000           1           78.0623   
      1870:    574500.000000           1           78.0752   
      1871:    574530.000000           1           78.0859   
      1872:    574560.000000           1           78.0981   
      1873:    574590.000000           1           78.1088   
      1874:    574620.000000           1           78.1289   
      1875:    574650.000000           1           78.1519   
      1876:    574680.000000           1           78.1616   
      1877:    574710.000000           1           78.1836   
      1878:    574740.000000           1           78.2051   
      1879:    574770.000000           1          -12.2228   
      1880:    574800.000000           1          -12.2116   
      1881:    574830.000000           1          -12.2025   
      1882:    574860.000000           1          -12.1838   
      1883:    574890.000000           1          -12.1623   
      1884:    574920.000000           1          -12.1528   
      1885:    574950.000000           1          -12.1316   
      1886:    574980.000000           1          -12.1081   
      1887:    575010.000000           1          -12.0877   
      1888:    575040.000000           1           92.9702   
      1889:    575070.000000           1           92.9920   
      1890:    575100.000000           1           93.0127   
      1891:    575130.000000           1           93.0225   
      1892:    575160.000000           1           93.0463   
      1893:    575190.000000           1           93.0682   
      1894:    575220.000000           1           93.0757   
      1895:    575250.000000           1           93.0935   
      1896:    575280.000000           1           93.1088   
      1897:    575310.000000           1           93.1264   
      1898:    575340.000000           1           93.1406   
      1899:    575370.000000           1           93.1574   
      1900:    575400.000000           1           93.1728   
      1901:    575430.000000           1           93.1908   
      1902:    575460.000000           1           93.2112   
      1903:    575490.000000           1           93.2309   
      1904:    575520.000000           1           93.2507   
      1905:    575550.000000           1           93.2704   
      1906:    575580.000000           1           93.2893   
      1907:    575610.000000           1           93.3082   
      1908:    575640.000000           1           93.3263   
      1909:    575670.000000           1           78.7922   
      1910:    575700.000000           1           93.3682   
      1911:    575730.000000           1           93.3894   
      1912:    575760.000000           1           93.4069   
      1913:    575790.000000           1           93.4259   
      1914:    575820.000000           1           78.9016   
      1915:    575850.000000           1           93.4702   
      1916:    575880.000000           1           93.4808   
      1917:    575910.000000           1           78.9516   
      1918:    575940.000000           1           78.9718   
      1919:    575970.000000           1           78.9916   
      1920:    576000.000000           1           79.0101   
      1921:    576030.000000           1           79.0287   
      1922:    576060.000000           1           79.0388   
      1923:    576090.000000           1           79.0577   
      1924:    576120.000000           1           79.0822   
      1925:    576150.000000           1           79.1065   
      1926:    576180.000000           1           79.1288   
      1927:    576210.000000           1           79.1413   
      1928:    576240.000000           1           79.1529   
      1929:    576270.000000           1           79.1645   
      1930:    576300.000000           1           79.1760   
      1931:    576330.000000           1          157.3364   
      1932:    576360.000000           1           79.2224   
      1933:    576390.000000           1           79.2332   
      1934:    576420.000000           1           79.2420   
      1935:    576450.000000           1           79.2512   
      1936:    576480.000000           1           79.2613   
      1937:    576510.000000           1           79.2762   
      1938:    576540.000000           1           79.2966   
      1939:    576570.000000           1           79.3180   
      1940:    576600.000000           1           79.3386   
      1941:    576630.000000           1           79.3510   
      1942:    576660.000000           1          186.8900   
      1943:    576690.000000           1           79.3958   
      1944:    576720.000000           1           79.4081   
      1945:    576750.000000           1          157.5213   
      1946:    576780.000000           1           79.4569   
      1947:    576810.000000           1           79.4795   
      1948:    576840.000000           1           79.4905   
      1949:    576870.000000           1           79.5016   
      1950:    576900.000000           1           79.5120   
      1951:    576930.000000           1           79.5232   
      1952:    576960.000000           1           79.5444   
      1953:    576990.000000           1           79.5624   
      1954:    577020.000000           1           79.5727   
      1955:    577050.000000           1           79.5842   
      1956:    577080.000000           1          157.6058   
      1957:    577110.000000           1          157.6180   
      1958:    577140.000000           1          157.7089   
      1959:    577170.000000           1          157.7054   
      1960:    577200.000000           1          157.7319   
      1961:    577230.000000           1          157.7670   
      1962:    577260.000000           1          157.8703   
      1963:    577290.000000           1          157.9157   
      1964:    577320.000000           1          157.9300   
      1965:    577350.000000           1          157.9278   
      1966:    577380.000000           1          157.9218   
      1967:    577410.000000           1          157.9299   
      1968:    577440.000000           1          187.4278   
      1969:    577470.000000           1          158.2715   
      1970:    577500.000000           1          158.2514   
      1971:    577530.000000           1          158.4286   
      1972:    577560.000000           1          187.4858   
      1973:    577590.000000           1          187.5229   
      1974:    577620.000000           1          158.0274   
      1975:    577650.000000           1          157.9413   
      1976:    577680.000000           1          157.9667   
      1977:    577710.000000           1          157.8768   
      1978:    577740.000000           1          157.8600   
      1979:    577770.000000           1          157.7578   
      1980:    577800.000000           1          157.7537   
      1981:    577830.000000           1          157.7435   
      1982:    577860.000000           1          157.7706   
      1983:    577890.000000           1          157.7691   
      1984:    577920.000000           1          157.7548   
      1985:    577950.000000           1          157.7372   
      1986:    577980.000000           1          157.7329   
      1987:    578010.000000           1          157.7241   
      1988:    578040.000000           1          157.7230   
      1989:    578070.000000           1          157.7429   
      1990:    578100.000000           1          157.7639   
      1991:    578130.000000           1          187.7123   
      1992:    578160.000000           1          157.8312   
      1993:    578190.000000           1          157.8710   
      1994:    578220.000000           1          157.9081   
      1995:    578250.000000           1          157.9578   
      1996:    578280.000000           1          158.0386   
      1997:    578310.000000           1          158.0670   
      1998:    578340.000000           1           80.1776   
      1999:    578370.000000           1          158.1209   
      2000:    578400.000000           1           80.2197   
      2001:    578430.000000           1           80.2310   
      2002:    578460.000000           1           80.2417   
      2003:    578490.000000           1           80.2519   
      2004:    578520.000000           1           80.2614   
      2005:    578550.000000           1           80.2718   
      2006:    578580.000000           1           80.2810   
      2007:    578610.000000           1           80.2905   
      2008:    578640.000000           1           80.3003   
      2009:    578670.000000           1           80.3089   
      2010:    578700.000000           1           80.3194   
      2011:    578730.000000           1           80.3300   
      2012:    578760.000000           1           80.3403   
      2013:    578790.000000           1           80.3498   
      2014:    578820.000000           1           80.3614   
      2015:    578850.000000           1           80.3721   
      2016:    578880.000000           1           80.3975   
      2017:    578910.000000           1           80.4096   
      2018:    578940.000000           1           80.4215   
      2019:    578970.000000           1           80.4334   
      2020:    579000.000000           1           80.4439   
      2021:    579030.000000           1           80.4543   
      2022:    579060.000000           1          158.4224   
      2023:    579090.000000           1           80.5063   
      2024:    579120.000000           1           80.5216   
      2025:    579150.000000           1          158.4566   
      2026:    579180.000000           1           80.5743   
      2027:    579210.000000           1           80.5872   
      2028:    579240.000000           1          158.4938   
      2029:    579270.000000           1           80.6398   
      2030:    579300.000000           1           80.6511   
      2031:    579330.000000           1           95.1174   
      2032:    579360.000000           1           80.6935   
      2033:    579390.000000           1           95.1592   
      2034:    579420.000000           1           80.7384   
      2035:    579450.000000           1           95.1994   
      2036:    579480.000000           1           95.2084   
      2037:    579510.000000           1           80.7897   
      2038:    579540.000000           1           95.2409   
      2039:    579570.000000           1           95.2499   
      2040:    579600.000000           1           80.8358   
      2041:    579630.000000           1           80.8436   
      2042:    579660.000000           1           80.8628   
      2043:    579690.000000           1           80.8725   
      2044:    579720.000000           1           80.8814   
      2045:    579750.000000           1           80.8916   
      2046:    579780.000000           1           80.9015   
      2047:    579810.000000           1           80.9121   
      2048:    579840.000000           1           80.9215   
      2049:    579870.000000           1           80.9330   
      2050:    579900.000000           1           80.9424   
      2051:    579930.000000           1           80.9617   
      2052:    579960.000000           1           80.9712   
      2053:    579990.000000           1           80.9909   
      2054:    580020.000000           1           81.0088   
      2055:    580050.000000           1           81.0291   
      2056:    580080.000000           1           81.0378   
      2057:    580110.000000           1          183.2728   
      2058:    580140.000000           1          183.2538   
      2059:    580170.000000           1          183.3212   
      2060:    580200.000000           1           95.5087   
      2061:    580230.000000           1          183.2732   
      2062:    580260.000000           1           95.5393   
      2063:    580290.000000           1          183.2974   
      2064:    580320.000000           1           95.5658   
      2065:    580350.000000           1           95.5848   
      2066:    580380.000000           1           95.6029   
      2067:    580410.000000           1           95.6205   
      2068:    580440.000000           1           95.6405   
      2069:    580470.000000           1           95.6491   
      2070:    580500.000000           1          183.4977   
      2071:    580530.000000           1           81.2659   
      2072:    580560.000000           1          183.5535   
      2073:    580590.000000           1           81.2985   
      2074:    580620.000000           1          183.5922   
      2075:    580650.000000           1          183.5904   
      2076:    580680.000000           1          183.5997   
      2077:    580710.000000           1           95.7574   
      2078:    580740.000000           1           95.7654   
      2079:    580770.000000           1           95.7746   
      2080:    580800.000000           1          183.6306   
      2081:    580830.000000           1          183.6554   
      2082:    580860.000000           1           81.4000   
      2083:    580890.000000           1          183.7235   
      2084:    580920.000000           1          183.7149   
      2085:    580950.000000           1          183.7036   
      2086:    580980.000000           1           81.4572   
      2087:    581010.000000           1           81.4758   
      2088:    581040.000000           1           81.4837   
      2089:    581070.000000           1           81.4918   
      2090:    581100.000000           1           81.5121   
      2091:    581130.000000           1           81.5302   
      2092:    581160.000000           1           81.5396   
      2093:    581190.000000           1           81.5483   
      2094:    581220.000000           1           81.5582   
      2095:    581250.000000           1          115.8547   
      2096:    581280.000000           1           81.5939   
      2097:    581310.000000           1           81.6023   
      2098:    581340.000000           1           81.6112   
      2099:    581370.000000           1           81.6195   
      2100:    581400.000000           1           81.6282   
      2101:    581430.000000           1           81.6383   
      2102:    581460.000000           1           81.6480   
      2103:    581490.000000           1           81.6671   
      2104:    581520.000000           1           81.6760   
      2105:    581550.000000           1           81.6849   
      2106:    581580.000000           1           81.6952   
      2107:    581610.000000           1           81.7045   
      2108:    581640.000000           1           81.7152   
      2109:    581670.000000           1           81.7245   
      2110:    581700.000000           1           81.7344   
      2111:    581730.000000           1          116.0150   
      2112:    581760.000000           1           81.7733   
      2113:    581790.000000           1           81.7920   
      2114:    581820.000000           1           81.8013   
      2115:    581850.000000           1           81.8107   
      2116:    581880.000000           1           81.8189   
