        61:    520230.000000           1         -209.8255   
        62:    520260.000000           1         -209.8486   
        63:    520290.000000           1         -209.8398   
        65:    520350.000000           1         -209.7409   
        66:    520380.000000           1         -209.7224   
        67:    520410.000000           1         -209.6908   
        68:    520440.000000           1         -209.6287   
       222:    525060.000000           1         -205.7618   
       223:    525090.000000           1         -217.6531   
       224:    525120.000000           1         -217.6645   
       225:    525150.000000           1         -217.6652   
       226:    525180.000000           1         -205.7196   
       227:    525210.000000           1         -217.6859   
       228:    525240.000000           1         -217.6668   
       229:    525270.000000           1         -217.6285   
       230:    525300.000000           1         -217.6032   
       231:    525330.000000           1         -217.5910   
       232:    525360.000000           1         -205.7216   
       233:    525390.000000           1         -205.7021   
       234:    525420.000000           1         -205.6593   
       235:    525450.000000           1         -217.5095   
       236:    525480.000000           1         -217.5403   
       237:    525510.000000           1         -217.5433   
       238:    525540.000000           1         -217.5476   
       239:    525570.000000           1         -217.5577   
       240:    525600.000000           1         -217.5620   
       241:    525630.000000           1         -217.5454   
       242:    525660.000000           1         -217.5341   
       243:    525690.000000           1         -217.5337   
       244:    525720.000000           1         -217.5446   
       245:    525750.000000           1         -217.5704   
       246:    525780.000000           1         -217.5733   
       247:    525810.000000           1         -217.5864   
       248:    525840.000000           1         -217.6000   
       249:    525870.000000           1         -217.6075   
       250:    525900.000000           1         -217.6008   
       251:    525930.000000           1         -217.6043   
       252:    525960.000000           1         -217.6074   
       253:    525990.000000           1         -217.6358   
       254:    526020.000000           1         -217.6580   
       255:    526050.000000           1         -217.6757   
       256:    526080.000000           1         -217.6795   
       257:    526110.000000           1         -217.6944   
       258:    526140.000000           1         -217.7104   
       259:    526170.000000           1         -217.7261   
       260:    526200.000000           1         -217.7317   
       261:    526230.000000           1         -217.7351   
       262:    526260.000000           1         -217.7453   
       263:    526290.000000           1         -217.7562   
       264:    526320.000000           1         -205.6050   
       265:    526350.000000           1         -217.7950   
       266:    526380.000000           1         -217.7980   
       267:    526410.000000           1         -217.8026   
       268:    526440.000000           1         -205.6363   
       269:    526470.000000           1         -217.8443   
       270:    526500.000000           1         -217.8599   
       271:    526530.000000           1         -205.7105   
       272:    526560.000000           1         -217.9708   
       273:    526590.000000           1         -217.9902   
       274:    526620.000000           1         -218.0074   
       275:    526650.000000           1         -218.0249   
       276:    526680.000000           1         -218.0436   
       277:    526710.000000           1         -205.8230   
       278:    526740.000000           1         -218.1328   
       279:    526770.000000           1         -218.1448   
       280:    526800.000000           1         -218.1532   
       281:    526830.000000           1         -218.1693   
       282:    526860.000000           1         -205.8932   
       283:    526890.000000           1         -218.2189   
       284:    526920.000000           1         -205.9316   
       285:    526950.000000           1         -218.2690   
       286:    526980.000000           1         -205.9754   
       287:    527010.000000           1         -205.9819   
       288:    527040.000000           1         -205.9897   
       476:    532680.000000           1         -206.3943   
       477:    532710.000000           1         -206.3962   
       478:    532740.000000           1         -206.3977   
       479:    532770.000000           1         -206.3960   
       480:    532800.000000           1         -206.3921   
       534:    534420.000000           1         -206.2867   
       535:    534450.000000           1         -206.2812   
       536:    534480.000000           1         -206.2747   
       537:    534510.000000           1         -206.2707   
       560:    535200.000000           1         -219.1398   
       562:    535260.000000           1         -206.1921   
       563:    535290.000000           1         -206.1931   
       564:    535320.000000           1         -206.1925   
       565:    535350.000000           1         -219.1525   
       566:    535380.000000           1         -219.1532   
       567:    535410.000000           1         -219.1542   
       568:    535440.000000           1         -219.1569   
       569:    535470.000000           1         -219.1639   
       570:    535500.000000           1         -206.2034   
       572:    535560.000000           1         -206.2007   
       573:    535590.000000           1         -206.2034   
       574:    535620.000000           1         -219.1760   
       575:    535650.000000           1         -206.2102   
       576:    535680.000000           1         -206.2163   
       577:    535710.000000           1         -206.2235   
       579:    535770.000000           1         -206.2446   
       580:    535800.000000           1         -206.2555   
       581:    535830.000000           1         -206.2614   
       582:    535860.000000           1         -206.2664   
       583:    535890.000000           1         -206.2753   
       584:    535920.000000           1         -206.2790   
       585:    535950.000000           1         -206.2805   
       587:    536010.000000           1         -206.2921   
       588:    536040.000000           1         -206.2954   
       589:    536070.000000           1         -206.2984   
       608:    536640.000000           1         -206.3480   
       610:    536700.000000           1         -206.3468   
       611:    536730.000000           1         -206.3444   
       612:    536760.000000           1         -206.3417   
       613:    536790.000000           1         -206.3391   
       614:    536820.000000           1         -206.3449   
       615:    536850.000000           1         -206.3473   
       616:    536880.000000           1         -206.3479   
       618:    536940.000000           1         -206.3585   
       619:    536970.000000           1         -206.3587   
       620:    537000.000000           1         -206.3602   
       621:    537030.000000           1         -206.3644   
       622:    537060.000000           1         -206.3693   
       623:    537090.000000           1         -206.3763   
       624:    537120.000000           1         -206.3736   
       627:    537210.000000           1         -206.3555   
       628:    537240.000000           1         -206.3555   
       662:    538260.000000           1         -206.5257   
       664:    538320.000000           1         -206.5585   
       665:    538350.000000           1         -206.5639   
       666:    538380.000000           1         -206.5724   
       667:    538410.000000           1         -206.5814   
       668:    538440.000000           1         -206.5899   
       669:    538470.000000           1         -206.5969   
       670:    538500.000000           1         -206.6018   
       671:    538530.000000           1         -206.6072   
       672:    538560.000000           1         -206.6147   
       673:    538590.000000           1         -206.6267   
       674:    538620.000000           1         -206.6403   
       680:    538800.000000           1         -206.7049   
       681:    538830.000000           1         -206.7149   
       682:    538860.000000           1         -206.7211   
       684:    538920.000000           1         -206.7530   
       686:    538980.000000           1         -206.7881   
       688:    539040.000000           1         -206.8221   
       690:    539100.000000           1         -206.8564   
       691:    539130.000000           1         -206.8702   
       692:    539160.000000           1         -206.8786   
       693:    539190.000000           1         -206.8902   
       694:    539220.000000           1         -206.8960   
       695:    539250.000000           1         -206.9016   
       696:    539280.000000           1         -206.9048   
       697:    539310.000000           1         -206.9132   
       698:    539340.000000           1         -206.9152   
      1569:    565470.000000           1         -210.5081   
      1570:    565500.000000           1         -210.5049   
      1572:    565560.000000           1         -210.4872   
      1574:    565620.000000           1         -210.4664   
      1576:    565680.000000           1         -210.4459   
      1577:    565710.000000           1         -210.4414   
      1578:    565740.000000           1         -210.4358   
      1579:    565770.000000           1         -210.4275   
      1580:    565800.000000           1         -210.4221   
      1581:    565830.000000           1         -210.4156   
      1582:    565860.000000           1         -210.4098   
      1584:    565920.000000           1         -210.3904   
      1585:    565950.000000           1         -210.3864   
      1586:    565980.000000           1         -210.3833   
      1587:    566010.000000           1         -210.3776   
      1588:    566040.000000           1         -210.3723   
      1589:    566070.000000           1         -210.3680   
      1590:    566100.000000           1         -210.3642   
      1591:    566130.000000           1         -210.3601   
      1592:    566160.000000           1         -210.3574   
      1593:    566190.000000           1         -210.3522   
      1594:    566220.000000           1         -210.3470   
      1595:    566250.000000           1         -210.3412   
      1596:    566280.000000           1         -210.3365   
      1598:    566340.000000           1         -210.3171   
      1669:    568470.000000           1         -209.6896   
      1670:    568500.000000           1         -209.6831   
      1671:    568530.000000           1         -209.6755   
      1675:    568650.000000           1         -209.6354   
      2062:    580260.000000           1         -204.0908   
      2066:    580380.000000           1         -204.0267   
      2068:    580440.000000           1         -203.9875   
      2069:    580470.000000           1         -203.9787   
      2076:    580680.000000           1         -203.8789   
      2077:    580710.000000           1         -203.8705   
      2078:    580740.000000           1         -205.0778   
      2079:    580770.000000           1         -205.0279   
      2119:    581970.000000           1         -203.3625   
      2121:    582030.000000           1         -203.3282   
      2122:    582060.000000           1         -203.3201   
      2308:    587640.000000           1         -200.6251   
      2309:    587670.000000           1         -200.6143   
      2310:    587700.000000           1         -200.6034   
      2311:    587730.000000           1         -200.5924   
      2312:    587760.000000           1         -200.5812   
      2314:    587820.000000           1         -200.5361   
      2315:    587850.000000           1         -200.5248   
      2349:    588870.000000           1         -200.0605   
      2355:    589050.000000           1         -199.9698   
      2379:    589770.000000           1         -199.6810   
      2381:    589830.000000           1         -199.6509   
      2383:    589890.000000           1         -199.6369   
      2385:    589950.000000           1         -199.6229   
      2393:    590190.000000           1         -199.5382   
      2394:    590220.000000           1         -199.5305   
      2397:    590310.000000           1         -199.5001   
      2399:    590370.000000           1         -199.4764   
      2400:    590400.000000           1         -199.4704   
      2464:    592320.000000           1         -199.1087   
      2465:    592350.000000           1         -199.1090   
      2473:    592590.000000           1         -199.0935   
      2474:    592620.000000           1         -199.0923   
      2475:    592650.000000           1         -199.0901   
      2476:    592680.000000           1         -198.7543   
      2477:    592710.000000           1         -198.7520   
      2478:    592740.000000           1         -198.7505   
      2479:    592770.000000           1         -198.7482   
      2480:    592800.000000           1         -198.7461   
      2481:    592830.000000           1         -198.7444   
      2482:    592860.000000           1         -198.7436   
      2483:    592890.000000           1         -212.8417   
      2484:    592920.000000           1         -212.8404   
      2485:    592950.000000           1         -212.8374   
      2486:    592980.000000           1         -212.8358   
      2487:    593010.000000           1         -212.8348   
      2488:    593040.000000           1         -212.8344   
      2489:    593070.000000           1         -212.8344   
      2490:    593100.000000           1         -212.8344   
      2491:    593130.000000           1         -212.8346   
      2492:    593160.000000           1         -212.8346   
      2493:    593190.000000           1         -212.8347   
      2494:    593220.000000           1         -212.8332   
      2495:    593250.000000           1         -212.8332   
      2496:    593280.000000           1         -212.8332   
      2497:    593310.000000           1         -212.8334   
      2498:    593340.000000           1         -212.8319   
      2499:    593370.000000           1         -198.7288   
      2500:    593400.000000           1         -198.7275   
      2501:    593430.000000           1         -212.8283   
      2502:    593460.000000           1         -212.8283   
      2503:    593490.000000           1         -212.8276   
      2504:    593520.000000           1         -198.7258   
      2505:    593550.000000           1         -212.8233   
      2506:    593580.000000           1         -212.8230   
      2507:    593610.000000           1         -212.8228   
      2508:    593640.000000           1         -212.8221   
      2509:    593670.000000           1         -212.8215   
      2510:    593700.000000           1         -212.8209   
      2511:    593730.000000           1         -212.8214   
      2512:    593760.000000           1         -212.8222   
      2513:    593790.000000           1         -212.8230   
      2514:    593820.000000           1         -212.8237   
      2515:    593850.000000           1         -212.8241   
      2516:    593880.000000           1         -212.8246   
      2517:    593910.000000           1         -198.7289   
      2518:    593940.000000           1         -212.8261   
      2519:    593970.000000           1         -212.8260   
      2520:    594000.000000           1         -212.8260   
      2521:    594030.000000           1         -212.8272   
      2522:    594060.000000           1         -212.8280   
      2523:    594090.000000           1         -212.8280   
      2524:    594120.000000           1         -212.8283   
      2525:    594150.000000           1         -212.8285   
      2526:    594180.000000           1         -212.8297   
      2527:    594210.000000           1         -212.8312   
      2528:    594240.000000           1         -212.8325   
      2529:    594270.000000           1         -198.7397   
      2530:    594300.000000           1         -212.8345   
      2531:    594330.000000           1         -212.8348   
      2532:    594360.000000           1         -212.8341   
      2533:    594390.000000           1         -198.7428   
      2534:    594420.000000           1         -198.7439   
      2535:    594450.000000           1         -198.7431   
      2536:    594480.000000           1         -198.7443   
      2537:    594510.000000           1         -198.7449   
      2538:    594540.000000           1         -198.7456   
      2539:    594570.000000           1         -198.7471   
      2540:    594600.000000           1         -199.0818   
      2541:    594630.000000           1         -199.0832   
      2543:    594690.000000           1         -199.0929   
      2544:    594720.000000           1         -199.0950   
      2545:    594750.000000           1         -199.0977   
      2546:    594780.000000           1         -199.0991   
      2547:    594810.000000           1         -199.1007   
      2548:    594840.000000           1         -199.1032   
      2564:    595320.000000           1         -199.1452   
      2568:    595440.000000           1         -199.1637   
      2569:    595470.000000           1         -199.1670   
      2570:    595500.000000           1         -199.1704   
      2571:    595530.000000           1         -199.1733   
      2572:    595560.000000           1         -199.1753   
      2573:    595590.000000           1         -199.1802   
      2574:    595620.000000           1         -198.8484   
      2575:    595650.000000           1         -199.1915   
      2576:    595680.000000           1         -198.8572   
      2578:    595740.000000           1         -199.2043   
      2580:    595800.000000           1         -199.2163   
      2581:    595830.000000           1         -199.2200   
      2582:    595860.000000           1         -198.8788   
      2583:    595890.000000           1         -199.2257   
      2584:    595920.000000           1         -199.2285   
      2585:    595950.000000           1         -199.2319   
      2586:    595980.000000           1         -199.2346   
      2587:    596010.000000           1         -199.2379   
      2588:    596040.000000           1         -198.8983   
      2589:    596070.000000           1         -198.9007   
      2590:    596100.000000           1         -199.2541   
      2591:    596130.000000           1         -198.9149   
      2592:    596160.000000           1         -198.9178   
      2593:    596190.000000           1         -198.9227   
      2594:    596220.000000           1         -198.9260   
      2595:    596250.000000           1         -199.2800   
      2629:    597270.000000           1         -199.4339   
      2630:    597300.000000           1         -199.4377   
      2631:    597330.000000           1         -199.4409   
      2632:    597360.000000           1         -199.4457   
      2633:    597390.000000           1         -199.4500   
      2634:    597420.000000           1         -199.4539   
      2635:    597450.000000           1         -199.4577   
      2636:    597480.000000           1         -199.4617   
      2637:    597510.000000           1         -199.4636   
      2638:    597540.000000           1         -199.4671   
      2639:    597570.000000           1         -199.4711   
      2641:    597630.000000           1         -199.4868   
      2642:    597660.000000           1         -199.4914   
      2643:    597690.000000           1         -199.4958   
      2645:    597750.000000           1         -199.5151   
      2646:    597780.000000           1         -199.5194   
      2647:    597810.000000           1         -199.5235   
      2658:    598140.000000           1         -199.5856   
      2659:    598170.000000           1         -199.5910   
      2660:    598200.000000           1         -199.5944   
      2661:    598230.000000           1         -199.5993   
      2690:    599100.000000           1         -199.7710   
      2691:    599130.000000           1         -199.7770   
      2692:    599160.000000           1         -199.7816   
      2693:    599190.000000           1         -199.7870   
      2694:    599220.000000           1         -199.7969   
      2695:    599250.000000           1         -199.4421   
      2696:    599280.000000           1         -199.8170   
      2697:    599310.000000           1         -199.4614   
      2698:    599340.000000           1         -199.4674   
      2699:    599370.000000           1         -199.4734   
      2700:    599400.000000           1         -199.4771   
      2701:    599430.000000           1         -199.8507   
      2702:    599460.000000           1         -199.4958   
      2703:    599490.000000           1         -199.8683   
      2705:    599550.000000           1         -199.8865   
      2707:    599610.000000           1         -199.9090   
      2708:    599640.000000           1         -199.9138   
      2709:    599670.000000           1         -199.9186   
      2710:    599700.000000           1         -199.9231   
      2711:    599730.000000           1         -199.9282   
      2712:    599760.000000           1         -199.9333   
      2713:    599790.000000           1         -199.9398   
