         0:    518400.000000           1           11.7633   
         1:    518430.000000           1         -227.6465   
         2:    518460.000000           1         -224.9389   
         3:    518490.000000           1         -221.5425   
         4:    518520.000000           1           -2.5757   
         5:    518550.000000           1           -5.9100   
         6:    518580.000000           1          -11.1276   
         7:    518610.000000           1         -206.8379   
         8:    518640.000000           1          -25.0965   
         9:    518670.000000           1          -29.1305   
        10:    518700.000000           1          -32.6125   
        11:    518730.000000           1          -36.6517   
        12:    518760.000000           1          -40.6500   
        13:    518790.000000           1          -44.2241   
        14:    518820.000000           1          -47.7991   
        15:    518850.000000           1          -51.1490   
        16:    518880.000000           1          -54.4408   
        17:    518910.000000           1          -57.6200   
        18:    518940.000000           1          -60.0566   
        19:    518970.000000           1         -297.1113   
        20:    519000.000000           1          -63.7791   
        21:    519030.000000           1          -65.0951   
        22:    519060.000000           1          -66.5055   
        23:    519090.000000           1         -303.2790   
        24:    519120.000000           1         -304.7366   
        25:    519150.000000           1          -69.9593   
        26:    519180.000000           1          -70.9786   
        27:    519210.000000           1          -71.8973   
        28:    519240.000000           1          -72.7829   
        29:    519270.000000           1          -73.5632   
        30:    519300.000000           1          -74.4743   
        31:    519330.000000           1          -75.1496   
        32:    519360.000000           1         -169.1156   
        33:    519390.000000           1          -77.6594   
        34:    519420.000000           1          -78.1315   
        35:    519450.000000           1          -78.4796   
        36:    519480.000000           1          -78.8622   
        37:    519510.000000           1          -79.2578   
        38:    519540.000000           1          -79.4531   
        39:    519570.000000           1          -79.6658   
        40:    519600.000000           1          -79.9837   
        41:    519630.000000           1          -80.1742   
        42:    519660.000000           1          -80.4849   
        43:    519690.000000           1          -80.7183   
        44:    519720.000000           1          -80.9953   
        45:    519750.000000           1          -81.3204   
        46:    519780.000000           1          -81.4227   
        47:    519810.000000           1          -81.5443   
        48:    519840.000000           1          -81.6367   
        49:    519870.000000           1          -81.8892   
        50:    519900.000000           1         -318.5226   
        51:    519930.000000           1          -82.1952   
        52:    519960.000000           1         -318.8905   
        53:    519990.000000           1         -318.9544   
        54:    520020.000000           1         -319.1251   
        55:    520050.000000           1         -319.2084   
        56:    520080.000000           1         -319.3034   
        57:    520110.000000           1         -319.3515   
        58:    520140.000000           1         -319.4431   
        59:    520170.000000           1         -319.5655   
        60:    520200.000000           1         -319.6542   
        61:    520230.000000           1           81.6714   
        62:    520260.000000           1           81.5460   
        63:    520290.000000           1           81.4680   
        64:    520320.000000           1          -83.2530   
        65:    520350.000000           1           81.2609   
        66:    520380.000000           1           81.2293   
        67:    520410.000000           1           81.2197   
        68:    520440.000000           1           81.2241   
        69:    520470.000000           1         -320.5719   
        70:    520500.000000           1         -320.6239   
        71:    520530.000000           1         -208.8653   
        72:    520560.000000           1          -83.7418   
        73:    520590.000000           1          -83.8130   
        74:    520620.000000           1          -83.8755   
        75:    520650.000000           1         -320.8805   
        76:    520680.000000           1          -83.9346   
        77:    520710.000000           1         -163.2098   
        78:    520740.000000           1          -84.0398   
        79:    520770.000000           1          -84.0284   
        80:    520800.000000           1          -84.0178   
        81:    520830.000000           1          -83.9786   
        82:    520860.000000           1         -162.8280   
        83:    520890.000000           1          -83.9182   
        84:    520920.000000           1          -83.8960   
        85:    520950.000000           1          -83.9171   
        86:    520980.000000           1          -83.8684   
        87:    521010.000000           1          -83.8829   
        88:    521040.000000           1          -83.8863   
        89:    521070.000000           1         -162.5374   
        90:    521100.000000           1         -162.4680   
        91:    521130.000000           1         -162.3557   
        92:    521160.000000           1         -162.2482   
        93:    521190.000000           1          -83.8668   
        94:    521220.000000           1          -83.8471   
        95:    521250.000000           1          -83.8447   
        96:    521280.000000           1          -83.8546   
        97:    521310.000000           1         -161.9656   
        98:    521340.000000           1          -83.8675   
        99:    521370.000000           1          -83.9014   
       100:    521400.000000           1          -83.9011   
       101:    521430.000000           1          -83.8803   
       102:    521460.000000           1         -161.7032   
       103:    521490.000000           1         -200.1385   
       104:    521520.000000           1         -161.5708   
       105:    521550.000000           1         -200.1864   
       106:    521580.000000           1         -200.2293   
       107:    521610.000000           1         -185.0570   
       108:    521640.000000           1         -200.3228   
       109:    521670.000000           1         -200.3058   
       110:    521700.000000           1         -209.1190   
       111:    521730.000000           1         -200.3991   
       112:    521760.000000           1         -209.1793   
       113:    521790.000000           1         -161.1957   
       114:    521820.000000           1         -161.1575   
       115:    521850.000000           1         -209.0071   
       116:    521880.000000           1         -161.0311   
       117:    521910.000000           1         -161.0283   
       118:    521940.000000           1         -200.5367   
       119:    521970.000000           1         -160.8978   
       120:    522000.000000           1         -208.8476   
       121:    522030.000000           1         -160.7294   
       122:    522060.000000           1         -160.6742   
       123:    522090.000000           1         -160.6592   
       124:    522120.000000           1         -160.5503   
       125:    522150.000000           1         -160.5074   
       126:    522180.000000           1         -200.6442   
       127:    522210.000000           1         -200.6512   
       128:    522240.000000           1         -200.5521   
       129:    522270.000000           1         -160.1431   
       130:    522300.000000           1         -160.1097   
       131:    522330.000000           1         -200.4141   
       132:    522360.000000           1         -159.9823   
       133:    522390.000000           1          -83.1897   
       134:    522420.000000           1          -83.2007   
       135:    522450.000000           1          -83.1867   
       136:    522480.000000           1         -159.9012   
       137:    522510.000000           1         -159.8461   
       138:    522540.000000           1         -200.6255   
       139:    522570.000000           1         -208.2773   
       140:    522600.000000           1         -200.6312   
       141:    522630.000000           1         -200.6292   
       142:    522660.000000           1         -208.2258   
       143:    522690.000000           1         -200.5436   
       144:    522720.000000           1         -208.1185   
       145:    522750.000000           1         -200.4746   
       146:    522780.000000           1         -200.4720   
       147:    522810.000000           1         -200.4965   
       148:    522840.000000           1         -159.4737   
       149:    522870.000000           1         -200.5048   
       150:    522900.000000           1         -159.4536   
       151:    522930.000000           1         -159.4724   
       152:    522960.000000           1         -159.4625   
       153:    522990.000000           1         -159.4628   
       154:    523020.000000           1         -159.4547   
       155:    523050.000000           1         -159.4593   
       156:    523080.000000           1         -159.4580   
       157:    523110.000000           1         -208.2098   
       158:    523140.000000           1         -201.3080   
       159:    523170.000000           1         -159.4359   
       160:    523200.000000           1         -201.2036   
       161:    523230.000000           1         -159.4263   
       162:    523260.000000           1         -201.2648   
       163:    523290.000000           1         -159.3644   
       164:    523320.000000           1         -159.3531   
       165:    523350.000000           1         -159.3434   
       166:    523380.000000           1         -159.3373   
       167:    523410.000000           1          -83.4529   
       168:    523440.000000           1          -83.4666   
       169:    523470.000000           1         -159.3012   
       170:    523500.000000           1         -201.2188   
       171:    523530.000000           1         -159.2821   
       172:    523560.000000           1         -159.2549   
       173:    523590.000000           1         -159.2440   
       174:    523620.000000           1         -159.2319   
       175:    523650.000000           1         -159.2134   
       176:    523680.000000           1         -159.2089   
       177:    523710.000000           1         -159.1922   
       178:    523740.000000           1         -159.1948   
       179:    523770.000000           1         -159.2029   
       180:    523800.000000           1         -159.2032   
       181:    523830.000000           1         -159.2021   
       182:    523860.000000           1         -159.1938   
       183:    523890.000000           1         -159.1961   
       184:    523920.000000           1         -159.1940   
       185:    523950.000000           1         -159.1823   
       186:    523980.000000           1         -159.1651   
       187:    524010.000000           1         -159.1674   
       188:    524040.000000           1         -159.1488   
       189:    524070.000000           1         -159.1395   
       190:    524100.000000           1         -159.1182   
       191:    524130.000000           1         -159.1059   
       192:    524160.000000           1         -201.3465   
       193:    524190.000000           1         -201.3179   
       194:    524220.000000           1         -201.2869   
       195:    524250.000000           1         -208.1606   
       196:    524280.000000           1         -208.1599   
       197:    524310.000000           1         -208.1079   
       198:    524340.000000           1         -208.0827   
       199:    524370.000000           1         -208.0295   
       200:    524400.000000           1         -201.0240   
       201:    524430.000000           1         -158.7909   
       202:    524460.000000           1         -200.9152   
       203:    524490.000000           1         -158.7804   
       204:    524520.000000           1         -158.7778   
       205:    524550.000000           1         -158.7502   
       206:    524580.000000           1         -158.7274   
       207:    524610.000000           1         -158.7117   
       208:    524640.000000           1         -200.9478   
       209:    524670.000000           1         -158.6100   
       210:    524700.000000           1          -82.9650   
       211:    524730.000000           1          -82.9421   
       212:    524760.000000           1         -158.5205   
       213:    524790.000000           1          -82.8919   
       214:    524820.000000           1          -82.8904   
       215:    524850.000000           1          -82.8936   
       216:    524880.000000           1         -158.4429   
       217:    524910.000000           1          -82.8925   
       218:    524940.000000           1          -82.8767   
       219:    524970.000000           1          -82.8738   
       220:    525000.000000           1          -82.8655   
       221:    525030.000000           1          -82.8511   
       222:    525060.000000           1         -319.3507   
      2267:    586410.000000           1         -204.4290   
      2268:    586440.000000           1         -204.4180   
      2269:    586470.000000           1         -204.4064   
      2270:    586500.000000           1         -217.2816   
      2271:    586530.000000           1         -197.3523   
      2272:    586560.000000           1         -197.3393   
      2273:    586590.000000           1         -197.3241   
      2274:    586620.000000           1         -197.3110   
      2275:    586650.000000           1         -197.3004   
      2276:    586680.000000           1         -197.2923   
      2277:    586710.000000           1         -186.8083   
      2278:    586740.000000           1         -186.7970   
      2279:    586770.000000           1         -186.7853   
      2280:    586800.000000           1         -197.2282   
      2281:    586830.000000           1         -186.7365   
      2282:    586860.000000           1         -186.7241   
      2283:    586890.000000           1         -257.1430   
      2284:    586920.000000           1         -257.1310   
      2285:    586950.000000           1         -197.1461   
      2286:    586980.000000           1         -186.6527   
      2287:    587010.000000           1         -186.6414   
      2288:    587040.000000           1         -257.0531   
      2289:    587070.000000           1         -257.0417   
      2290:    587100.000000           1         -186.5833   
      2291:    587130.000000           1          100.9972   
      2292:    587160.000000           1          101.0090   
      2293:    587190.000000           1         -256.9627   
      2294:    587220.000000           1          101.0646   
      2295:    587250.000000           1         -256.9186   
      2296:    587280.000000           1          101.1178   
      2297:    587310.000000           1          101.1306   
      2298:    587340.000000           1          101.1436   
      2299:    587370.000000           1          101.1558   
      2300:    587400.000000           1         -256.8418   
      2301:    587430.000000           1         -186.3814   
      2302:    587460.000000           1          101.2343   
      2303:    587490.000000           1          101.2462   
      2304:    587520.000000           1          101.2595   
      2305:    587550.000000           1          101.2723   
      2306:    587580.000000           1         -256.7391   
      2307:    587610.000000           1         -256.7171   
      2308:    587640.000000           1          114.7255   
      2309:    587670.000000           1          114.7381   
      2310:    587700.000000           1          114.7469   
      2311:    587730.000000           1          114.7704   
      2312:    587760.000000           1          114.7942   
      2313:    587790.000000           1          101.4282   
      2314:    587820.000000           1          114.9065   
      2315:    587850.000000           1          114.9378   
      2316:    587880.000000           1          101.4826   
      2317:    587910.000000           1          101.4957   
      2318:    587940.000000           1          101.5088   
      2319:    587970.000000           1         -256.5357   
      2320:    588000.000000           1          101.5573   
      2321:    588030.000000           1          101.5692   
      2322:    588060.000000           1         -256.4790   
      2323:    588090.000000           1         -186.0196   
      2324:    588120.000000           1         -185.9981   
      2325:    588150.000000           1         -256.4151   
      2326:    588180.000000           1         -256.4048   
      2327:    588210.000000           1         -256.3956   
      2328:    588240.000000           1         -256.3839   
      2329:    588270.000000           1         -185.9216   
      2330:    588300.000000           1         -256.3428   
      2331:    588330.000000           1         -256.3332   
      2332:    588360.000000           1         -256.3228   
      2333:    588390.000000           1         -256.3123   
      2334:    588420.000000           1         -256.3011   
      2335:    588450.000000           1         -185.8362   
      2336:    588480.000000           1         -256.2608   
      2337:    588510.000000           1         -256.2500   
      2338:    588540.000000           1         -185.7954   
      2339:    588570.000000           1         -185.7850   
      2340:    588600.000000           1         -256.2203   
      2341:    588630.000000           1         -185.7645   
      2342:    588660.000000           1         -196.2973   
      2343:    588690.000000           1         -185.7448   
      2344:    588720.000000           1         -185.7354   
      2345:    588750.000000           1         -196.2820   
      2346:    588780.000000           1         -185.7038   
      2347:    588810.000000           1         -185.6937   
      2348:    588840.000000           1         -185.6832   
      2349:    588870.000000           1          101.9837   
      2350:    588900.000000           1         -256.1088   
      2351:    588930.000000           1         -185.6428   
      2352:    588960.000000           1         -256.0740   
      2353:    588990.000000           1         -256.0642   
      2354:    589020.000000           1         -185.5963   
      2355:    589050.000000           1          102.0825   
      2356:    589080.000000           1         -185.5572   
      2357:    589110.000000           1         -185.5379   
      2358:    589140.000000           1         -255.9750   
      2359:    589170.000000           1         -255.9674   
      2360:    589200.000000           1         -255.9517   
      2361:    589230.000000           1         -185.4806   
      2362:    589260.000000           1         -185.4632   
      2363:    589290.000000           1         -255.9008   
      2364:    589320.000000           1         -255.8922   
      2365:    589350.000000           1         -255.8835   
      2366:    589380.000000           1         -255.8750   
      2367:    589410.000000           1         -255.8663   
      2368:    589440.000000           1         -255.8577   
      2369:    589470.000000           1         -255.8493   
      2370:    589500.000000           1         -185.3785   
      2371:    589530.000000           1         -185.3599   
      2372:    589560.000000           1          102.3203   
      2373:    589590.000000           1          102.3285   
      2374:    589620.000000           1          102.3371   
      2375:    589650.000000           1         -255.7702   
      2376:    589680.000000           1          102.3727   
      2377:    589710.000000           1          102.3822   
      2378:    589740.000000           1          102.3902   
      2379:    589770.000000           1          116.0885   
      2380:    589800.000000           1         -255.7138   
      2381:    589830.000000           1          116.1251   
      2382:    589860.000000           1          102.4407   
      2383:    589890.000000           1          116.1411   
      2384:    589920.000000           1          102.4574   
      2385:    589950.000000           1          116.1538   
      2386:    589980.000000           1         -255.6539   
      2387:    590010.000000           1          102.5009   
      2388:    590040.000000           1          102.5075   
      2389:    590070.000000           1          102.5150   
      2390:    590100.000000           1         -255.6118   
      2391:    590130.000000           1          102.5458   
      2392:    590160.000000           1          102.5530   
      2393:    590190.000000           1          116.2715   
      2394:    590220.000000           1          116.2839   
      2395:    590250.000000           1          102.5756   
      2396:    590280.000000           1          102.5895   
      2397:    590310.000000           1          116.3164   
      2398:    590340.000000           1          102.6127   
      2399:    590370.000000           1          116.3441   
      2400:    590400.000000           1          116.3518   
      2401:    590430.000000           1          102.6461   
      2402:    590460.000000           1          102.6595   
      2403:    590490.000000           1         -255.4746   
      2404:    590520.000000           1          102.6837   
      2405:    590550.000000           1          102.6898   
      2406:    590580.000000           1          102.6970   
      2407:    590610.000000           1          102.7024   
      2408:    590640.000000           1         -184.9706   
      2409:    590670.000000           1         -255.4215   
      2410:    590700.000000           1          102.7365   
      2411:    590730.000000           1         -255.3994   
      2412:    590760.000000           1          102.7564   
      2413:    590790.000000           1          102.7605   
      2414:    590820.000000           1         -255.3787   
      2415:    590850.000000           1         -255.3692   
      2416:    590880.000000           1         -255.3611   
      2417:    590910.000000           1          102.7962   
      2418:    590940.000000           1          102.8011   
      2419:    590970.000000           1          102.8065   
      2420:    591000.000000           1          102.8130   
      2421:    591030.000000           1          102.8189   
      2422:    591060.000000           1         -255.3173   
      2423:    591090.000000           1          102.8443   
      2424:    591120.000000           1         -255.2928   
      2425:    591150.000000           1         -184.8253   
      2426:    591180.000000           1         -184.8207   
      2427:    591210.000000           1         -184.8167   
      2428:    591240.000000           1         -184.8121   
      2429:    591270.000000           1         -184.8070   
      2430:    591300.000000           1         -184.8025   
      2431:    591330.000000           1         -184.7990   
      2432:    591360.000000           1         -184.7952   
      2433:    591390.000000           1         -184.7904   
      2434:    591420.000000           1         -184.7859   
      2435:    591450.000000           1         -184.7819   
      2436:    591480.000000           1         -255.2351   
      2437:    591510.000000           1         -184.7672   
      2438:    591540.000000           1         -184.7631   
      2439:    591570.000000           1         -184.7586   
      2440:    591600.000000           1         -184.7549   
      2441:    591630.000000           1         -184.7512   
      2442:    591660.000000           1         -184.7484   
      2443:    591690.000000           1         -184.7458   
      2444:    591720.000000           1         -184.7423   
      2445:    591750.000000           1         -215.0262   
      2446:    591780.000000           1         -184.7213   
      2447:    591810.000000           1         -184.7169   
      2448:    591840.000000           1         -184.7138   
      2449:    591870.000000           1         -184.7109   
      2450:    591900.000000           1         -184.7064   
      2451:    591930.000000           1         -184.7040   
      2452:    591960.000000           1         -255.1628   
      2453:    591990.000000           1         -255.1602   
      2454:    592020.000000           1         -255.1576   
      2455:    592050.000000           1         -255.1562   
      2456:    592080.000000           1         -255.1533   
      2457:    592110.000000           1         -255.1518   
      2458:    592140.000000           1         -255.1497   
      2459:    592170.000000           1         -255.1483   
      2460:    592200.000000           1         -255.1457   
      2461:    592230.000000           1         -255.1435   
      2462:    592260.000000           1         -255.1399   
      2463:    592290.000000           1         -255.1368   
      2464:    592320.000000           1          103.0174   
      2465:    592350.000000           1          103.0173   
      2466:    592380.000000           1         -255.1345   
      2467:    592410.000000           1         -255.1333   
      2468:    592440.000000           1         -255.1315   
      2469:    592470.000000           1         -255.1294   
      2470:    592500.000000           1         -255.1277   
      2471:    592530.000000           1         -184.6593   
      2472:    592560.000000           1         -255.1196   
      2473:    592590.000000           1          103.0369   
      2474:    592620.000000           1          103.0385   
      2475:    592650.000000           1          103.0410   
      2476:    592680.000000           1          116.9286   
      2477:    592710.000000           1          116.9334   
      2478:    592740.000000           1          116.9360   
      2479:    592770.000000           1          116.9390   
      2480:    592800.000000           1          116.9430   
      2481:    592830.000000           1          116.9467   
      2482:    592860.000000           1          116.9489   
      2483:    592890.000000           1         -107.6718   
      2484:    592920.000000           1         -107.6687   
      2485:    592950.000000           1         -107.6633   
      2486:    592980.000000           1         -107.6595   
      2487:    593010.000000           1         -107.6566   
      2488:    593040.000000           1         -107.6550   
      2489:    593070.000000           1         -107.6534   
      2490:    593100.000000           1         -107.6521   
      2491:    593130.000000           1         -107.6515   
      2492:    593160.000000           1         -107.6508   
      2493:    593190.000000           1         -107.6503   
      2494:    593220.000000           1         -107.6482   
      2495:    593250.000000           1         -107.6476   
      2496:    593280.000000           1         -107.6469   
      2497:    593310.000000           1         -107.6457   
      2498:    593340.000000           1         -107.6433   
      2499:    593370.000000           1          116.9796   
      2500:    593400.000000           1          116.9842   
      2501:    593430.000000           1         -107.6324   
      2502:    593460.000000           1         -107.6316   
      2503:    593490.000000           1         -107.6304   
      2504:    593520.000000           1          116.9937   
      2505:    593550.000000           1         -107.6221   
      2506:    593580.000000           1         -107.6201   
      2507:    593610.000000           1         -107.6185   
      2508:    593640.000000           1         -107.6167   
      2509:    593670.000000           1         -107.6145   
      2510:    593700.000000           1         -107.6122   
      2511:    593730.000000           1         -107.6110   
      2512:    593760.000000           1         -107.6101   
      2513:    593790.000000           1         -107.6095   
      2514:    593820.000000           1         -107.6087   
      2515:    593850.000000           1         -107.6076   
      2516:    593880.000000           1         -107.6071   
      2517:    593910.000000           1          117.0159   
      2518:    593940.000000           1         -107.6026   
      2519:    593970.000000           1         -107.6013   
      2520:    594000.000000           1         -107.6000   
      2521:    594030.000000           1         -107.6000   
      2522:    594060.000000           1         -107.5991   
      2523:    594090.000000           1         -107.5978   
      2524:    594120.000000           1         -107.5967   
      2525:    594150.000000           1         -107.5957   
      2526:    594180.000000           1         -107.5957   
      2527:    594210.000000           1         -107.5968   
      2528:    594240.000000           1         -107.5976   
      2529:    594270.000000           1          117.0250   
      2530:    594300.000000           1         -107.5948   
      2531:    594330.000000           1         -107.5933   
      2532:    594360.000000           1         -107.5911   
      2533:    594390.000000           1          117.0324   
      2534:    594420.000000           1          117.0327   
      2535:    594450.000000           1          117.0350   
      2536:    594480.000000           1          117.0354   
      2537:    594510.000000           1          117.0362   
      2538:    594540.000000           1          117.0370   
      2539:    594570.000000           1          117.0371   
      2540:    594600.000000           1          103.0704   
      2541:    594630.000000           1          103.0695   
      2542:    594660.000000           1         -255.1004   
      2543:    594690.000000           1          103.0630   
      2544:    594720.000000           1          103.0616   
      2545:    594750.000000           1          103.0596   
      2546:    594780.000000           1          103.0588   
      2547:    594810.000000           1          103.0573   
      2548:    594840.000000           1          103.0551   
      2549:    594870.000000           1         -184.6480   
      2550:    594900.000000           1         -255.1240   
      2551:    594930.000000           1         -255.1258   
      2552:    594960.000000           1         -255.1278   
      2553:    594990.000000           1         -255.1300   
      2554:    595020.000000           1         -255.1316   
      2555:    595050.000000           1         -255.1329   
      2556:    595080.000000           1         -255.1339   
      2557:    595110.000000           1         -255.1353   
      2558:    595140.000000           1         -255.1363   
      2559:    595170.000000           1         -255.1385   
      2560:    595200.000000           1         -255.1398   
      2561:    595230.000000           1         -255.1429   
      2562:    595260.000000           1         -255.1458   
      2563:    595290.000000           1         -255.1496   
      2564:    595320.000000           1          103.0166   
      2565:    595350.000000           1         -255.1546   
      2566:    595380.000000           1         -255.1568   
      2567:    595410.000000           1          103.0059   
      2568:    595440.000000           1          102.9984   
      2569:    595470.000000           1          102.9952   
      2570:    595500.000000           1          102.9919   
      2571:    595530.000000           1          102.9892   
      2572:    595560.000000           1          102.9876   
      2573:    595590.000000           1          102.9840   
      2574:    595620.000000           1          116.9839   
      2575:    595650.000000           1          102.9747   
      2576:    595680.000000           1          116.9776   
      2577:    595710.000000           1         -255.2013   
      2578:    595740.000000           1          102.9649   
      2579:    595770.000000           1         -184.7392   
      2580:    595800.000000           1          102.9543   
      2581:    595830.000000           1          102.9508   
      2582:    595860.000000           1          116.9591   
      2583:    595890.000000           1          102.9455   
      2584:    595920.000000           1          102.9430   
      2585:    595950.000000           1          102.9399   
      2586:    595980.000000           1          102.9374   
      2587:    596010.000000           1          102.9345   
      2588:    596040.000000           1          116.9421   
      2589:    596070.000000           1          116.9404   
      2590:    596100.000000           1          102.9197   
      2591:    596130.000000           1          116.9283   
      2592:    596160.000000           1          116.9255   
      2593:    596190.000000           1          116.9209   
      2594:    596220.000000           1          116.9182   
      2595:    596250.000000           1          102.8969   
      2596:    596280.000000           1         -255.2808   
      2597:    596310.000000           1          102.8846   
      2598:    596340.000000           1          102.8821   
      2599:    596370.000000           1          102.8790   
      2600:    596400.000000           1          102.8752   
      2601:    596430.000000           1          102.8723   
      2602:    596460.000000           1         -255.3021   
      2603:    596490.000000           1         -255.3062   
      2604:    596520.000000           1         -184.8372   
      2605:    596550.000000           1         -255.3195   
      2606:    596580.000000           1         -255.3233   
      2607:    596610.000000           1         -255.3265   
      2608:    596640.000000           1         -255.3298   
      2609:    596670.000000           1         -255.3331   
      2610:    596700.000000           1         -255.3361   
      2611:    596730.000000           1         -255.3396   
      2612:    596760.000000           1         -255.3433   
      2613:    596790.000000           1         -255.3478   
      2614:    596820.000000           1         -255.3511   
      2615:    596850.000000           1         -255.3553   
      2616:    596880.000000           1         -184.8868   
      2617:    596910.000000           1         -184.8904   
      2618:    596940.000000           1         -255.3663   
      2619:    596970.000000           1         -184.8995   
      2620:    597000.000000           1          102.7917   
      2621:    597030.000000           1         -255.3838   
      2622:    597060.000000           1         -255.3911   
      2623:    597090.000000           1         -255.3946   
      2624:    597120.000000           1         -255.3985   
      2625:    597150.000000           1         -255.4015   
      2626:    597180.000000           1         -255.4056   
      2627:    597210.000000           1         -255.4094   
      2628:    597240.000000           1         -255.4131   
      2629:    597270.000000           1          102.7496   
      2630:    597300.000000           1          102.7457   
      2631:    597330.000000           1          102.7427   
      2632:    597360.000000           1          102.7380   
      2633:    597390.000000           1          102.7340   
      2634:    597420.000000           1          102.7304   
      2635:    597450.000000           1          102.7270   
      2636:    597480.000000           1          102.7233   
      2637:    597510.000000           1          102.7218   
      2638:    597540.000000           1          102.7186   
      2639:    597570.000000           1          102.7149   
      2640:    597600.000000           1         -255.4636   
      2641:    597630.000000           1          102.7003   
      2642:    597660.000000           1          102.6962   
      2643:    597690.000000           1          102.6924   
      2644:    597720.000000           1         -255.4880   
      2645:    597750.000000           1          102.6747   
      2646:    597780.000000           1          102.6708   
      2647:    597810.000000           1          102.6670   
      2648:    597840.000000           1          102.6631   
      2649:    597870.000000           1          102.6590   
      2650:    597900.000000           1          102.6547   
      2651:    597930.000000           1          102.6497   
      2652:    597960.000000           1          102.6438   
      2653:    597990.000000           1          102.6397   
      2654:    598020.000000           1          102.6357   
      2655:    598050.000000           1          102.6311   
      2656:    598080.000000           1          102.6264   
      2657:    598110.000000           1          102.6216   
      2658:    598140.000000           1          116.6590   
      2659:    598170.000000           1          116.6542   
      2660:    598200.000000           1          116.6512   
      2661:    598230.000000           1          116.6465   
      2662:    598260.000000           1          102.5889   
      2663:    598290.000000           1          102.5848   
      2664:    598320.000000           1          102.5797   
      2665:    598350.000000           1          102.5746   
      2666:    598380.000000           1          102.5695   
      2667:    598410.000000           1         -255.6088   
      2668:    598440.000000           1         -255.6122   
      2669:    598470.000000           1         -255.6162   
      2670:    598500.000000           1         -255.6213   
      2671:    598530.000000           1         -255.6258   
      2672:    598560.000000           1         -255.6301   
      2673:    598590.000000           1         -255.6351   
      2674:    598620.000000           1         -185.1690   
      2675:    598650.000000           1         -255.6542   
      2676:    598680.000000           1         -255.6594   
      2677:    598710.000000           1         -255.6646   
      2678:    598740.000000           1         -255.6696   
      2679:    598770.000000           1         -255.6736   
      2680:    598800.000000           1         -255.6785   
      2681:    598830.000000           1         -255.6826   
      2682:    598860.000000           1         -255.6871   
      2683:    598890.000000           1         -255.6921   
      2684:    598920.000000           1         -255.6965   
      2685:    598950.000000           1         -255.7019   
      2686:    598980.000000           1         -255.7086   
      2687:    599010.000000           1         -255.7148   
      2688:    599040.000000           1         -255.7185   
      2689:    599070.000000           1         -185.2513   
      2690:    599100.000000           1          102.4317   
      2691:    599130.000000           1          102.4258   
      2692:    599160.000000           1          102.4213   
      2693:    599190.000000           1          102.4159   
      2694:    599220.000000           1          102.4062   
      2695:    599250.000000           1          116.4464   
      2696:    599280.000000           1          102.3870   
      2697:    599310.000000           1          116.4273   
      2698:    599340.000000           1          116.4214   
      2699:    599370.000000           1          116.4154   
      2700:    599400.000000           1          116.4116   
      2701:    599430.000000           1          102.3551   
      2702:    599460.000000           1          116.3927   
      2703:    599490.000000           1          116.3872   
      2704:    599520.000000           1          102.3291   
      2705:    599550.000000           1          116.3703   
      2706:    599580.000000           1          116.3593   
      2707:    599610.000000           1          116.3486   
      2708:    599640.000000           1          116.3440   
      2709:    599670.000000           1          116.3394   
      2710:    599700.000000           1          116.3351   
      2711:    599730.000000           1          116.3302   
      2712:    599760.000000           1          116.3251   
      2713:    599790.000000           1          116.3187   
      2714:    599820.000000           1          102.2602   
      2715:    599850.000000           1          102.2559   
      2716:    599880.000000           1          102.2495   
      2717:    599910.000000           1          102.2439   
      2718:    599940.000000           1          102.2335   
      2719:    599970.000000           1          102.2202   
      2720:    600000.000000           1         -185.5376   
      2721:    600030.000000           1         -255.9782   
      2722:    600060.000000           1         -255.9832   
      2723:    600090.000000           1         -255.9888   
      2724:    600120.000000           1         -255.9947   
      2725:    600150.000000           1         -256.0006   
      2726:    600180.000000           1          102.1669   
      2727:    600210.000000           1         -256.0115   
      2728:    600240.000000           1         -256.0168   
      2729:    600270.000000           1         -256.0217   
      2730:    600300.000000           1         -256.0267   
