       383:    529890.000000           1         -201.4008   
       535:    534450.000000           1         -320.4794   
       536:    534480.000000           1         -320.4724   
       537:    534510.000000           1         -320.4694   
       538:    534540.000000           1         -158.8155   
       539:    534570.000000           1         -158.8134   
       540:    534600.000000           1         -158.8119   
       541:    534630.000000           1         -158.8078   
       542:    534660.000000           1         -158.8042   
       543:    534690.000000           1         -158.8063   
       544:    534720.000000           1         -158.8046   
       545:    534750.000000           1         -158.8007   
       546:    534780.000000           1         -158.7961   
       547:    534810.000000           1         -158.7916   
       548:    534840.000000           1         -158.7912   
       549:    534870.000000           1         -158.7851   
       550:    534900.000000           1         -158.7866   
       551:    534930.000000           1         -158.7849   
       552:    534960.000000           1         -158.7768   
       553:    534990.000000           1         -158.7710   
       554:    535020.000000           1         -201.0507   
       555:    535050.000000           1         -158.7416   
       556:    535080.000000           1         -158.7313   
       557:    535110.000000           1         -158.7245   
       558:    535140.000000           1         -158.7212   
       559:    535170.000000           1         -158.7116   
       560:    535200.000000           1           13.6932   
       561:    535230.000000           1         -158.7182   
       562:    535260.000000           1         -320.3837   
       563:    535290.000000           1         -320.3868   
       564:    535320.000000           1         -320.3874   
       565:    535350.000000           1           13.7079   
       566:    535380.000000           1           13.7089   
       567:    535410.000000           1           13.7133   
       568:    535440.000000           1           13.7161   
       569:    535470.000000           1           13.7128   
       570:    535500.000000           1         -320.4079   
       571:    535530.000000           1         -201.0193   
       572:    535560.000000           1         -320.4031   
       573:    535590.000000           1         -320.4050   
       574:    535620.000000           1           13.7285   
       575:    535650.000000           1         -320.4113   
       576:    535680.000000           1         -320.4168   
       577:    535710.000000           1         -320.4230   
       578:    535740.000000           1         -158.7484   
       579:    535770.000000           1         -320.4405   
       580:    535800.000000           1         -320.4518   
       581:    535830.000000           1         -320.4578   
       582:    535860.000000           1         -320.4624   
       583:    535890.000000           1         -320.4715   
       584:    535920.000000           1         -320.4753   
       585:    535950.000000           1         -320.4772   
       586:    535980.000000           1         -158.7985   
       587:    536010.000000           1         -320.4906   
       588:    536040.000000           1         -320.4946   
       589:    536070.000000           1         -320.4986   
       590:    536100.000000           1         -158.8177   
       591:    536130.000000           1         -158.8232   
       592:    536160.000000           1         -201.1312   
       593:    536190.000000           1         -158.8365   
       594:    536220.000000           1         -158.8420   
       595:    536250.000000           1         -158.8481   
       596:    536280.000000           1         -158.8490   
       597:    536310.000000           1         -158.8492   
       598:    536340.000000           1         -158.8532   
       599:    536370.000000           1         -158.8547   
       600:    536400.000000           1         -201.1498   
       601:    536430.000000           1         -158.8524   
       602:    536460.000000           1         -158.8531   
       603:    536490.000000           1         -158.8595   
       604:    536520.000000           1         -158.8597   
       605:    536550.000000           1         -158.8584   
       606:    536580.000000           1         -158.8571   
       607:    536610.000000           1         -158.8614   
       608:    536640.000000           1         -320.5505   
       609:    536670.000000           1         -158.8591   
       610:    536700.000000           1         -320.5494   
       611:    536730.000000           1         -320.5473   
       612:    536760.000000           1         -320.5452   
       613:    536790.000000           1         -320.5436   
       614:    536820.000000           1         -320.5495   
       615:    536850.000000           1         -320.5505   
       616:    536880.000000           1         -320.5482   
       617:    536910.000000           1         -158.8728   
       618:    536940.000000           1         -320.5558   
       619:    536970.000000           1         -320.5570   
       620:    537000.000000           1         -320.5588   
       621:    537030.000000           1         -320.5637   
       622:    537060.000000           1         -320.5701   
       623:    537090.000000           1         -320.5782   
       624:    537120.000000           1         -320.5762   
       625:    537150.000000           1         -158.8843   
       626:    537180.000000           1         -158.8861   
       627:    537210.000000           1         -320.5604   
       628:    537240.000000           1         -320.5601   
       629:    537270.000000           1         -158.8743   
       630:    537300.000000           1         -201.1753   
       631:    537330.000000           1         -158.8700   
       632:    537360.000000           1         -158.8719   
       633:    537390.000000           1         -158.8780   
       634:    537420.000000           1         -158.8845   
       635:    537450.000000           1         -158.8921   
       636:    537480.000000           1         -158.8902   
       637:    537510.000000           1         -158.8928   
       638:    537540.000000           1         -201.1961   
       639:    537570.000000           1         -201.2029   
       640:    537600.000000           1         -201.2052   
       641:    537630.000000           1         -201.2103   
       642:    537660.000000           1         -201.2170   
       643:    537690.000000           1         -201.2250   
       644:    537720.000000           1         -201.2296   
       645:    537750.000000           1         -208.9616   
       646:    537780.000000           1         -201.2497   
       647:    537810.000000           1         -208.9857   
       648:    537840.000000           1         -208.9963   
       649:    537870.000000           1         -201.2795   
       650:    537900.000000           1         -209.0097   
       651:    537930.000000           1         -201.2861   
       652:    537960.000000           1         -209.0176   
       653:    537990.000000           1         -201.2971   
       654:    538020.000000           1         -201.3069   
       655:    538050.000000           1         -201.3110   
       656:    538080.000000           1         -201.3124   
       657:    538110.000000           1         -201.3177   
       658:    538140.000000           1         -159.0295   
       659:    538170.000000           1         -201.3297   
       660:    538200.000000           1         -201.3320   
       661:    538230.000000           1         -201.3348   
       662:    538260.000000           1         -320.7480   
       663:    538290.000000           1         -159.0823   
       664:    538320.000000           1         -320.7815   
       665:    538350.000000           1         -320.7872   
       666:    538380.000000           1         -320.7967   
       667:    538410.000000           1         -320.8069   
       668:    538440.000000           1         -320.8165   
       669:    538470.000000           1         -320.8242   
       670:    538500.000000           1         -320.8295   
       671:    538530.000000           1         -320.8351   
       672:    538560.000000           1         -320.8430   
       673:    538590.000000           1         -320.8556   
       674:    538620.000000           1         -320.8698   
       675:    538650.000000           1         -159.1899   
       676:    538680.000000           1         -159.2003   
       677:    538710.000000           1         -159.2087   
       678:    538740.000000           1         -159.2158   
       679:    538770.000000           1         -159.2259   
       680:    538800.000000           1         -320.9371   
       681:    538830.000000           1         -320.9475   
       682:    538860.000000           1         -320.9539   
       683:    538890.000000           1         -159.2803   
       684:    538920.000000           1         -320.9876   
       685:    538950.000000           1         -159.3185   
       686:    538980.000000           1         -321.0242   
       687:    539010.000000           1         -159.3537   
       688:    539040.000000           1         -321.0597   
       689:    539070.000000           1         -201.6912   
       690:    539100.000000           1         -321.0948   
       691:    539130.000000           1         -321.1087   
       692:    539160.000000           1         -321.1175   
       693:    539190.000000           1         -321.1294   
       694:    539220.000000           1         -321.1353   
       695:    539250.000000           1         -321.1409   
       696:    539280.000000           1         -321.1448   
       697:    539310.000000           1         -321.1540   
       698:    539340.000000           1         -321.1567   
       699:    539370.000000           1         -201.7793   
       700:    539400.000000           1         -159.4857   
       701:    539430.000000           1         -159.4919   
       702:    539460.000000           1         -201.8057   
       703:    539490.000000           1         -201.8229   
       704:    539520.000000           1         -201.8290   
       705:    539550.000000           1         -159.5429   
       706:    539580.000000           1         -159.5466   
       707:    539610.000000           1         -159.5502   
       708:    539640.000000           1         -159.5548   
       709:    539670.000000           1         -159.5632   
       710:    539700.000000           1         -159.5728   
       711:    539730.000000           1         -201.8818   
       712:    539760.000000           1         -201.8889   
       713:    539790.000000           1         -201.8937   
       714:    539820.000000           1         -209.5880   
       715:    539850.000000           1         -210.9093   
       716:    539880.000000           1         -201.9280   
       717:    539910.000000           1         -210.9408   
       718:    539940.000000           1         -210.9433   
       719:    539970.000000           1         -210.9476   
       720:    540000.000000           1         -210.9563   
       721:    540030.000000           1         -210.9640   
       722:    540060.000000           1         -210.9723   
       723:    540090.000000           1         -209.6691   
       724:    540120.000000           1         -209.6768   
       725:    540150.000000           1         -211.0044   
       726:    540180.000000           1         -209.6968   
       727:    540210.000000           1         -211.0214   
       728:    540240.000000           1         -211.0297   
       729:    540270.000000           1         -211.0327   
       730:    540300.000000           1         -211.0370   
       731:    540330.000000           1         -211.0449   
       732:    540360.000000           1         -211.0540   
       733:    540390.000000           1         -211.0625   
       734:    540420.000000           1         -211.0700   
       735:    540450.000000           1         -211.0755   
       736:    540480.000000           1         -211.0783   
       737:    540510.000000           1         -211.0815   
       738:    540540.000000           1         -211.0847   
       739:    540570.000000           1         -211.0889   
       740:    540600.000000           1         -211.0942   
       741:    540630.000000           1         -211.1008   
       742:    540660.000000           1         -211.1116   
       743:    540690.000000           1         -211.1173   
       744:    540720.000000           1         -211.1220   
       745:    540750.000000           1         -211.1317   
       746:    540780.000000           1         -211.1383   
       747:    540810.000000           1         -211.1409   
       748:    540840.000000           1         -211.1433   
       749:    540870.000000           1         -211.1440   
       750:    540900.000000           1         -211.1513   
       751:    540930.000000           1         -211.1610   
       752:    540960.000000           1         -211.1661   
       753:    540990.000000           1         -209.8616   
       754:    541020.000000           1         -209.8709   
       755:    541050.000000           1         -202.2246   
       756:    541080.000000           1         -202.2345   
       757:    541110.000000           1         -159.9290   
       758:    541140.000000           1         -159.9354   
       759:    541170.000000           1         -202.2625   
       760:    541200.000000           1         -202.2679   
       761:    541230.000000           1         -202.2706   
       762:    541260.000000           1         -202.2802   
       763:    541290.000000           1         -202.2898   
       764:    541320.000000           1         -202.2956   
       765:    541350.000000           1         -202.3028   
       766:    541380.000000           1         -202.3133   
       767:    541410.000000           1         -202.3235   
       768:    541440.000000           1         -202.3352   
       769:    541470.000000           1         -202.3459   
       770:    541500.000000           1         -202.3582   
       771:    541530.000000           1         -202.3687   
       772:    541560.000000           1         -202.3780   
       773:    541590.000000           1         -202.3866   
       774:    541620.000000           1         -202.3974   
       775:    541650.000000           1         -202.4090   
       776:    541680.000000           1         -202.4158   
       777:    541710.000000           1         -202.4227   
       778:    541740.000000           1         -202.4379   
       779:    541770.000000           1         -202.4520   
       780:    541800.000000           1         -202.4637   
       781:    541830.000000           1         -202.4745   
       782:    541860.000000           1         -202.4873   
       783:    541890.000000           1         -202.5035   
       784:    541920.000000           1         -202.5171   
       785:    541950.000000           1         -202.5273   
       786:    541980.000000           1         -160.2320   
       787:    542010.000000           1         -160.2448   
       788:    542040.000000           1         -160.2581   
       789:    542070.000000           1         -160.2690   
       790:    542100.000000           1         -160.2851   
       791:    542130.000000           1         -160.2968   
       792:    542160.000000           1         -160.3091   
       793:    542190.000000           1         -160.3233   
       794:    542220.000000           1         -202.6652   
       795:    542250.000000           1         -202.6885   
       796:    542280.000000           1         -160.4046   
       797:    542310.000000           1         -202.7396   
       798:    542340.000000           1         -160.4411   
       799:    542370.000000           1         -160.4541   
       800:    542400.000000           1         -160.4689   
       801:    542430.000000           1         -160.4782   
       802:    542460.000000           1         -160.4885   
       803:    542490.000000           1         -160.5058   
       804:    542520.000000           1         -202.8428   
       805:    542550.000000           1         -210.5062   
       806:    542580.000000           1         -210.5246   
       807:    542610.000000           1         -210.5409   
       808:    542640.000000           1         -210.5546   
       809:    542670.000000           1         -210.5726   
       810:    542700.000000           1         -210.5865   
       811:    542730.000000           1         -210.6002   
       812:    542760.000000           1         -210.6117   
       813:    542790.000000           1         -210.6242   
       814:    542820.000000           1         -210.6338   
       815:    542850.000000           1         -211.9871   
       816:    542880.000000           1         -210.6785   
       817:    542910.000000           1         -210.6917   
       818:    542940.000000           1         -210.7050   
       819:    542970.000000           1         -212.0585   
       820:    543000.000000           1         -210.7431   
       821:    543030.000000           1         -212.0870   
       822:    543060.000000           1         -212.0999   
       823:    543090.000000           1         -221.3539   
       824:    543120.000000           1         -221.3704   
       825:    543150.000000           1         -221.3817   
       826:    543180.000000           1         -208.2279   
       827:    543210.000000           1         -221.4104   
       828:    543240.000000           1         -221.4197   
       829:    543270.000000           1         -221.4307   
       830:    543300.000000           1         -221.4545   
       831:    543330.000000           1         -221.4663   
       832:    543360.000000           1         -221.4808   
       833:    543390.000000           1         -221.4910   
       834:    543420.000000           1         -221.5037   
       835:    543450.000000           1         -221.5130   
       836:    543480.000000           1         -221.5229   
       837:    543510.000000           1         -221.5295   
       838:    543540.000000           1         -221.5337   
       839:    543570.000000           1         -221.5431   
       840:    543600.000000           1         -221.5532   
       841:    543630.000000           1         -221.5663   
       842:    543660.000000           1         -221.5773   
       843:    543690.000000           1         -208.4090   
       844:    543720.000000           1         -208.4203   
       845:    543750.000000           1         -221.6108   
       846:    543780.000000           1         -208.4396   
       847:    543810.000000           1         -221.6462   
       848:    543840.000000           1         -221.6557   
       849:    543870.000000           1         -221.6690   
       850:    543900.000000           1         -221.6799   
       851:    543930.000000           1         -221.6918   
       852:    543960.000000           1         -212.4607   
       853:    543990.000000           1         -211.1382   
       854:    544020.000000           1         -212.4997   
       855:    544050.000000           1         -211.1799   
       856:    544080.000000           1         -211.1890   
       857:    544110.000000           1         -211.2004   
       858:    544140.000000           1         -211.2128   
       859:    544170.000000           1         -211.2235   
       860:    544200.000000           1         -211.2377   
       861:    544230.000000           1         -212.5984   
       862:    544260.000000           1         -211.2744   
       863:    544290.000000           1         -203.6539   
       864:    544320.000000           1         -161.3559   
       865:    544350.000000           1         -161.3703   
       866:    544380.000000           1         -161.3846   
       867:    544410.000000           1         -161.3933   
       868:    544440.000000           1         -161.4022   
       869:    544470.000000           1         -161.4132   
       870:    544500.000000           1         -203.7567   
       871:    544530.000000           1         -203.7797   
       872:    544560.000000           1         -161.4837   
       873:    544590.000000           1         -161.4978   
       874:    544620.000000           1         -203.8480   
       875:    544650.000000           1         -161.5477   
       876:    544680.000000           1         -323.2322   
       877:    544710.000000           1         -203.9080   
       878:    544740.000000           1         -323.2823   
       879:    544770.000000           1         -323.2954   
       880:    544800.000000           1         -203.9721   
       881:    544830.000000           1         -211.6139   
       882:    544860.000000           1         -323.3570   
       883:    544890.000000           1         -323.3713   
       884:    544920.000000           1         -204.0386   
       885:    544950.000000           1         -204.0497   
       886:    544980.000000           1         -161.7424   
       887:    545010.000000           1         -161.7555   
       888:    545040.000000           1         -161.7654   
       889:    545070.000000           1         -161.7770   
       890:    545100.000000           1         -161.7884   
       891:    545130.000000           1         -161.8004   
       892:    545160.000000           1         -211.7717   
       893:    545190.000000           1         -211.7921   
       894:    545220.000000           1         -211.8067   
       895:    545250.000000           1         -204.1894   
       896:    545280.000000           1         -204.2000   
       897:    545310.000000           1         -211.8360   
       898:    545340.000000           1         -211.8495   
       899:    545370.000000           1         -211.8594   
       900:    545400.000000           1         -161.9367   
       901:    545430.000000           1         -204.2645   
       902:    545460.000000           1         -204.2765   
       903:    545490.000000           1         -204.2889   
       904:    545520.000000           1         -161.9764   
       905:    545550.000000           1         -161.9842   
       906:    545580.000000           1         -211.9454   
       907:    545610.000000           1         -204.3477   
       908:    545640.000000           1         -162.0392   
       909:    545670.000000           1         -204.3931   
       910:    545700.000000           1         -204.4239   
       911:    545730.000000           1         -162.1318   
       912:    545760.000000           1         -204.4774   
       913:    545790.000000           1         -204.5011   
       914:    545820.000000           1         -162.1986   
       915:    545850.000000           1         -204.5462   
       916:    545880.000000           1         -162.2442   
       917:    545910.000000           1         -204.5902   
       918:    545940.000000           1         -410.6759   
       919:    545970.000000           1         -162.3174   
       920:    546000.000000           1         -410.6918   
       921:    546030.000000           1         -410.6991   
       922:    546060.000000           1         -410.7079   
       923:    546090.000000           1         -324.0675   
       924:    546120.000000           1         -162.4273   
       925:    546150.000000           1         -324.1281   
       926:    546180.000000           1         -410.7576   
       927:    546210.000000           1         -324.1844   
       928:    546240.000000           1         -324.1983   
       929:    546270.000000           1         -324.2178   
       930:    546300.000000           1         -324.2306   
       931:    546330.000000           1         -410.8588   
       932:    546360.000000           1         -410.8495   
       933:    546390.000000           1         -162.6459   
       934:    546420.000000           1         -410.8805   
       935:    546450.000000           1         -410.8983   
       936:    546480.000000           1         -410.9131   
       937:    546510.000000           1         -205.0474   
       938:    546540.000000           1         -162.7494   
       939:    546570.000000           1         -411.0015   
       940:    546600.000000           1         -411.0205   
       941:    546630.000000           1         -411.0449   
       942:    546660.000000           1         -205.1571   
       943:    546690.000000           1         -162.8657   
       944:    546720.000000           1         -162.8808   
       945:    546750.000000           1         -162.8914   
       946:    546780.000000           1         -205.2414   
       947:    546810.000000           1         -162.9502   
       948:    546840.000000           1         -162.9620   
       949:    546870.000000           1         -162.9762   
       950:    546900.000000           1         -205.3284   
       951:    546930.000000           1         -205.3427   
       952:    546960.000000           1         -205.3550   
       953:    546990.000000           1         -205.3662   
       954:    547020.000000           1         -163.0551   
       955:    547050.000000           1         -163.0678   
       956:    547080.000000           1         -163.0834   
       957:    547110.000000           1         -163.0944   
       958:    547140.000000           1         -163.1089   
       959:    547170.000000           1         -163.1225   
       960:    547200.000000           1         -163.1328   
       961:    547230.000000           1         -163.1469   
       962:    547260.000000           1         -163.1605   
       963:    547290.000000           1         -163.1737   
       964:    547320.000000           1         -163.1862   
       965:    547350.000000           1         -205.5342   
       966:    547380.000000           1         -163.2408   
       967:    547410.000000           1         -205.5895   
       968:    547440.000000           1         -411.5846   
       969:    547470.000000           1         -324.9805   
       970:    547500.000000           1         -325.0089   
       971:    547530.000000           1         -325.0314   
       972:    547560.000000           1         -205.7127   
       973:    547590.000000           1         -325.0818   
       974:    547620.000000           1         -325.1095   
       975:    547650.000000           1         -325.1353   
       976:    547680.000000           1         -266.6175   
       977:    547710.000000           1         -325.1857   
       978:    547740.000000           1         -266.5415   
       979:    547770.000000           1         -266.6191   
       980:    547800.000000           1         -266.6035   
       981:    547830.000000           1         -325.2851   
       982:    547860.000000           1         -266.6120   
       983:    547890.000000           1         -325.3369   
       984:    547920.000000           1         -325.3566   
       985:    547950.000000           1         -325.3667   
       986:    547980.000000           1         -325.3759   
       987:    548010.000000           1         -325.3848   
       988:    548040.000000           1         -163.7474   
       989:    548070.000000           1         -325.4381   
       990:    548100.000000           1         -325.4508   
       991:    548130.000000           1         -325.4620   
       992:    548160.000000           1         -325.4767   
       993:    548190.000000           1         -325.4911   
       994:    548220.000000           1         -325.5018   
       995:    548250.000000           1         -163.8565   
       996:    548280.000000           1         -325.5405   
       997:    548310.000000           1         -325.5528   
       998:    548340.000000           1         -325.5631   
       999:    548370.000000           1         -325.5747   
      1000:    548400.000000           1         -325.5889   
      1001:    548430.000000           1         -325.6002   
      1002:    548460.000000           1         -325.6119   
      1003:    548490.000000           1         -325.6261   
      1004:    548520.000000           1         -412.4370   
      1005:    548550.000000           1         -325.6711   
      1006:    548580.000000           1         -325.6875   
      1007:    548610.000000           1         -325.6980   
      1008:    548640.000000           1         -412.4965   
      1009:    548670.000000           1         -197.5933   
      1010:    548700.000000           1         -197.6148   
      1011:    548730.000000           1         -412.5799   
      1012:    548760.000000           1         -412.5985   
      1013:    548790.000000           1         -412.6387   
      1014:    548820.000000           1         -198.0543   
      1015:    548850.000000           1         -197.9687   
      1016:    548880.000000           1         -164.1852   
      1017:    548910.000000           1         -197.9512   
      1018:    548940.000000           1         -197.8739   
      1019:    548970.000000           1         -164.2281   
      1020:    549000.000000           1         -412.7459   
      1021:    549030.000000           1         -412.7548   
      1022:    549060.000000           1         -197.7576   
      1023:    549090.000000           1         -412.8127   
      1024:    549120.000000           1         -197.7699   
      1025:    549150.000000           1         -412.8728   
      1026:    549180.000000           1         -197.8751   
      1027:    549210.000000           1         -412.9489   
      1028:    549240.000000           1         -198.0279   
      1029:    549270.000000           1         -413.0125   
      1030:    549300.000000           1         -413.0291   
      1031:    549330.000000           1         -413.0456   
      1032:    549360.000000           1         -413.0620   
      1033:    549390.000000           1         -413.0776   
      1034:    549420.000000           1         -326.1265   
      1035:    549450.000000           1         -326.1388   
      1036:    549480.000000           1         -413.1307   
      1037:    549510.000000           1         -413.1472   
      1038:    549540.000000           1         -413.1826   
      1039:    549570.000000           1         -413.2119   
      1040:    549600.000000           1         -198.6906   
      1041:    549630.000000           1         -326.2269   
      1042:    549660.000000           1         -326.2336   
      1043:    549690.000000           1         -326.2449   
      1044:    549720.000000           1         -413.2810   
      1045:    549750.000000           1         -413.2875   
      1046:    549780.000000           1         -413.2899   
      1047:    549810.000000           1         -413.2934   
      1048:    549840.000000           1         -413.2968   
      1049:    549870.000000           1         -413.3021   
      1050:    549900.000000           1         -413.3111   
      1051:    549930.000000           1         -413.3162   
      1052:    549960.000000           1         -198.1699   
      1053:    549990.000000           1         -413.3638   
      1054:    550020.000000           1         -413.3733   
      1055:    550050.000000           1         -413.3838   
      1056:    550080.000000           1         -413.3953   
      1057:    550110.000000           1         -413.4068   
      1058:    550140.000000           1         -198.3973   
      1059:    550170.000000           1         -413.4533   
      1060:    550200.000000           1         -413.4672   
      1061:    550230.000000           1         -413.4802   
      1062:    550260.000000           1         -413.4913   
      1063:    550290.000000           1         -413.5033   
      1064:    550320.000000           1         -413.5140   
      1065:    550350.000000           1         -413.5274   
      1066:    550380.000000           1         -413.5405   
      1067:    550410.000000           1         -413.5511   
      1068:    550440.000000           1         -198.7852   
      1069:    550470.000000           1         -413.5824   
      1070:    550500.000000           1         -164.8574   
      1071:    550530.000000           1         -198.8725   
      1072:    550560.000000           1         -198.8826   
      1073:    550590.000000           1         -164.8786   
      1074:    550620.000000           1         -164.8952   
      1075:    550650.000000           1         -164.8987   
      1076:    550680.000000           1         -164.9040   
      1077:    550710.000000           1         -164.9090   
      1078:    550740.000000           1         -207.2361   
      1079:    550770.000000           1         -207.2443   
      1080:    550800.000000           1         -207.2528   
      1081:    550830.000000           1         -207.2600   
      1082:    550860.000000           1         -207.2628   
      1083:    550890.000000           1         -207.2644   
      1084:    550920.000000           1         -207.2689   
      1085:    550950.000000           1         -164.9606   
      1086:    550980.000000           1         -164.9660   
      1087:    551010.000000           1         -164.9684   
      1088:    551040.000000           1         -164.9742   
      1089:    551070.000000           1         -164.9784   
      1090:    551100.000000           1         -164.9832   
      1091:    551130.000000           1         -164.9895   
      1092:    551160.000000           1         -164.9945   
      1093:    551190.000000           1         -164.9998   
      1094:    551220.000000           1         -165.0055   
      1095:    551250.000000           1         -165.0122   
      1096:    551280.000000           1         -198.9676   
      1097:    551310.000000           1         -165.0285   
      1098:    551340.000000           1         -199.0099   
      1099:    551370.000000           1         -165.0444   
      1100:    551400.000000           1         -413.7892   
      1101:    551430.000000           1         -165.0617   
      1102:    551460.000000           1         -413.8073   
      1103:    551490.000000           1         -199.0027   
      1104:    551520.000000           1         -413.8169   
      1105:    551550.000000           1         -198.9273   
      1106:    551580.000000           1         -413.8271   
      1107:    551610.000000           1         -198.8526   
      1108:    551640.000000           1         -413.8281   
      1109:    551670.000000           1         -198.7781   
      1110:    551700.000000           1         -413.8224   
      1111:    551730.000000           1         -165.1336   
      1112:    551760.000000           1         -413.8279   
      1113:    551790.000000           1         -413.8318   
      1114:    551820.000000           1         -413.8407   
      1115:    551850.000000           1         -198.3722   
      1116:    551880.000000           1         -413.8464   
      1117:    551910.000000           1         -198.7023   
      1118:    551940.000000           1         -413.8521   
      1119:    551970.000000           1         -326.8218   
      1120:    552000.000000           1         -326.8261   
      1121:    552030.000000           1         -413.8726   
      1122:    552060.000000           1         -413.8775   
      1123:    552090.000000           1         -413.8793   
      1124:    552120.000000           1         -413.8857   
      1125:    552150.000000           1         -413.8904   
      1126:    552180.000000           1         -198.7919   
      1127:    552210.000000           1         -413.8925   
      1128:    552240.000000           1         -413.8925   
      1129:    552270.000000           1         -413.8940   
      1130:    552300.000000           1         -413.8941   
      1131:    552330.000000           1         -413.8925   
      1132:    552360.000000           1         -413.8920   
      1133:    552390.000000           1         -413.8934   
      1134:    552420.000000           1         -165.2425   
      1135:    552450.000000           1         -165.2434   
      1136:    552480.000000           1         -165.2459   
      1137:    552510.000000           1         -165.2505   
      1138:    552540.000000           1         -165.2531   
      1139:    552570.000000           1         -165.2563   
      1140:    552600.000000           1         -207.5471   
      1141:    552630.000000           1         -207.5480   
      1142:    552660.000000           1         -207.5493   
      1143:    552690.000000           1         -215.1597   
      1144:    552720.000000           1         -207.5576   
      1145:    552750.000000           1         -215.1635   
      1146:    552780.000000           1         -207.5577   
      1147:    552810.000000           1         -207.5573   
      1148:    552840.000000           1         -207.5571   
      1149:    552870.000000           1         -215.1564   
      1150:    552900.000000           1         -207.5507   
      1151:    552930.000000           1         -215.1512   
      1152:    552960.000000           1         -207.5404   
      1153:    552990.000000           1         -207.5405   
      1154:    553020.000000           1         -207.5417   
      1155:    553050.000000           1         -166.6217   
      1156:    553080.000000           1         -166.6209   
      1157:    553110.000000           1         -166.6188   
      1158:    553140.000000           1         -166.6136   
      1159:    553170.000000           1         -166.6230   
      1160:    553200.000000           1         -166.6233   
      1161:    553230.000000           1         -207.5529   
      1162:    553260.000000           1         -166.8020   
      1163:    553290.000000           1         -166.7164   
      1164:    553320.000000           1         -166.6977   
      1165:    553350.000000           1         -166.6842   
      1166:    553380.000000           1         -198.4210   
      1167:    553410.000000           1         -198.4241   
      1168:    553440.000000           1         -198.4258   
      1169:    553470.000000           1         -198.4202   
      1170:    553500.000000           1         -198.4130   
      1171:    553530.000000           1         -198.4039   
      1172:    553560.000000           1         -198.3978   
      1173:    553590.000000           1         -198.3916   
      1174:    553620.000000           1         -198.3868   
      1175:    553650.000000           1         -198.3798   
      1176:    553680.000000           1         -198.3774   
      1177:    553710.000000           1         -166.6978   
      1178:    553740.000000           1         -166.7007   
      1179:    553770.000000           1         -166.7041   
      1180:    553800.000000           1         -166.7075   
      1181:    553830.000000           1         -166.7210   
      1182:    553860.000000           1         -207.5099   
      1183:    553890.000000           1         -215.1073   
      1184:    553920.000000           1         -167.1424   
      1185:    553950.000000           1         -167.0830   
      1186:    553980.000000           1         -207.4907   
      1187:    554010.000000           1         -198.3677   
      1188:    554040.000000           1         -198.3693   
      1189:    554070.000000           1         -198.3653   
      1190:    554100.000000           1         -198.3588   
      1191:    554130.000000           1         -198.3511   
      1192:    554160.000000           1         -198.3404   
      1193:    554190.000000           1         -207.4618   
      1194:    554220.000000           1         -167.0376   
      1195:    554250.000000           1         -198.2663   
      1196:    554280.000000           1         -167.0769   
      1197:    554310.000000           1         -167.0557   
      1198:    554340.000000           1         -167.0198   
      1199:    554370.000000           1         -167.0012   
      1200:    554400.000000           1         -198.1996   
      1201:    554430.000000           1         -198.1754   
      1202:    554460.000000           1         -198.1528   
      1203:    554490.000000           1         -207.3915   
      1204:    554520.000000           1         -166.5052   
      1706:    569580.000000           1          101.4678   
      1707:    569610.000000           1         -265.3464   
      1708:    569640.000000           1         -265.3388   
      1709:    569670.000000           1         -265.3306   
      1710:    569700.000000           1         -265.3219   
      1711:    569730.000000           1         -181.2347   
      1712:    569760.000000           1         -181.2028   
      1713:    569790.000000           1         -322.8694   
      1714:    569820.000000           1         -322.8546   
      1715:    569850.000000           1         -322.8417   
      1716:    569880.000000           1         -322.8297   
      1717:    569910.000000           1         -322.8176   
      1718:    569940.000000           1         -181.0954   
      1719:    569970.000000           1         -181.0860   
      1720:    570000.000000           1         -181.0736   
      1721:    570030.000000           1         -181.0616   
      1722:    570060.000000           1         -181.0517   
      1723:    570090.000000           1         -181.0381   
      1724:    570120.000000           1         -181.0265   
      1725:    570150.000000           1         -181.0145   
      1726:    570180.000000           1         -181.0046   
      1727:    570210.000000           1         -180.9942   
      1728:    570240.000000           1         -180.9841   
      1729:    570270.000000           1         -180.9735   
      1730:    570300.000000           1         -180.9611   
      1731:    570330.000000           1         -194.6419   
      1732:    570360.000000           1         -194.6213   
      1733:    570390.000000           1         -194.6114   
      1734:    570420.000000           1         -180.8758   
      1735:    570450.000000           1         -180.8647   
      1736:    570480.000000           1         -180.8540   
      1737:    570510.000000           1         -194.5450   
      1738:    570540.000000           1         -180.8048   
      1739:    570570.000000           1         -180.7952   
      1740:    570600.000000           1         -194.4955   
      1741:    570630.000000           1         -180.7496   
      1742:    570660.000000           1         -180.7377   
      1743:    570690.000000           1         -180.7253   
      1744:    570720.000000           1         -322.4532   
      1745:    570750.000000           1         -194.4171   
      1746:    570780.000000           1         -180.6570   
      1747:    570810.000000           1         -180.6444   
      1748:    570840.000000           1         -180.6331   
      1749:    570870.000000           1         -180.6225   
      1750:    570900.000000           1         -180.6107   
      1751:    570930.000000           1         -180.6004   
      1752:    570960.000000           1         -180.5893   
      1753:    570990.000000           1         -322.3238   
      1754:    571020.000000           1         -180.5671   
      1755:    571050.000000           1         -180.5569   
      1756:    571080.000000           1         -180.5456   
      1757:    571110.000000           1         -180.5365   
      1758:    571140.000000           1         -322.2705   
      1759:    571170.000000           1         -322.2600   
      1760:    571200.000000           1         -322.2494   
      1761:    571230.000000           1         -194.2173   
      1762:    571260.000000           1         -180.4543   
      1763:    571290.000000           1         -322.1824   
      1764:    571320.000000           1         -322.1709   
      1765:    571350.000000           1         -322.1610   
      1766:    571380.000000           1         -322.1517   
      1767:    571410.000000           1         -180.3880   
      1768:    571440.000000           1         -264.4830   
      1769:    571470.000000           1         -180.3437   
      1770:    571500.000000           1         -322.0680   
      1771:    571530.000000           1         -180.3008   
      1772:    571560.000000           1         -180.2904   
      1773:    571590.000000           1         -194.0060   
      1774:    571620.000000           1         -180.2463   
      1775:    571650.000000           1         -180.2334   
      1776:    571680.000000           1         -180.2219   
      1777:    571710.000000           1         -193.9472   
      1778:    571740.000000           1         -193.9355   
      1779:    571770.000000           1         -193.9239   
      1780:    571800.000000           1         -203.7454   
      1781:    571830.000000           1         -203.7351   
      1782:    571860.000000           1         -203.7250   
      1783:    571890.000000           1         -203.7137   
      1784:    571920.000000           1         -203.7023   
      1785:    571950.000000           1         -203.6914   
      1786:    571980.000000           1         -203.6789   
      1787:    572010.000000           1         -203.6682   
      1788:    572040.000000           1         -203.6569   
      1789:    572070.000000           1         -203.6441   
      1790:    572100.000000           1         -211.1849   
      1791:    572130.000000           1         -203.6014   
      1792:    572160.000000           1         -203.5894   
      1793:    572190.000000           1         -203.5783   
      1794:    572220.000000           1         -203.5672   
      1795:    572250.000000           1         -203.5545   
      1796:    572280.000000           1         -203.5428   
      1797:    572310.000000           1         -193.7016   
      1798:    572340.000000           1         -193.6899   
      1799:    572370.000000           1         -193.6799   
      1800:    572400.000000           1         -193.6685   
      1801:    572430.000000           1         -193.6578   
      1802:    572460.000000           1         -193.6461   
      1803:    572490.000000           1         -193.6363   
      1804:    572520.000000           1         -193.6243   
      1805:    572550.000000           1         -193.6118   
      1806:    572580.000000           1         -193.5996   
      1807:    572610.000000           1         -193.5878   
      1808:    572640.000000           1         -193.5769   
      1809:    572670.000000           1         -193.5653   
      1810:    572700.000000           1         -179.7864   
      1811:    572730.000000           1         -179.7752   
      1812:    572760.000000           1         -193.5156   
      1813:    572790.000000           1         -193.4983   
      1814:    572820.000000           1         -193.4885   
      1815:    572850.000000           1         -179.7048   
      1816:    572880.000000           1         -179.6927   
      1817:    572910.000000           1         -179.6817   
      1818:    572940.000000           1         -179.6711   
      1819:    572970.000000           1         -179.6606   
      1820:    573000.000000           1         -179.6494   
      1821:    573030.000000           1         -179.6289   
      1822:    573060.000000           1         -203.2015   
      1823:    573090.000000           1         -193.3512   
      1824:    573120.000000           1         -193.3403   
      1825:    573150.000000           1         -203.1476   
      1826:    573180.000000           1         -193.2968   
      1827:    573210.000000           1         -193.2862   
      1828:    573240.000000           1         -193.2750   
      1829:    573270.000000           1         -203.0831   
      1830:    573300.000000           1         -193.2329   
      1831:    573330.000000           1         -203.0413   
      1832:    573360.000000           1         -193.1897   
      1833:    573390.000000           1         -202.9996   
      1834:    573420.000000           1         -179.3758   
      1835:    573450.000000           1         -179.3659   
      1836:    573480.000000           1         -179.3560   
      1837:    573510.000000           1         -193.1080   
      1838:    573540.000000           1         -193.0884   
      1839:    573570.000000           1         -193.0782   
      1840:    573600.000000           1         -202.8914   
      1841:    573630.000000           1         -193.0358   
      1842:    573660.000000           1         -193.0252   
      1843:    573690.000000           1         -193.0149   
      1844:    573720.000000           1         -202.8266   
      1845:    573750.000000           1         -192.9755   
      1846:    573780.000000           1         -192.9646   
      1847:    573810.000000           1         -192.9532   
      1848:    573840.000000           1         -192.9434   
      1849:    573870.000000           1         -179.1495   
      1850:    573900.000000           1         -179.1398   
      1851:    573930.000000           1         -179.1296   
      1852:    573960.000000           1         -179.1185   
      1853:    573990.000000           1         -179.1091   
      1854:    574020.000000           1         -179.0872   
      1855:    574050.000000           1         -179.0779   
      1856:    574080.000000           1         -192.8368   
      1857:    574110.000000           1         -179.0352   
      1858:    574140.000000           1         -192.7968   
      1859:    574170.000000           1         -192.7879   
      1860:    574200.000000           1         -192.7774   
      1861:    574230.000000           1         -192.7673   
      1862:    574260.000000           1         -178.9630   
      1863:    574290.000000           1         -192.7188   
      1864:    574320.000000           1         -192.6928   
      1865:    574350.000000           1         -178.8915   
      1866:    574380.000000           1         -178.8807   
      1867:    574410.000000           1         -178.8709   
      1868:    574440.000000           1         -178.8611   
      1869:    574470.000000           1         -178.8507   
      1870:    574500.000000           1         -178.8389   
      1871:    574530.000000           1         -178.8284   
      1872:    574560.000000           1         -178.8164   
      1873:    574590.000000           1         -178.8055   
      1874:    574620.000000           1         -192.5671   
      1875:    574650.000000           1         -178.7638   
      1876:    574680.000000           1         -178.7549   
      1877:    574710.000000           1         -192.5182   
      1878:    574740.000000           1         -178.7185   
      1879:    574770.000000           1         -320.5116   
      1880:    574800.000000           1         -320.5006   
      1881:    574830.000000           1         -320.4920   
      1882:    574860.000000           1         -320.4742   
      1883:    574890.000000           1         -320.4533   
      1884:    574920.000000           1         -320.4442   
      1885:    574950.000000           1         -320.4237   
      1886:    574980.000000           1         -320.4010   
      1887:    575010.000000           1         -320.3813   
      1888:    575040.000000           1         -262.7087   
      1889:    575070.000000           1         -262.6874   
      1890:    575100.000000           1         -262.6661   
      1891:    575130.000000           1         -262.6567   
      1892:    575160.000000           1         -320.2859   
      1893:    575190.000000           1         -262.6165   
      1894:    575220.000000           1         -262.6088   
      1895:    575250.000000           1         -262.5887   
      1896:    575280.000000           1         -262.5694   
      1897:    575310.000000           1         -262.5481   
      1898:    575340.000000           1         -262.5311   
      1899:    575370.000000           1         -262.5136   
      1900:    575400.000000           1         -320.1511   
      1901:    575430.000000           1         -262.4819   
      1902:    575460.000000           1         -320.1157   
      1903:    575490.000000           1         -262.4438   
      1904:    575520.000000           1         -320.0759   
      1905:    575550.000000           1         -262.4030   
      1906:    575580.000000           1         -320.0334   
      1907:    575610.000000           1          104.8033   
      1908:    575640.000000           1         -262.3401   
      1909:    575670.000000           1         -319.9709   
      1910:    575700.000000           1         -262.2987   
      1911:    575730.000000           1         -262.2755   
      1912:    575760.000000           1         -262.2551   
      1913:    575790.000000           1         -262.2334   
      1914:    575820.000000           1         -319.8639   
      1915:    575850.000000           1         -262.1884   
      1916:    575880.000000           1         -262.1781   
      1917:    575910.000000           1         -319.8135   
      1918:    575940.000000           1         -319.7919   
      1919:    575970.000000           1         -319.7728   
      1920:    576000.000000           1         -177.9271   
      1921:    576030.000000           1         -319.7367   
      1922:    576060.000000           1         -319.7268   
      1923:    576090.000000           1         -177.8808   
      1924:    576120.000000           1         -319.6901   
      1925:    576150.000000           1         -319.6693   
      1926:    576180.000000           1         -319.6496   
      1927:    576210.000000           1         -319.6387   
      1928:    576240.000000           1         -319.6298   
      1929:    576270.000000           1         -319.6203   
      1930:    576300.000000           1         -319.6099   
      1931:    576330.000000           1         -177.7558   
      1932:    576360.000000           1         -319.5668   
      1933:    576390.000000           1         -319.5566   
      1934:    576420.000000           1         -319.5481   
      1935:    576450.000000           1         -319.5396   
      1936:    576480.000000           1         -319.5305   
      1937:    576510.000000           1         -261.8549   
      1938:    576540.000000           1         -261.8346   
      1939:    576570.000000           1         -261.8137   
      1940:    576600.000000           1         -261.7949   
      1941:    576630.000000           1         -261.7839   
      1942:    576660.000000           1         -177.5885   
      1943:    576690.000000           1         -261.7429   
      1944:    576720.000000           1         -261.7331   
      1945:    576750.000000           1         -319.3761   
      1946:    576780.000000           1         -319.3543   
      1947:    576810.000000           1         -261.6706   
      1948:    576840.000000           1         -261.6610   
      1949:    576870.000000           1         -261.6512   
      1950:    576900.000000           1         -261.6411   
      1951:    576930.000000           1         -261.6308   
      1952:    576960.000000           1         -319.2743   
      1953:    576990.000000           1         -261.5916   
      1954:    577020.000000           1         -261.5822   
      1955:    577050.000000           1         -261.5714   
      1956:    577080.000000           1         -319.2253   
      1957:    577110.000000           1         -319.2152   
      1958:    577140.000000           1         -319.2041   
      1959:    577170.000000           1         -319.1945   
      1960:    577200.000000           1         -319.1843   
      1961:    577230.000000           1         -319.1743   
      1962:    577260.000000           1         -177.3144   
      1963:    577290.000000           1         -319.1340   
      1964:    577320.000000           1         -319.1250   
      1965:    577350.000000           1         -319.1147   
      1966:    577380.000000           1         -319.1049   
      1967:    577410.000000           1         -319.0949   
      1968:    577440.000000           1         -177.2300   
      1969:    577470.000000           1         -319.0530   
      1970:    577500.000000           1         -319.0438   
      1971:    577530.000000           1         -319.0346   
      1972:    577560.000000           1         -190.9662   
      1973:    577590.000000           1         -177.1526   
      1974:    577620.000000           1         -318.9784   
      1975:    577650.000000           1         -318.9692   
      1976:    577680.000000           1         -318.9597   
      1977:    577710.000000           1         -318.9499   
      1978:    577740.000000           1         -318.9410   
      1979:    577770.000000           1         -177.0752   
      1980:    577800.000000           1         -177.0666   
      1981:    577830.000000           1         -177.0571   
      1982:    577860.000000           1         -177.0481   
      1983:    577890.000000           1         -177.0398   
      1984:    577920.000000           1         -177.0308   
      1985:    577950.000000           1         -177.0216   
      1986:    577980.000000           1         -177.0120   
      1987:    578010.000000           1         -177.0024   
      1988:    578040.000000           1         -176.9917   
      1989:    578070.000000           1         -176.9808   
      1990:    578100.000000           1         -176.9713   
      1991:    578130.000000           1         -190.7438   
      1992:    578160.000000           1         -176.9322   
      1993:    578190.000000           1         -176.9210   
      1994:    578220.000000           1         -176.9087   
      1995:    578250.000000           1         -176.8986   
      1996:    578280.000000           1         -176.8787   
      1997:    578310.000000           1         -190.6492   
      1998:    578340.000000           1         -176.8369   
      1999:    578370.000000           1         -190.6073   
      2000:    578400.000000           1         -176.7984   
      2001:    578430.000000           1         -176.7877   
      2002:    578460.000000           1         -176.7777   
      2003:    578490.000000           1         -176.7683   
      2004:    578520.000000           1         -176.7586   
      2005:    578550.000000           1         -176.7486   
      2006:    578580.000000           1         -176.7394   
      2007:    578610.000000           1         -176.7304   
      2008:    578640.000000           1         -318.5667   
      2009:    578670.000000           1         -318.5581   
      2010:    578700.000000           1         -318.5479   
      2011:    578730.000000           1         -318.5381   
      2012:    578760.000000           1         -318.5289   
      2013:    578790.000000           1         -318.5208   
      2014:    578820.000000           1         -318.5113   
      2015:    578850.000000           1         -318.5017   
      2016:    578880.000000           1         -190.4220   
      2017:    578910.000000           1         -190.4114   
      2018:    578940.000000           1         -190.4011   
      2019:    578970.000000           1         -190.3905   
      2020:    579000.000000           1         -190.3806   
      2021:    579030.000000           1         -190.3714   
      2022:    579060.000000           1         -200.1983   
      2023:    579090.000000           1         -190.3259   
      2024:    579120.000000           1         -200.1642   
      2025:    579150.000000           1         -221.1093   
      2026:    579180.000000           1         -207.6573   
      2027:    579210.000000           1         -207.6464   
      2028:    579240.000000           1         -221.0345   
      2029:    579270.000000           1         -207.6006   
      2030:    579300.000000           1         -207.5898   
      2031:    579330.000000           1         -190.1849   
      2032:    579360.000000           1         -207.5527   
      2033:    579390.000000           1         -199.9963   
      2034:    579420.000000           1         -207.5127   
      2035:    579450.000000           1         -190.1053   
      2036:    579480.000000           1         -190.0966   
      2037:    579510.000000           1         -199.9313   
      2038:    579540.000000           1         -190.0627   
      2039:    579570.000000           1         -190.0535   
      2040:    579600.000000           1         -199.8877   
      2041:    579630.000000           1         -199.8800   
      2042:    579660.000000           1         -207.3973   
      2043:    579690.000000           1         -207.3882   
      2044:    579720.000000           1         -207.3800   
      2045:    579750.000000           1         -207.3708   
      2046:    579780.000000           1         -207.3618   
      2047:    579810.000000           1         -207.3524   
      2048:    579840.000000           1         -207.3442   
      2049:    579870.000000           1         -207.3339   
      2050:    579900.000000           1         -207.3251   
      2051:    579930.000000           1         -199.7724   
      2052:    579960.000000           1         -199.7636   
      2053:    579990.000000           1         -189.8904   
      2054:    580020.000000           1         -199.7272   
      2055:    580050.000000           1         -189.8517   
      2056:    580080.000000           1         -189.8427   
      2057:    580110.000000           1         -176.0480   
      2058:    580140.000000           1         -317.8814   
      2059:    580170.000000           1         -317.8658   
      2060:    580200.000000           1         -260.1821   
      2061:    580230.000000           1         -317.8462   
      2062:    580260.000000           1         -260.1513   
      2063:    580290.000000           1         -317.8182   
      2064:    580320.000000           1         -260.1247   
      2065:    580350.000000           1         -317.7833   
      2066:    580380.000000           1         -260.0877   
      2067:    580410.000000           1         -260.0697   
      2068:    580440.000000           1         -260.0486   
      2069:    580470.000000           1         -260.0399   
      2070:    580500.000000           1         -317.7097   
      2071:    580530.000000           1         -175.8470   
      2072:    580560.000000           1         -317.6749   
      2073:    580590.000000           1         -175.8154   
      2074:    580620.000000           1         -317.6398   
      2075:    580650.000000           1         -317.6304   
      2076:    580680.000000           1         -259.9411   
      2077:    580710.000000           1         -259.9330   
      2078:    580740.000000           1           96.6097   
      2079:    580770.000000           1           96.6309   
      2080:    580800.000000           1         -317.5890   
      2081:    580830.000000           1         -317.5802   
      2082:    580860.000000           1         -175.7203   
      2083:    580890.000000           1         -317.5454   
      2084:    580920.000000           1         -317.5364   
      2085:    580950.000000           1         -317.5276   
      2086:    580980.000000           1         -189.4432   
      2087:    581010.000000           1         -175.6496   
      2088:    581040.000000           1         -175.6424   
      2089:    581070.000000           1         -175.6348   
      2090:    581100.000000           1         -189.3899   
      2091:    581130.000000           1         -175.5981   
      2092:    581160.000000           1         -175.5894   
      2093:    581190.000000           1         -175.5813   
      2094:    581220.000000           1         -175.5717   
      2095:    581250.000000           1         -189.3255   
      2096:    581280.000000           1         -175.5383   
      2097:    581310.000000           1         -175.5304   
      2098:    581340.000000           1         -175.5219   
      2099:    581370.000000           1         -175.5140   
      2100:    581400.000000           1         -175.5056   
      2101:    581430.000000           1         -175.4958   
      2102:    581460.000000           1         -175.4864   
      2103:    581490.000000           1         -317.3097   
      2104:    581520.000000           1         -317.3013   
      2105:    581550.000000           1         -317.2929   
      2106:    581580.000000           1         -317.2832   
      2107:    581610.000000           1         -317.2746   
      2108:    581640.000000           1         -317.2646   
      2109:    581670.000000           1         -317.2560   
      2110:    581700.000000           1         -317.2466   
      2111:    581730.000000           1         -175.3843   
      2112:    581760.000000           1         -317.2094   
      2113:    581790.000000           1         -317.1914   
      2114:    581820.000000           1         -317.1827   
      2115:    581850.000000           1         -317.1738   
      2116:    581880.000000           1         -317.1660   
      2117:    581910.000000           1         -259.4641   
      2118:    581940.000000           1         -175.2896   
      2119:    581970.000000           1         -259.4299   
      2120:    582000.000000           1         -175.2560   
      2121:    582030.000000           1         -259.3964   
      2122:    582060.000000           1         -259.3884   
      2123:    582090.000000           1         -317.0643   
      2124:    582120.000000           1         -317.0569   
      2125:    582150.000000           1         -317.0482   
      2126:    582180.000000           1         -317.0398   
      2127:    582210.000000           1         -175.1789   
      2128:    582240.000000           1         -175.1628   
      2129:    582270.000000           1         -175.1449   
      2130:    582300.000000           1         -316.9704   
      2131:    582330.000000           1         -175.1090   
      2132:    582360.000000           1         -175.0905   
      2133:    582390.000000           1         -175.0808   
      2134:    582420.000000           1         -175.0726   
      2135:    582450.000000           1         -175.0620   
      2136:    582480.000000           1         -175.0530   
      2137:    582510.000000           1         -175.0431   
      2138:    582540.000000           1         -175.0340   
      2139:    582570.000000           1         -175.0246   
      2140:    582600.000000           1         -175.0165   
      2141:    582630.000000           1         -175.0070   
      2142:    582660.000000           1         -174.9982   
      2143:    582690.000000           1         -174.9890   
      2144:    582720.000000           1         -174.9796   
      2145:    582750.000000           1         -174.9720   
      2146:    582780.000000           1         -188.7131   
      2147:    582810.000000           1         -174.9342   
      2148:    582840.000000           1         -174.9248   
      2149:    582870.000000           1         -174.9146   
      2150:    582900.000000           1         -174.9054   
      2151:    582930.000000           1         -174.8948   
      2152:    582960.000000           1         -316.7299   
      2153:    582990.000000           1         -174.8744   
      2154:    583020.000000           1         -174.8645   
      2155:    583050.000000           1         -174.8539   
      2156:    583080.000000           1         -174.8428   
      2157:    583110.000000           1         -174.8340   
      2158:    583140.000000           1         -188.5695   
      2159:    583170.000000           1         -174.9492   
      2160:    583200.000000           1         -175.0431   
      2161:    583230.000000           1         -175.1173   
      2162:    583260.000000           1         -198.6708   
      2163:    583290.000000           1         -188.4846   
      2164:    583320.000000           1         -188.4733   
      2165:    583350.000000           1         -175.1937   
      2166:    583380.000000           1         -175.1851   
      2167:    583410.000000           1         -175.1679   
      2168:    583440.000000           1         -175.1447   
      2169:    583470.000000           1         -175.1347   
      2170:    583500.000000           1         -175.1195   
      2171:    583530.000000           1         -175.1022   
      2172:    583560.000000           1         -316.4699   
      2173:    583590.000000           1         -316.4588   
      2174:    583620.000000           1         -316.4480   
      2175:    583650.000000           1         -316.4382   
      2176:    583680.000000           1         -316.4273   
      2177:    583710.000000           1         -316.4157   
      2178:    583740.000000           1         -174.9819   
      2179:    583770.000000           1         -316.3706   
      2180:    583800.000000           1         -316.3596   
      2181:    583830.000000           1         -316.3494   
      2182:    583860.000000           1         -174.9486   
      2183:    583890.000000           1         -316.3051   
      2184:    583920.000000           1         -316.2931   
      2185:    583950.000000           1         -174.9222   
      2186:    583980.000000           1         -316.6555   
      2187:    584010.000000           1         -316.5702   
      2188:    584040.000000           1         -316.7268   
      2189:    584070.000000           1         -316.7924   
      2190:    584100.000000           1         -316.7615   
      2191:    584130.000000           1         -316.7710   
      2192:    584160.000000           1         -316.7907   
      2193:    584190.000000           1         -316.8103   
      2194:    584220.000000           1         -316.8467   
      2195:    584250.000000           1         -316.8553   
      2196:    584280.000000           1         -174.8884   
      2197:    584310.000000           1         -174.8838   
      2198:    584340.000000           1         -188.0026   
      2199:    584370.000000           1         -174.8581   
      2200:    584400.000000           1         -174.8506   
      2201:    584430.000000           1         -174.8460   
      2202:    584460.000000           1         -174.8410   
      2203:    584490.000000           1         -174.8314   
      2204:    584520.000000           1         -187.9115   
      2205:    584550.000000           1         -174.8040   
      2206:    584580.000000           1         -174.7984   
      2207:    584610.000000           1         -174.7931   
      2208:    584640.000000           1         -174.7905   
      2209:    584670.000000           1         -187.8494   
      2210:    584700.000000           1         -187.8393   
      2211:    584730.000000           1         -187.8290   
      2212:    584760.000000           1         -187.8198   
      2213:    584790.000000           1         -197.9858   
      2214:    584820.000000           1         -187.7796   
      2215:    584850.000000           1         -174.7574   
      2216:    584880.000000           1         -187.7576   
      2217:    584910.000000           1         -197.9260   
      2218:    584940.000000           1         -197.9158   
      2219:    584970.000000           1         -197.9060   
      2220:    585000.000000           1         -197.8964   
      2221:    585030.000000           1         -197.8866   
      2222:    585060.000000           1         -197.8770   
      2223:    585090.000000           1         -197.8667   
      2224:    585120.000000           1         -197.8558   
      2225:    585150.000000           1         -205.0915   
      2226:    585180.000000           1         -205.0803   
      2227:    585210.000000           1         -205.0682   
      2228:    585240.000000           1         -205.0573   
      2229:    585270.000000           1         -205.0467   
      2230:    585300.000000           1         -205.0361   
      2231:    585330.000000           1         -197.7698   
      2232:    585360.000000           1         -197.7582   
      2233:    585390.000000           1         -197.7475   
      2234:    585420.000000           1         -204.9816   
      2235:    585450.000000           1         -197.7021   
      2236:    585480.000000           1         -197.6910   
      2237:    585510.000000           1         -197.6789   
      2238:    585540.000000           1         -217.8622   
      2239:    585570.000000           1         -204.8937   
      2240:    585600.000000           1         -204.8826   
      2241:    585630.000000           1         -204.8713   
      2242:    585660.000000           1         -217.7884   
      2243:    585690.000000           1         -204.8245   
      2244:    585720.000000           1         -204.8128   
      2245:    585750.000000           1         -217.7191   
      2246:    585780.000000           1         -204.7622   
      2247:    585810.000000           1         -197.6517   
      2248:    585840.000000           1         -197.6548   
      2249:    585870.000000           1         -197.6505   
      2250:    585900.000000           1         -197.6296   
      2251:    585930.000000           1         -197.6230   
      2252:    585960.000000           1         -197.6112   
      2253:    585990.000000           1         -197.6034   
      2254:    586020.000000           1         -197.5906   
      2255:    586050.000000           1         -197.5775   
      2256:    586080.000000           1         -197.5681   
      2257:    586110.000000           1         -204.5983   
      2258:    586140.000000           1         -204.5865   
      2259:    586170.000000           1         -217.4679   
