       826:    543180.000000           1         -212.1565   
       830:    543300.000000           1         -210.8789   
       831:    543330.000000           1         -210.8904   
       832:    543360.000000           1         -210.9047   
       833:    543390.000000           1         -210.9148   
       834:    543420.000000           1         -210.9273   
       835:    543450.000000           1         -210.9365   
       836:    543480.000000           1         -210.9462   
       837:    543510.000000           1         -210.9525   
       838:    543540.000000           1         -210.9563   
       839:    543570.000000           1         -210.9655   
       840:    543600.000000           1         -210.9755   
       841:    543630.000000           1         -210.9886   
       842:    543660.000000           1         -210.9995   
       843:    543690.000000           1         -212.3487   
       844:    543720.000000           1         -212.3609   
       845:    543750.000000           1         -211.0322   
       846:    543780.000000           1         -212.3826   
       847:    543810.000000           1         -211.0669   
       848:    543840.000000           1         -211.0763   
       849:    543870.000000           1         -211.0890   
       850:    543900.000000           1         -211.0994   
       851:    543930.000000           1         -211.1108   
       852:    543960.000000           1         -203.4769   
       853:    543990.000000           1         -161.1767   
       854:    544020.000000           1         -203.5154   
       855:    544050.000000           1         -161.2192   
       856:    544080.000000           1         -161.2286   
       857:    544110.000000           1         -161.2404   
       858:    544140.000000           1         -161.2532   
       859:    544170.000000           1         -161.2640   
       860:    544200.000000           1         -161.2784   
       861:    544230.000000           1         -203.6129   
       862:    544260.000000           1         -161.3157   
       863:    544290.000000           1         -323.0075   
       864:    544320.000000           1         -265.3533   
       865:    544350.000000           1         -265.3780   
       866:    544380.000000           1         -265.4055   
       867:    544410.000000           1         -265.4270   
       868:    544440.000000           1         -265.4398   
       869:    544470.000000           1         -265.4455   
       870:    544500.000000           1         -323.1085   
       871:    544530.000000           1         -323.1307   
       872:    544560.000000           1         -265.5652   
       873:    544590.000000           1         -265.5795   
       874:    544620.000000           1         -323.1974   
       875:    544650.000000           1         -265.5876   
       876:    544680.000000           1           10.7800   
       877:    544710.000000           1         -323.2568   
       878:    544740.000000           1           10.7113   
       879:    544770.000000           1           10.6933   
       880:    544800.000000           1         -323.3196   
       881:    544830.000000           1         -161.6630   
       882:    544860.000000           1           10.6024   
       883:    544890.000000           1           10.5831   
       884:    544920.000000           1         -323.3856   
       885:    544950.000000           1         -323.3970   
       886:    544980.000000           1         -265.4601   
       887:    545010.000000           1         -265.4977   
       888:    545040.000000           1         -265.5067   
       889:    545070.000000           1         -265.5329   
       890:    545100.000000           1         -265.5389   
       891:    545130.000000           1         -265.5418   
       892:    545160.000000           1         -161.8240   
       893:    545190.000000           1         -161.8448   
       894:    545220.000000           1         -161.8600   
       895:    545250.000000           1         -323.5384   
       896:    545280.000000           1         -323.5492   
       897:    545310.000000           1         -161.8907   
       898:    545340.000000           1         -161.9047   
       899:    545370.000000           1         -161.9148   
       900:    545400.000000           1         -323.6052   
       901:    545430.000000           1         -410.3725   
       902:    545460.000000           1         -410.3865   
       903:    545490.000000           1         -410.3954   
       904:    545520.000000           1         -323.6463   
       905:    545550.000000           1         -323.6545   
       906:    545580.000000           1         -162.0001   
       907:    545610.000000           1         -410.6461   
       908:    545640.000000           1         -323.7107   
       909:    545670.000000           1         -410.6894   
       910:    545700.000000           1         -410.7196   
       911:    545730.000000           1         -323.8038   
       912:    545760.000000           1         -410.8340   
       913:    545790.000000           1         -410.8470   
       914:    545820.000000           1         -323.8704   
       915:    545850.000000           1         -410.7996   
       916:    545880.000000           1         -323.9158   
       917:    545910.000000           1         -410.7004   
       918:    545940.000000           1         -265.5411   
       919:    545970.000000           1         -323.9881   
       920:    546000.000000           1         -265.5154   
       921:    546030.000000           1         -265.6264   
       922:    546060.000000           1         -265.6981   
       923:    546090.000000           1            9.7454   
       924:    546120.000000           1         -324.0975   
       925:    546150.000000           1            9.6838   
       926:    546180.000000           1         -265.6690   
       927:    546210.000000           1            9.6294   
       928:    546240.000000           1            9.6167   
       929:    546270.000000           1            9.5984   
       930:    546300.000000           1            9.5870   
       931:    546330.000000           1         -265.8152   
       932:    546360.000000           1         -265.8094   
       933:    546390.000000           1         -324.3151   
       934:    546420.000000           1         -265.8073   
       935:    546450.000000           1         -265.8154   
       936:    546480.000000           1         -265.8107   
       937:    546510.000000           1         -410.9469   
       938:    546540.000000           1         -324.4173   
       939:    546570.000000           1         -265.9450   
       940:    546600.000000           1         -265.9545   
       941:    546630.000000           1         -265.9619   
       942:    546660.000000           1         -411.0881   
       943:    546690.000000           1         -324.5325   
       944:    546720.000000           1         -324.5476   
       945:    546750.000000           1         -324.5582   
       946:    546780.000000           1         -411.1418   
       947:    546810.000000           1         -324.6166   
       948:    546840.000000           1         -324.6284   
       949:    546870.000000           1         -324.6426   
       950:    546900.000000           1         -411.1860   
       951:    546930.000000           1         -411.2032   
       952:    546960.000000           1         -411.2235   
       953:    546990.000000           1         -411.2380   
       954:    547020.000000           1         -324.7211   
       955:    547050.000000           1         -324.7336   
       956:    547080.000000           1         -324.7489   
       957:    547110.000000           1         -324.7599   
       958:    547140.000000           1         -324.7744   
       959:    547170.000000           1         -324.7880   
       960:    547200.000000           1         -324.7983   
       961:    547230.000000           1         -324.8120   
       962:    547260.000000           1         -324.8255   
       963:    547290.000000           1         -324.8387   
       964:    547320.000000           1         -324.8511   
       965:    547350.000000           1         -324.8760   
       966:    547380.000000           1         -324.9053   
       967:    547410.000000           1         -324.9297   
       968:    547440.000000           1         -266.4200   
       969:    547470.000000           1            8.8568   
       970:    547500.000000           1            8.8319   
       971:    547530.000000           1            8.8129   
       972:    547560.000000           1         -325.0522   
       973:    547590.000000           1            8.7696   
       974:    547620.000000           1            8.7454   
       975:    547650.000000           1            8.7231   
       976:    547680.000000           1          100.4145   
       977:    547710.000000           1          100.3870   
       978:    547740.000000           1          100.3555   
       979:    547770.000000           1          100.3347   
       980:    547800.000000           1          100.2984   
       981:    547830.000000           1            8.5886   
       982:    547860.000000           1          100.2473   
       983:    547890.000000           1          100.2210   
       984:    547920.000000           1            8.5228   
       985:    547950.000000           1            8.5136   
       986:    547980.000000           1            8.5052   
       987:    548010.000000           1            8.4973   
       988:    548040.000000           1         -325.4115   
       989:    548070.000000           1            8.4469   
       990:    548100.000000           1            8.4350   
       991:    548130.000000           1            8.4249   
       992:    548160.000000           1            8.4119   
       993:    548190.000000           1            8.3996   
       994:    548220.000000           1            8.3913   
       995:    548250.000000           1         -325.5213   
       996:    548280.000000           1            8.3629   
       997:    548310.000000           1            8.3537   
       998:    548340.000000           1            8.3464   
       999:    548370.000000           1            8.3380   
      1000:    548400.000000           1            8.3272   
      1001:    548430.000000           1            8.3194   
      1002:    548460.000000           1            8.3113   
      1003:    548490.000000           1            8.3006   
      1004:    548520.000000           1         -267.0762   
      1005:    548550.000000           1            8.2698   
      1006:    548580.000000           1            8.2600   
      1007:    548610.000000           1            8.2526   
      1008:    548640.000000           1            8.2445   
      1009:    548670.000000           1         -267.1745   
      1010:    548700.000000           1         -267.2073   
      1011:    548730.000000           1            8.1975   
      1012:    548760.000000           1            8.1868   
      1013:    548790.000000           1            8.1636   
      1014:    548820.000000           1         -267.2944   
      1015:    548850.000000           1         -267.3040   
      1016:    548880.000000           1         -325.8516   
      1017:    548910.000000           1         -267.3283   
      1018:    548940.000000           1         -267.3351   
      1019:    548970.000000           1         -325.8945   
      1020:    549000.000000           1            8.0709   
      1021:    549030.000000           1            8.0642   
      1022:    549060.000000           1         -267.3932   
      1023:    549090.000000           1            8.0323   
      1024:    549120.000000           1         -267.4343   
      1025:    549150.000000           1            8.0020   
      1026:    549180.000000           1         -267.4970   
      1027:    549210.000000           1            7.9689   
      1028:    549240.000000           1         -267.5543   
      1029:    549270.000000           1            7.9471   
      1030:    549300.000000           1            7.9417   
      1031:    549330.000000           1            7.9361   
      1032:    549360.000000           1            7.9305   
      1033:    549390.000000           1            7.9274   
      1034:    549420.000000           1           91.8560   
      1035:    549450.000000           1           91.7943   
      1036:    549480.000000           1            7.9133   
      1037:    549510.000000           1            7.9093   
      1038:    549540.000000           1            7.8980   
      1039:    549570.000000           1            7.8860   
      1040:    549600.000000           1         -267.7960   
      1041:    549630.000000           1           91.4518   
      1042:    549660.000000           1           91.4553   
      1043:    549690.000000           1           91.4578   
      1044:    549720.000000           1            7.8450   
      1045:    549750.000000           1            7.8379   
      1046:    549780.000000           1            7.8324   
      1047:    549810.000000           1            7.8266   
      1048:    549840.000000           1            7.8191   
      1049:    549870.000000           1            7.8082   
      1050:    549900.000000           1            7.7910   
      1051:    549930.000000           1            7.7839   
      1052:    549960.000000           1         -267.8842   
      1053:    549990.000000           1            7.7455   
      1054:    550020.000000           1            7.7400   
      1055:    550050.000000           1            7.7347   
      1056:    550080.000000           1            7.7297   
      1057:    550110.000000           1            7.7232   
      1058:    550140.000000           1         -267.9635   
      1059:    550170.000000           1            7.7062   
      1060:    550200.000000           1            7.6997   
      1061:    550230.000000           1            7.6939   
      1062:    550260.000000           1            7.6909   
      1063:    550290.000000           1            7.6872   
      1064:    550320.000000           1            7.6845   
      1065:    550350.000000           1            7.6799   
      1066:    550380.000000           1            7.6755   
      1067:    550410.000000           1            7.6733   
      1068:    550440.000000           1         -268.1032   
      1069:    550470.000000           1            7.6644   
      1070:    550500.000000           1         -268.1418   
      1071:    550530.000000           1         -268.1550   
      1072:    550560.000000           1         -268.1620   
      1073:    550590.000000           1         -326.5293   
      1074:    550620.000000           1         -326.5456   
      1075:    550650.000000           1         -326.5489   
      1076:    550680.000000           1         -326.5541   
      1077:    550710.000000           1         -326.5589   
      1078:    550740.000000           1         -413.6568   
      1079:    550770.000000           1         -413.6588   
      1080:    550800.000000           1         -413.6615   
      1081:    550830.000000           1         -413.6667   
      1082:    550860.000000           1         -413.6682   
      1083:    550890.000000           1         -413.6676   
      1084:    550920.000000           1         -413.6698   
      1085:    550950.000000           1         -326.6101   
      1086:    550980.000000           1         -326.6154   
      1087:    551010.000000           1         -326.6175   
      1088:    551040.000000           1         -326.6231   
      1089:    551070.000000           1         -326.6268   
      1090:    551100.000000           1         -326.6311   
      1091:    551130.000000           1         -326.6369   
      1092:    551160.000000           1         -326.6414   
      1093:    551190.000000           1         -326.6463   
      1094:    551220.000000           1         -326.6515   
      1095:    551250.000000           1         -326.6577   
      1096:    551280.000000           1         -268.2910   
      1097:    551310.000000           1         -326.6722   
      1098:    551340.000000           1         -268.3189   
      1099:    551370.000000           1         -326.6863   
      1100:    551400.000000           1            7.5177   
      1101:    551430.000000           1         -326.7025   
      1102:    551460.000000           1            7.5023   
      1103:    551490.000000           1         -268.3561   
      1104:    551520.000000           1            7.4857   
      1105:    551550.000000           1         -268.3610   
      1106:    551580.000000           1            7.4666   
      1107:    551610.000000           1         -268.3653   
      1108:    551640.000000           1            7.4556   
      1109:    551670.000000           1         -268.3592   
      1110:    551700.000000           1            7.4497   
      1111:    551730.000000           1         -326.7752   
      1112:    551760.000000           1            7.4412   
      1113:    551790.000000           1            7.4369   
      1114:    551820.000000           1            7.4275   
      1115:    551850.000000           1         -268.3733   
      1116:    551880.000000           1            7.4201   
      1117:    551910.000000           1         -268.3778   
      1118:    551940.000000           1            7.4120   
      1119:    551970.000000           1           91.3082   
      1120:    552000.000000           1           91.2858   
      1121:    552030.000000           1            7.3947   
      1122:    552060.000000           1            7.3919   
      1123:    552090.000000           1            7.3910   
      1124:    552120.000000           1            7.3838   
      1125:    552150.000000           1            7.3777   
      1126:    552180.000000           1         -268.4261   
      1127:    552210.000000           1            7.3738   
      1128:    552240.000000           1            7.3728   
      1129:    552270.000000           1            7.3712   
      1130:    552300.000000           1            7.3702   
      1131:    552330.000000           1            7.3708   
      1132:    552360.000000           1            7.3699   
      1133:    552390.000000           1            7.3674   
      1134:    552420.000000           1         -326.8752   
      1135:    552450.000000           1         -326.8762   
      1136:    552480.000000           1         -326.8789   
      1137:    552510.000000           1         -326.8837   
      1138:    552540.000000           1         -326.8864   
      1139:    552570.000000           1         -326.8897   
      1140:    552600.000000           1         -413.8973   
      1141:    552630.000000           1         -413.8960   
      1142:    552660.000000           1         -413.8961   
      1143:    552690.000000           1         -198.4012   
      1144:    552720.000000           1         -413.9006   
      1145:    552750.000000           1         -413.8995   
      1146:    552780.000000           1         -413.8968   
      1147:    552810.000000           1         -413.8954   
      1148:    552840.000000           1         -413.8942   
      1149:    552870.000000           1         -198.4260   
      1150:    552900.000000           1         -413.8856   
      1151:    552930.000000           1         -198.4202   
      1152:    552960.000000           1         -413.8727   
      1153:    552990.000000           1         -413.8719   
      1154:    553020.000000           1         -413.8724   
      1155:    553050.000000           1         -326.8915   
      1156:    553080.000000           1         -326.8934   
      1157:    553110.000000           1         -326.8935   
      1158:    553140.000000           1         -326.8940   
      1159:    553170.000000           1         -326.8949   
      1160:    553200.000000           1         -326.8952   
      1161:    553230.000000           1         -326.9001   
      1162:    553260.000000           1         -326.9014   
      1163:    553290.000000           1         -326.8998   
      1164:    553320.000000           1         -326.9000   
      1165:    553350.000000           1         -326.8997   
      1166:    553380.000000           1         -268.3549   
      1167:    553410.000000           1         -268.3536   
      1168:    553440.000000           1         -268.3543   
      1169:    553470.000000           1         -268.3523   
      1170:    553500.000000           1         -268.3489   
      1171:    553530.000000           1         -268.3412   
      1172:    553560.000000           1         -268.3356   
      1173:    553590.000000           1         -268.3311   
      1174:    553620.000000           1         -268.3268   
      1175:    553650.000000           1         -268.3220   
      1176:    553680.000000           1         -268.3186   
      1177:    553710.000000           1         -326.8784   
      1178:    553740.000000           1         -326.8746   
      1179:    553770.000000           1         -326.8710   
      1180:    553800.000000           1         -326.8690   
      1181:    553830.000000           1         -326.8673   
      1182:    553860.000000           1         -413.8147   
      1183:    553890.000000           1         -413.8057   
      1184:    553920.000000           1         -326.8502   
      1185:    553950.000000           1         -326.8482   
      1186:    553980.000000           1         -413.7963   
      1187:    554010.000000           1         -268.2508   
      1188:    554040.000000           1         -268.2496   
      1189:    554070.000000           1         -268.2465   
      1190:    554100.000000           1         -268.2420   
      1191:    554130.000000           1         -268.2380   
      1192:    554160.000000           1         -268.2313   
      1193:    554190.000000           1         -326.8140   
      1194:    554220.000000           1         -326.8044   
      1195:    554250.000000           1         -268.2001   
      1196:    554280.000000           1         -326.7953   
      1197:    554310.000000           1         -326.7912   
      1198:    554340.000000           1         -326.7869   
      1199:    554370.000000           1         -326.7834   
      1200:    554400.000000           1         -268.1631   
      1201:    554430.000000           1         -268.1493   
      1202:    554460.000000           1         -268.1370   
      1203:    554490.000000           1         -413.6872   
      1204:    554520.000000           1         -326.7382   
      1205:    554550.000000           1         -326.7340   
      1206:    554580.000000           1         -326.7289   
      1207:    554610.000000           1         -326.7238   
      1208:    554640.000000           1         -326.7186   
      1209:    554670.000000           1         -326.7113   
      1210:    554700.000000           1         -326.7066   
      1211:    554730.000000           1         -326.7018   
      1212:    554760.000000           1         -326.6971   
      1213:    554790.000000           1         -326.6915   
      1214:    554820.000000           1         -326.6862   
      1215:    554850.000000           1         -326.6830   
      1216:    554880.000000           1         -326.6823   
      1217:    554910.000000           1         -326.6790   
      1218:    554940.000000           1         -268.0347   
      1219:    554970.000000           1         -268.0275   
      1220:    555000.000000           1         -268.0199   
      1221:    555030.000000           1         -268.0085   
      1222:    555060.000000           1         -267.9957   
      1223:    555090.000000           1         -267.9879   
      1224:    555120.000000           1         -267.9819   
      1225:    555150.000000           1         -267.9752   
      1226:    555180.000000           1         -326.6018   
      1227:    555210.000000           1         -267.9510   
      1228:    555240.000000           1         -267.9444   
      1229:    555270.000000           1         -413.5018   
      1230:    555300.000000           1         -267.9139   
      1231:    555330.000000           1         -267.9059   
      1232:    555360.000000           1           91.9023   
      1233:    555390.000000           1         -267.8774   
      1234:    555420.000000           1           91.9281   
      1235:    555450.000000           1           91.9194   
      1236:    555480.000000           1           91.9197   
      1237:    555510.000000           1           91.9026   
      1238:    555540.000000           1         -267.8848   
      1239:    555570.000000           1         -267.8992   
      1240:    555600.000000           1         -326.4591   
      1241:    555630.000000           1         -267.8869   
      1242:    555660.000000           1         -267.8818   
      1243:    555690.000000           1         -267.8790   
      1244:    555720.000000           1         -326.4200   
      1245:    555750.000000           1         -267.8412   
      1246:    555780.000000           1         -267.8119   
      1247:    555810.000000           1         -267.7988   
      1248:    555840.000000           1         -267.7863   
      1249:    555870.000000           1         -267.7784   
      1250:    555900.000000           1         -267.7739   
      1251:    555930.000000           1         -267.7649   
      1252:    555960.000000           1         -326.3494   
      1253:    555990.000000           1         -267.7359   
      1254:    556020.000000           1         -326.3290   
      1255:    556050.000000           1         -267.7107   
      1256:    556080.000000           1         -267.7041   
      1257:    556110.000000           1         -326.3092   
      1258:    556140.000000           1         -267.6746   
      1259:    556170.000000           1         -267.6581   
      1260:    556200.000000           1         -267.6522   
      1261:    556230.000000           1         -267.6414   
      1262:    556260.000000           1         -267.6291   
      1263:    556290.000000           1         -267.6213   
      1264:    556320.000000           1         -267.6042   
      1265:    556350.000000           1           92.0473   
      1266:    556380.000000           1           92.0510   
      1267:    556410.000000           1           92.0498   
      1268:    556440.000000           1         -267.5598   
      1269:    556470.000000           1           92.0474   
      1270:    556500.000000           1           92.0545   
      1271:    556530.000000           1           92.0622   
      1272:    556560.000000           1           92.0711   
      1273:    556590.000000           1           92.0741   
      1274:    556620.000000           1         -326.1345   
      1275:    556650.000000           1         -267.5082   
      1276:    556680.000000           1         -197.2723   
      1277:    556710.000000           1         -413.0501   
      1278:    556740.000000           1         -326.0942   
      1279:    556770.000000           1         -326.0878   
      1280:    556800.000000           1         -413.0261   
      1281:    556830.000000           1         -326.0636   
      1282:    556860.000000           1         -326.0572   
      1283:    556890.000000           1         -326.0515   
      1284:    556920.000000           1         -326.0448   
      1285:    556950.000000           1         -206.7125   
      1286:    556980.000000           1         -326.0186   
      1287:    557010.000000           1         -326.0098   
      1288:    557040.000000           1         -326.0024   
      1289:    557070.000000           1         -325.9939   
      1290:    557100.000000           1         -325.9859   
      1291:    557130.000000           1         -325.9785   
      1292:    557160.000000           1         -325.9710   
      1293:    557190.000000           1         -325.9624   
      1294:    557220.000000           1         -325.9482   
      1295:    557250.000000           1         -412.8893   
      1296:    557280.000000           1         -412.8786   
      1297:    557310.000000           1         -197.0074   
      1298:    557340.000000           1         -196.9888   
      1299:    557370.000000           1         -412.8350   
      1300:    557400.000000           1         -412.8291   
      1301:    557430.000000           1         -267.2077   
      1302:    557460.000000           1         -267.1985   
      1303:    557490.000000           1         -267.1922   
      1304:    557520.000000           1         -267.1846   
      1305:    557550.000000           1         -267.1757   
      1306:    557580.000000           1         -325.8256   
      1307:    557610.000000           1         -267.1338   
      1308:    557640.000000           1         -267.1253   
      1309:    557670.000000           1         -267.1169   
      1310:    557700.000000           1         -267.1098   
      1311:    557730.000000           1         -267.1022   
      1312:    557760.000000           1         -325.7679   
      1313:    557790.000000           1         -412.7103   
      1314:    557820.000000           1         -267.0586   
      1315:    557850.000000           1         -267.0503   
      1316:    557880.000000           1         -412.6800   
      1317:    557910.000000           1         -267.0196   
      1318:    557940.000000           1         -267.0105   
      1319:    557970.000000           1         -266.9934   
      1320:    558000.000000           1         -325.6734   
      1321:    558030.000000           1         -266.9691   
      1322:    558060.000000           1         -325.6456   
      1323:    558090.000000           1         -325.6340   
      1324:    558120.000000           1         -325.6202   
      1325:    558150.000000           1         -325.6121   
      1326:    558180.000000           1         -325.6068   
      1327:    558210.000000           1         -325.5992   
      1328:    558240.000000           1         -325.5908   
      1329:    558270.000000           1         -412.8663   
      1330:    558300.000000           1         -196.6260   
      1331:    558330.000000           1         -325.5528   
      1332:    558360.000000           1         -325.5460   
      1333:    558390.000000           1         -196.5930   
      1334:    558420.000000           1         -196.5836   
      1335:    558450.000000           1         -412.7906   
      1336:    558480.000000           1         -196.5548   
      1337:    558510.000000           1         -206.1580   
      1338:    558540.000000           1         -196.5255   
      1339:    558570.000000           1         -196.5113   
      1340:    558600.000000           1         -196.5063   
      1341:    558630.000000           1         -206.1160   
      1342:    558660.000000           1         -196.4712   
      1343:    558690.000000           1         -206.0862   
      1344:    558720.000000           1         -196.4445   
      1345:    558750.000000           1         -196.4317   
      1346:    558780.000000           1         -206.0624   
      1347:    558810.000000           1         -213.6028   
      1348:    558840.000000           1         -196.4301   
      1349:    558870.000000           1         -196.4227   
      1350:    558900.000000           1         -196.4034   
      1351:    558930.000000           1         -413.0727   
      1352:    558960.000000           1         -205.9948   
      1353:    558990.000000           1         -196.3584   
      1354:    559020.000000           1         -196.3475   
      1355:    559050.000000           1         -196.3373   
      1356:    559080.000000           1         -196.3313   
      1357:    559110.000000           1         -196.3265   
      1358:    559140.000000           1         -196.3214   
      1359:    559170.000000           1         -205.9419   
      1360:    559200.000000           1         -196.2983   
      1361:    559230.000000           1         -413.0250   
      1362:    559260.000000           1         -413.0342   
      1363:    559290.000000           1         -413.0365   
      1364:    559320.000000           1         -413.0360   
      1365:    559350.000000           1         -413.0341   
      1366:    559380.000000           1         -413.0277   
      1367:    559410.000000           1         -325.2189   
      1368:    559440.000000           1         -325.2121   
      1369:    559470.000000           1         -325.2072   
      1370:    559500.000000           1         -325.2021   
      1371:    559530.000000           1         -412.9970   
      1372:    559560.000000           1         -413.0021   
      1373:    559590.000000           1         -196.2411   
      1374:    559620.000000           1         -196.2442   
      1375:    559650.000000           1         -196.2462   
      1376:    559680.000000           1         -196.2499   
      1377:    559710.000000           1         -196.2518   
      1378:    559740.000000           1         -205.9016   
      1379:    559770.000000           1         -266.5164   
      1380:    559800.000000           1         -196.2698   
      1381:    559830.000000           1         -266.5302   
      1382:    559860.000000           1         -266.5344   
      1383:    559890.000000           1         -266.5370   
      1384:    559920.000000           1         -266.5366   
      1385:    559950.000000           1           72.9559   
      1386:    559980.000000           1         -266.5558   
      1387:    560010.000000           1         -266.5652   
      1388:    560040.000000           1         -196.3244   
      1389:    560070.000000           1         -196.3350   
      1390:    560100.000000           1         -196.3370   
      1391:    560130.000000           1         -196.3396   
      1392:    560160.000000           1         -205.9842   
      1393:    560190.000000           1         -196.3535   
      1394:    560220.000000           1         -196.3550   
      1395:    560250.000000           1         -196.3582   
      1396:    560280.000000           1         -196.3629   
      1397:    560310.000000           1         -196.3657   
      1398:    560340.000000           1         -196.3685   
      1399:    560370.000000           1         -196.3717   
      1400:    560400.000000           1         -196.3747   
      1401:    560430.000000           1         -196.3772   
      1402:    560460.000000           1         -206.0212   
      1403:    560490.000000           1         -206.0315   
      1404:    560520.000000           1         -206.0328   
      1405:    560550.000000           1         -206.0365   
      1406:    560580.000000           1         -206.0400   
      1407:    560610.000000           1         -206.0432   
      1408:    560640.000000           1         -206.0459   
      1409:    560670.000000           1         -206.0479   
      1410:    560700.000000           1         -206.0521   
      1411:    560730.000000           1         -206.0555   
      1412:    560760.000000           1         -206.0587   
      1413:    560790.000000           1         -206.0622   
      1414:    560820.000000           1         -213.6216   
      1415:    560850.000000           1         -206.0768   
      1416:    560880.000000           1         -206.0826   
      1417:    560910.000000           1         -206.0861   
      1418:    560940.000000           1         -196.4401   
      1419:    560970.000000           1         -196.4423   
      1420:    561000.000000           1         -196.4447   
      1421:    561030.000000           1         -206.1048   
      1422:    561060.000000           1         -196.4562   
      1423:    561090.000000           1         -196.4593   
      1424:    561120.000000           1         -266.7179   
      1425:    561150.000000           1         -266.7227   
      1426:    561180.000000           1         -266.7265   
      1427:    561210.000000           1         -266.7318   
      1428:    561240.000000           1         -266.7372   
      1429:    561270.000000           1         -266.7419   
      1430:    561300.000000           1           72.7428   
      1431:    561330.000000           1         -266.7539   
      1432:    561360.000000           1         -266.7635   
      1433:    561390.000000           1         -266.7711   
      1434:    561420.000000           1         -266.7809   
      1435:    561450.000000           1         -266.7892   
      1436:    561480.000000           1           72.6965   
      1437:    561510.000000           1           72.6794   
      1438:    561540.000000           1           72.5588   
      1439:    561570.000000           1         -266.8102   
      1440:    561600.000000           1         -266.8184   
      1441:    561630.000000           1           72.6039   
      1442:    561660.000000           1           72.6327   
      1443:    561690.000000           1         -266.8405   
      1444:    561720.000000           1         -266.8458   
      1445:    561750.000000           1           72.5139   
      1446:    561780.000000           1         -266.8557   
      1447:    561810.000000           1           72.5202   
      1448:    561840.000000           1         -266.8612   
      1449:    561870.000000           1           72.5146   
      1450:    561900.000000           1           72.6685   
      1451:    561930.000000           1         -196.5383   
      1452:    561960.000000           1           72.7204   
      1453:    561990.000000           1           72.7048   
      1454:    562020.000000           1           72.6882   
      1455:    562050.000000           1         -266.9188   
      1456:    562080.000000           1         -196.5533   
      1457:    562110.000000           1         -266.9331   
      1458:    562140.000000           1         -266.9387   
      1459:    562170.000000           1         -266.9420   
      1460:    562200.000000           1         -266.9444   
      1461:    562230.000000           1         -266.9498   
      1462:    562260.000000           1         -266.9552   
      1463:    562290.000000           1         -266.9587   
      1464:    562320.000000           1         -266.9619   
      1465:    562350.000000           1         -266.9651   
      1466:    562380.000000           1         -266.9688   
      1467:    562410.000000           1           72.6266   
      1468:    562440.000000           1           72.5927   
      1469:    562470.000000           1         -266.9772   
      1470:    562500.000000           1           72.3881   
      1471:    562530.000000           1           72.4411   
      1472:    562560.000000           1           72.4774   
      1473:    562590.000000           1         -266.9944   
      1474:    562620.000000           1         -266.9978   
      1475:    562650.000000           1         -196.6262   
      1476:    562680.000000           1         -196.6311   
      1477:    562710.000000           1         -196.6376   
      1478:    562740.000000           1         -196.6406   
      1479:    562770.000000           1         -196.6483   
      1480:    562800.000000           1         -196.6470   
      1481:    562830.000000           1         -324.8760   
      1482:    562860.000000           1         -324.8487   
      1483:    562890.000000           1         -324.8757   
      1484:    562920.000000           1         -324.8899   
      1485:    562950.000000           1         -324.9153   
      1486:    562980.000000           1         -324.9055   
      1487:    563010.000000           1         -324.8672   
      1488:    563040.000000           1         -324.8445   
      1489:    563070.000000           1         -324.8164   
      1490:    563100.000000           1         -324.7862   
      1491:    563130.000000           1         -196.5383   
      1492:    563160.000000           1         -324.6819   
      1493:    563190.000000           1         -324.6597   
      1494:    563220.000000           1         -324.6365   
      1495:    563250.000000           1         -324.6138   
      1496:    563280.000000           1         -324.5828   
      1497:    563310.000000           1         -324.5684   
      1498:    563340.000000           1         -324.5557   
      1499:    563370.000000           1         -324.5501   
      1500:    563400.000000           1         -324.5402   
      1501:    563430.000000           1         -324.5282   
      1502:    563460.000000           1         -266.8453   
      1503:    563490.000000           1         -266.8384   
      1504:    563520.000000           1         -324.4868   
      1505:    563550.000000           1         -266.8109   
      1506:    563580.000000           1         -266.8073   
      1507:    563610.000000           1         -324.4584   
      1508:    563640.000000           1         -324.4517   
      1509:    563670.000000           1         -324.4324   
      1510:    563700.000000           1         -266.7728   
      1511:    563730.000000           1         -266.7694   
      1512:    563760.000000           1         -324.4184   
      1513:    563790.000000           1         -324.4070   
      1514:    563820.000000           1         -324.4061   
      1515:    563850.000000           1         -183.0103   
      1516:    563880.000000           1         -182.9929   
      1517:    563910.000000           1         -182.9894   
      1518:    563940.000000           1         -182.9939   
      1519:    563970.000000           1         -324.3903   
      1520:    564000.000000           1         -324.3839   
      1521:    564030.000000           1         -324.3784   
      1522:    564060.000000           1         -183.0060   
      1523:    564090.000000           1         -196.2980   
      1524:    564120.000000           1         -183.0658   
      1525:    564150.000000           1         -183.0433   
      1526:    564180.000000           1         -183.0295   
      1527:    564210.000000           1         -324.3315   
      1528:    564240.000000           1         -183.0084   
      1529:    564270.000000           1         -324.3109   
      1530:    564300.000000           1         -324.3076   
      1531:    564330.000000           1         -324.3048   
      1532:    564360.000000           1         -324.3030   
      1533:    564390.000000           1         -324.3009   
      1534:    564420.000000           1         -324.3018   
      1535:    564450.000000           1         -266.6366   
      1536:    564480.000000           1         -266.6324   
      1537:    564510.000000           1         -266.6281   
      1538:    564540.000000           1         -266.6236   
      1539:    564570.000000           1         -266.6203   
      1540:    564600.000000           1         -266.6167   
      1541:    564630.000000           1         -266.6137   
      1542:    564660.000000           1         -324.2711   
      1543:    564690.000000           1         -266.6028   
      1544:    564720.000000           1         -266.5990   
      1545:    564750.000000           1         -324.2485   
      1546:    564780.000000           1         -324.2416   
      1547:    564810.000000           1         -324.2345   
      1548:    564840.000000           1         -324.2272   
      1549:    564870.000000           1         -324.2203   
      1550:    564900.000000           1         -266.5549   
      1551:    564930.000000           1         -266.5495   
      1552:    564960.000000           1         -266.5461   
      1553:    564990.000000           1         -266.5426   
      1554:    565020.000000           1         -266.5393   
      1555:    565050.000000           1         -266.5347   
      1556:    565080.000000           1         -266.5316   
      1557:    565110.000000           1         -266.5271   
      1558:    565140.000000           1         -266.5236   
      1559:    565170.000000           1         -266.5174   
      1560:    565200.000000           1         -266.5130   
      1561:    565230.000000           1         -266.5090   
      1562:    565260.000000           1         -324.1404   
      1563:    565290.000000           1         -324.1289   
      1564:    565320.000000           1         -266.4827   
      1565:    565350.000000           1         -266.4778   
      1566:    565380.000000           1         -266.4726   
      1567:    565410.000000           1         -266.4690   
      1568:    565440.000000           1         -266.4651   
      1569:    565470.000000           1          100.2773   
      1570:    565500.000000           1          100.2809   
      1571:    565530.000000           1         -266.4536   
      1572:    565560.000000           1          100.3000   
      1573:    565590.000000           1         -266.4306   
      1574:    565620.000000           1          100.3225   
      1575:    565650.000000           1         -266.4118   
      1576:    565680.000000           1          100.3448   
      1577:    565710.000000           1          100.3496   
      1578:    565740.000000           1          100.3556   
      1579:    565770.000000           1          100.3644   
      1580:    565800.000000           1          100.3702   
      1581:    565830.000000           1          100.3773   
      1582:    565860.000000           1          100.3838   
      1583:    565890.000000           1          100.3928   
      1584:    565920.000000           1          100.4061   
      1585:    565950.000000           1          100.4109   
      1586:    565980.000000           1          100.4148   
      1587:    566010.000000           1          100.4209   
      1588:    566040.000000           1          100.4266   
      1589:    566070.000000           1          100.4312   
      1590:    566100.000000           1          100.4352   
      1591:    566130.000000           1          100.4396   
      1592:    566160.000000           1          100.4424   
      1593:    566190.000000           1          100.4479   
      1594:    566220.000000           1          100.4535   
      1595:    566250.000000           1          100.4596   
      1596:    566280.000000           1          100.4645   
      1597:    566310.000000           1         -266.2881   
      1598:    566340.000000           1          100.4851   
      1599:    566370.000000           1         -266.2778   
      1600:    566400.000000           1         -323.9049   
      1601:    566430.000000           1         -323.9008   
      1602:    566460.000000           1         -323.8943   
      1603:    566490.000000           1         -323.8868   
      1604:    566520.000000           1         -182.3191   
      1605:    566550.000000           1         -182.3043   
      1606:    566580.000000           1         -182.3029   
      1607:    566610.000000           1         -182.2999   
      1608:    566640.000000           1         -195.8119   
      1609:    566670.000000           1         -182.2737   
      1610:    566700.000000           1         -182.2693   
      1611:    566730.000000           1         -182.2652   
      1612:    566760.000000           1         -182.2592   
      1613:    566790.000000           1         -182.2545   
      1614:    566820.000000           1         -182.2524   
      1615:    566850.000000           1         -195.7622   
      1616:    566880.000000           1         -182.2471   
      1617:    566910.000000           1         -182.2406   
      1618:    566940.000000           1         -182.2281   
      1619:    566970.000000           1         -182.2175   
      1620:    567000.000000           1         -195.7112   
      1621:    567030.000000           1         -195.7035   
      1622:    567060.000000           1         -195.6952   
      1623:    567090.000000           1         -195.6899   
      1624:    567120.000000           1         -195.6765   
      1625:    567150.000000           1         -182.1508   
      1626:    567180.000000           1         -195.6524   
      1627:    567210.000000           1         -182.1245   
      1628:    567240.000000           1         -182.1205   
      1629:    567270.000000           1         -182.1160   
      1630:    567300.000000           1         -182.1098   
      1631:    567330.000000           1         -323.6410   
      1632:    567360.000000           1         -323.6339   
      1633:    567390.000000           1         -182.0705   
      1634:    567420.000000           1         -323.6026   
      1635:    567450.000000           1         -323.5953   
      1636:    567480.000000           1         -323.5884   
      1637:    567510.000000           1         -323.5733   
      1638:    567540.000000           1         -265.9355   
      1639:    567570.000000           1         -265.9303   
      1640:    567600.000000           1         -265.9234   
      1641:    567630.000000           1         -323.5356   
      1642:    567660.000000           1         -265.8982   
      1643:    567690.000000           1         -265.8916   
      1644:    567720.000000           1         -323.5011   
      1645:    567750.000000           1         -323.4947   
      1646:    567780.000000           1         -323.4879   
      1647:    567810.000000           1         -323.4829   
      1648:    567840.000000           1         -323.4751   
      1649:    567870.000000           1         -323.4663   
      1650:    567900.000000           1         -323.4593   
      1651:    567930.000000           1         -265.8321   
      1652:    567960.000000           1         -265.8228   
      1653:    567990.000000           1         -265.8158   
      1654:    568020.000000           1         -265.8080   
      1655:    568050.000000           1         -265.8006   
      1656:    568080.000000           1         -265.7932   
      1657:    568110.000000           1         -265.7868   
      1658:    568140.000000           1         -265.7815   
      1659:    568170.000000           1         -265.7729   
      1660:    568200.000000           1         -265.7657   
      1661:    568230.000000           1         -265.7569   
      1662:    568260.000000           1         -265.7492   
      1663:    568290.000000           1         -265.7420   
      1664:    568320.000000           1         -265.7357   
      1665:    568350.000000           1         -265.7291   
      1666:    568380.000000           1         -323.3311   
      1667:    568410.000000           1         -265.6959   
      1668:    568440.000000           1         -265.6891   
      1669:    568470.000000           1          101.1310   
      1670:    568500.000000           1          101.1376   
      1671:    568530.000000           1          101.1452   
      1672:    568560.000000           1         -265.6627   
      1673:    568590.000000           1         -265.6560   
      1674:    568620.000000           1         -265.6422   
      1675:    568650.000000           1          101.1854   
      1676:    568680.000000           1         -265.6214   
      1677:    568710.000000           1         -265.6158   
      1678:    568740.000000           1         -265.6092   
      1679:    568770.000000           1         -323.2136   
      1680:    568800.000000           1         -265.5745   
      1681:    568830.000000           1         -323.1746   
      1682:    568860.000000           1         -265.5399   
      1683:    568890.000000           1         -265.5337   
      1684:    568920.000000           1         -265.5276   
      1685:    568950.000000           1         -265.5198   
      1686:    568980.000000           1         -265.5123   
      1687:    569010.000000           1         -265.5058   
      1688:    569040.000000           1         -265.4977   
      1689:    569070.000000           1         -265.4906   
      1690:    569100.000000           1         -323.0991   
      1691:    569130.000000           1         -265.4631   
      1692:    569160.000000           1         -265.4554   
      1693:    569190.000000           1         -265.4484   
      1694:    569220.000000           1         -265.4438   
      1695:    569250.000000           1         -265.4376   
      1696:    569280.000000           1         -265.4317   
      1697:    569310.000000           1         -265.4270   
      1698:    569340.000000           1         -265.4198   
      1699:    569370.000000           1         -265.4133   
      1700:    569400.000000           1         -265.4076   
      1701:    569430.000000           1         -265.4013   
      1702:    569460.000000           1         -265.3936   
      1703:    569490.000000           1         -265.3850   
      1704:    569520.000000           1         -265.3772   
      1705:    569550.000000           1         -265.3692   
      1706:    569580.000000           1         -265.3536   
      1707:    569610.000000           1         -322.9707   
      1708:    569640.000000           1         -322.9631   
      1709:    569670.000000           1         -322.9550   
      1710:    569700.000000           1         -322.9466   
      1711:    569730.000000           1         -194.9158   
      1712:    569760.000000           1         -194.8885   
      1713:    569790.000000           1         -181.1756   
      1714:    569820.000000           1         -181.1603   
      1715:    569850.000000           1         -181.1474   
      1716:    569880.000000           1         -181.1349   
      1717:    569910.000000           1         -181.1222   
      1718:    569940.000000           1         -194.7884   
      1719:    569970.000000           1         -194.7792   
      1720:    570000.000000           1         -194.7677   
      1721:    570030.000000           1         -194.7574   
      1722:    570060.000000           1         -194.7483   
      1723:    570090.000000           1         -194.7362   
      1724:    570120.000000           1         -194.7257   
      1725:    570150.000000           1         -194.7139   
      1726:    570180.000000           1         -194.7043   
      1727:    570210.000000           1         -194.6943   
      1728:    570240.000000           1         -194.6845   
      1729:    570270.000000           1         -194.6748   
      1730:    570300.000000           1         -194.6634   
      1731:    570330.000000           1         -204.4632   
      1732:    570360.000000           1         -204.4426   
      1733:    570390.000000           1         -204.4329   
      1734:    570420.000000           1         -194.5893   
      1735:    570450.000000           1         -194.5796   
      1736:    570480.000000           1         -194.5702   
      1737:    570510.000000           1         -204.3683   
      1738:    570540.000000           1         -194.5240   
      1739:    570570.000000           1         -194.5157   
      1740:    570600.000000           1         -204.3203   
      1741:    570630.000000           1         -194.4757   
      1742:    570660.000000           1         -194.4654   
      1743:    570690.000000           1         -194.4549   
      1744:    570720.000000           1         -180.7138   
      1745:    570750.000000           1         -204.2442   
      1746:    570780.000000           1         -194.3930   
      1747:    570810.000000           1         -194.3814   
      1748:    570840.000000           1         -194.3705   
      1749:    570870.000000           1         -194.3599   
      1750:    570900.000000           1         -194.3489   
      1751:    570930.000000           1         -194.3387   
      1752:    570960.000000           1         -194.3272   
      1753:    570990.000000           1         -180.5777   
      1754:    571020.000000           1         -194.3044   
      1755:    571050.000000           1         -194.2937   
      1756:    571080.000000           1         -194.2826   
      1757:    571110.000000           1         -194.2728   
      1758:    571140.000000           1         -180.5241   
      1759:    571170.000000           1         -180.5136   
      1760:    571200.000000           1         -180.5023   
      1761:    571230.000000           1         -204.0484   
      1762:    571260.000000           1         -194.1908   
      1763:    571290.000000           1         -180.4353   
      1764:    571320.000000           1         -180.4242   
      1765:    571350.000000           1         -180.4146   
      1766:    571380.000000           1         -180.4055   
      1767:    571410.000000           1         -194.1233   
      1768:    571440.000000           1         -322.1105   
      1769:    571470.000000           1         -194.0790   
      1770:    571500.000000           1         -180.3224   
      1771:    571530.000000           1         -194.0384   
      1772:    571560.000000           1         -194.0277   
      1773:    571590.000000           1         -203.8354   
      1774:    571620.000000           1         -193.9828   
      1775:    571650.000000           1         -193.9697   
      1776:    571680.000000           1         -193.9582   
      1777:    571710.000000           1         -203.7798   
      1778:    571740.000000           1         -203.7684   
      1779:    571770.000000           1         -203.7568   
      1780:    571800.000000           1         -211.3052   
      1781:    571830.000000           1         -211.2948   
      1782:    571860.000000           1         -211.2846   
      1783:    571890.000000           1         -211.2731   
      1784:    571920.000000           1         -211.2616   
      1785:    571950.000000           1         -211.2506   
      1786:    571980.000000           1         -211.2382   
      1787:    572010.000000           1         -211.2274   
      1788:    572040.000000           1         -211.2161   
      1789:    572070.000000           1         -211.2033   
      1790:    572100.000000           1         -212.7219   
      1791:    572130.000000           1         -211.1602   
      1792:    572160.000000           1         -211.1480   
      1793:    572190.000000           1         -211.1367   
      1794:    572220.000000           1         -211.1254   
      1795:    572250.000000           1         -211.1125   
      1796:    572280.000000           1         -211.1008   
      1797:    572310.000000           1         -203.5323   
      1798:    572340.000000           1         -203.5208   
      1799:    572370.000000           1         -203.5106   
      1800:    572400.000000           1         -203.4993   
      1801:    572430.000000           1         -203.4887   
      1802:    572460.000000           1         -203.4770   
      1803:    572490.000000           1         -203.4673   
      1804:    572520.000000           1         -203.4555   
      1805:    572550.000000           1         -203.4429   
      1806:    572580.000000           1         -203.4310   
      1807:    572610.000000           1         -203.4198   
      1808:    572640.000000           1         -203.4093   
      1809:    572670.000000           1         -203.3980   
      1810:    572700.000000           1         -193.5447   
      1811:    572730.000000           1         -193.5346   
      1812:    572760.000000           1         -203.3466   
      1813:    572790.000000           1         -203.3277   
      1814:    572820.000000           1         -203.3172   
      1815:    572850.000000           1         -193.4675   
      1816:    572880.000000           1         -193.4557   
      1817:    572910.000000           1         -193.4446   
      1818:    572940.000000           1         -193.4341   
      1819:    572970.000000           1         -193.4240   
      1820:    573000.000000           1         -193.4135   
      1821:    573030.000000           1         -193.3947   
      1822:    573060.000000           1         -210.7580   
      1823:    573090.000000           1         -203.1789   
      1824:    573120.000000           1         -203.1685   
      1825:    573150.000000           1         -210.7037   
      1826:    573180.000000           1         -203.1259   
      1827:    573210.000000           1         -203.1155   
      1828:    573240.000000           1         -203.1044   
      1829:    573270.000000           1         -210.6385   
      1830:    573300.000000           1         -203.0629   
      1831:    573330.000000           1         -210.5965   
      1832:    573360.000000           1         -203.0201   
      1833:    573390.000000           1         -210.5545   
      1834:    573420.000000           1         -193.1470   
      1835:    573450.000000           1         -193.1369   
      1836:    573480.000000           1         -193.1268   
      1837:    573510.000000           1         -202.9400   
      1838:    573540.000000           1         -202.9210   
      1839:    573570.000000           1         -202.9110   
      1840:    573600.000000           1         -210.4453   
      1841:    573630.000000           1         -202.8691   
      1842:    573660.000000           1         -202.8586   
      1843:    573690.000000           1         -202.8484   
      1844:    573720.000000           1         -210.3794   
      1845:    573750.000000           1         -202.8078   
      1846:    573780.000000           1         -202.7964   
      1847:    573810.000000           1         -202.7847   
      1848:    573840.000000           1         -202.7747   
      1849:    573870.000000           1         -192.9266   
      1850:    573900.000000           1         -192.9170   
      1851:    573930.000000           1         -192.9070   
      1852:    573960.000000           1         -192.8964   
      1853:    573990.000000           1         -192.8876   
      1854:    574020.000000           1         -192.8669   
      1855:    574050.000000           1         -192.8581   
      1856:    574080.000000           1         -202.6674   
      1857:    574110.000000           1         -192.8154   
      1858:    574140.000000           1         -202.6273   
      1859:    574170.000000           1         -202.6184   
      1860:    574200.000000           1         -202.6079   
      1861:    574230.000000           1         -202.5976   
      1862:    574260.000000           1         -192.7432   
      1863:    574290.000000           1         -202.5499   
      1864:    574320.000000           1         -202.5248   
      1865:    574350.000000           1         -192.6721   
      1866:    574380.000000           1         -192.6610   
      1867:    574410.000000           1         -192.6508   
      1868:    574440.000000           1         -192.6409   
      1869:    574470.000000           1         -192.6309   
      1870:    574500.000000           1         -192.6196   
      1871:    574530.000000           1         -192.6090   
      1872:    574560.000000           1         -192.5970   
      1873:    574590.000000           1         -192.5862   
      1874:    574620.000000           1         -202.4027   
      1875:    574650.000000           1         -192.5460   
      1876:    574680.000000           1         -192.5373   
      1877:    574710.000000           1         -202.3540   
      1878:    574740.000000           1         -192.4997   
      1879:    574770.000000           1         -178.6997   
      1880:    574800.000000           1         -178.6884   
      1881:    574830.000000           1         -178.6790   
      1882:    574860.000000           1         -178.6608   
      1883:    574890.000000           1         -178.6395   
      1884:    574920.000000           1         -178.6300   
      1885:    574950.000000           1         -178.6093   
      1886:    574980.000000           1         -178.5863   
      1887:    575010.000000           1         -178.5656   
      1888:    575040.000000           1         -320.3574   
      1889:    575070.000000           1         -320.3363   
      1890:    575100.000000           1         -320.3153   
      1891:    575130.000000           1         -320.3061   
      1892:    575160.000000           1         -178.4679   
      1893:    575190.000000           1         -320.2664   
      1894:    575220.000000           1         -320.2589   
      1895:    575250.000000           1         -320.2394   
      1896:    575280.000000           1         -320.2207   
      1897:    575310.000000           1         -320.1998   
      1898:    575340.000000           1         -320.1832   
      1899:    575370.000000           1         -320.1661   
      1900:    575400.000000           1         -178.3288   
      1901:    575430.000000           1         -320.1348   
      1902:    575460.000000           1         -178.2913   
      1903:    575490.000000           1         -320.0963   
      1904:    575520.000000           1         -178.2501   
      1905:    575550.000000           1         -320.0549   
      1906:    575580.000000           1         -178.2072   
      1907:    575610.000000           1         -262.3599   
      1908:    575640.000000           1         -319.9914   
      1909:    575670.000000           1         -178.1443   
      1910:    575700.000000           1         -319.9504   
      1911:    575730.000000           1         -319.9272   
      1912:    575760.000000           1         -319.9070   
      1913:    575790.000000           1         -319.8855   
      1914:    575820.000000           1         -178.0360   
      1915:    575850.000000           1         -319.8418   
      1916:    575880.000000           1         -319.8320   
      1917:    575910.000000           1         -177.9858   
      1918:    575940.000000           1         -177.9644   
      1919:    575970.000000           1         -177.9453   
      1920:    576000.000000           1         -191.7240   
      1921:    576030.000000           1         -177.9088   
      1922:    576060.000000           1         -177.8987   
      1923:    576090.000000           1         -191.6766   
      1924:    576120.000000           1         -177.8611   
      1925:    576150.000000           1         -177.8397   
      1926:    576180.000000           1         -177.8194   
      1927:    576210.000000           1         -177.8083   
      1928:    576240.000000           1         -177.7992   
      1929:    576270.000000           1         -177.7893   
      1930:    576300.000000           1         -177.7786   
      1931:    576330.000000           1         -191.5504   
      1932:    576360.000000           1         -177.7345   
      1933:    576390.000000           1         -177.7242   
      1934:    576420.000000           1         -177.7154   
      1935:    576450.000000           1         -177.7065   
      1936:    576480.000000           1         -177.6971   
      1937:    576510.000000           1         -319.5157   
      1938:    576540.000000           1         -319.4958   
      1939:    576570.000000           1         -319.4754   
      1940:    576600.000000           1         -319.4569   
      1941:    576630.000000           1         -319.4461   
      1942:    576660.000000           1         -191.3867   
      1943:    576690.000000           1         -319.4059   
      1944:    576720.000000           1         -319.3963   
      1945:    576750.000000           1         -177.5381   
      1946:    576780.000000           1         -177.5164   
      1947:    576810.000000           1         -319.3342   
      1948:    576840.000000           1         -319.3245   
      1949:    576870.000000           1         -319.3148   
      1950:    576900.000000           1         -319.3048   
      1951:    576930.000000           1         -319.2947   
      1952:    576960.000000           1         -177.4362   
      1953:    576990.000000           1         -319.2556   
      1954:    577020.000000           1         -319.2463   
      1955:    577050.000000           1         -319.2357   
      1956:    577080.000000           1         -177.3871   
      1957:    577110.000000           1         -177.3770   
      1958:    577140.000000           1         -177.3657   
      1959:    577170.000000           1         -177.3561   
      1960:    577200.000000           1         -177.3456   
      1961:    577230.000000           1         -177.3354   
      1962:    577260.000000           1         -191.1082   
      1963:    577290.000000           1         -177.2934   
      1964:    577320.000000           1         -177.2838   
      1965:    577350.000000           1         -177.2732   
      1966:    577380.000000           1         -177.2628   
      1967:    577410.000000           1         -177.2524   
      1968:    577440.000000           1         -191.0241   
      1969:    577470.000000           1         -177.2092   
      1970:    577500.000000           1         -177.1999   
      1971:    577530.000000           1         -177.1904   
      1972:    577560.000000           1         -200.8081   
      1973:    577590.000000           1         -190.9472   
      1974:    577620.000000           1         -177.1329   
      1975:    577650.000000           1         -177.1235   
      1976:    577680.000000           1         -177.1138   
      1977:    577710.000000           1         -177.1040   
      1978:    577740.000000           1         -177.0952   
      1979:    577770.000000           1         -190.8678   
      1980:    577800.000000           1         -190.8590   
      1981:    577830.000000           1         -190.8492   
      1982:    577860.000000           1         -190.8399   
      1983:    577890.000000           1         -190.8315   
      1984:    577920.000000           1         -190.8222   
      1985:    577950.000000           1         -190.8125   
      1986:    577980.000000           1         -190.8026   
      1987:    578010.000000           1         -190.7930   
      1988:    578040.000000           1         -190.7821   
      1989:    578070.000000           1         -190.7713   
      1990:    578100.000000           1         -190.7618   
      1991:    578130.000000           1         -200.5906   
      1992:    578160.000000           1         -190.7233   
      1993:    578190.000000           1         -190.7122   
      1994:    578220.000000           1         -190.7002   
      1995:    578250.000000           1         -190.6899   
      1996:    578280.000000           1         -190.6696   
      1997:    578310.000000           1         -200.4975   
      1998:    578340.000000           1         -190.6270   
      1999:    578370.000000           1         -200.4567   
      2000:    578400.000000           1         -190.5881   
      2001:    578430.000000           1         -190.5773   
      2002:    578460.000000           1         -190.5671   
      2003:    578490.000000           1         -190.5574   
      2004:    578520.000000           1         -190.5476   
      2005:    578550.000000           1         -190.5375   
      2006:    578580.000000           1         -190.5282   
      2007:    578610.000000           1         -190.5187   
      2008:    578640.000000           1         -176.7206   
      2009:    578670.000000           1         -176.7119   
      2010:    578700.000000           1         -176.7018   
      2011:    578730.000000           1         -176.6920   
      2012:    578760.000000           1         -176.6828   
      2013:    578790.000000           1         -176.6749   
      2014:    578820.000000           1         -176.6655   
      2015:    578850.000000           1         -176.6560   
      2016:    578880.000000           1         -200.2724   
      2017:    578910.000000           1         -200.2616   
      2018:    578940.000000           1         -200.2514   
      2019:    578970.000000           1         -200.2406   
      2020:    579000.000000           1         -200.2309   
      2021:    579030.000000           1         -200.2218   
      2022:    579060.000000           1         -207.7337   
      2023:    579090.000000           1         -200.1769   
      2024:    579120.000000           1         -207.6995   
      2025:    579150.000000           1         -209.2317   
      2026:    579180.000000           1         -221.0816   
      2027:    579210.000000           1         -221.0670   
      2028:    579240.000000           1         -209.1750   
      2029:    579270.000000           1         -221.0056   
      2030:    579300.000000           1         -220.9919   
      2031:    579330.000000           1         -200.0363   
      2032:    579360.000000           1         -220.9483   
      2033:    579390.000000           1         -207.5319   
      2034:    579420.000000           1         -220.9009   
      2035:    579450.000000           1         -199.9572   
      2036:    579480.000000           1         -199.9482   
      2037:    579510.000000           1         -207.4670   
      2038:    579540.000000           1         -199.9140   
      2039:    579570.000000           1         -199.9049   
      2040:    579600.000000           1         -207.4233   
      2041:    579630.000000           1         -207.4155   
      2042:    579660.000000           1         -220.7438   
      2043:    579690.000000           1         -220.7316   
      2044:    579720.000000           1         -220.7201   
      2045:    579750.000000           1         -220.7103   
      2046:    579780.000000           1         -220.7016   
