      1076:     32280.000000           1          -20.0018   
      1077:     32310.000000           1          -19.9992   
      1078:     32340.000000           1         -337.6471   
      1079:     32370.000000           1          -20.3153   
      1080:     32400.000000           1         -337.6361   
      1081:     32430.000000           1          -20.3130   
      1082:     32460.000000           1          -20.2165   
      1083:     32490.000000           1          -20.2288   
      1084:     32520.000000           1          -20.2536   
      1085:     32550.000000           1          -20.2470   
      1086:     32580.000000           1          -20.2215   
      1087:     32610.000000           1          -20.2130   
      1088:     32640.000000           1          -20.2321   
      1089:     32670.000000           1          -20.2219   
      1090:     32700.000000           1          -20.2179   
      1091:     32730.000000           1          -20.2113   
      1092:     32760.000000           1          -20.2051   
      1093:     32790.000000           1          -20.1932   
      1094:     32820.000000           1          -20.2088   
      1095:     32850.000000           1          -20.2285   
      1096:     32880.000000           1          -20.2227   
      1097:     32910.000000           1          -20.2311   
      1098:     32940.000000           1         -337.5612   
      1099:     32970.000000           1          -20.3446   
      1100:     33000.000000           1          -20.4341   
      1101:     33030.000000           1         -337.5369   
      1102:     33060.000000           1         -337.5344   
      1103:     33090.000000           1         -337.5280   
      1104:     33120.000000           1         -337.5259   
      1105:     33150.000000           1         -337.5216   
      1106:     33180.000000           1         -337.5139   
      1107:     33210.000000           1         -337.5078   
      1108:     33240.000000           1         -337.5010   
      1109:     33270.000000           1         -337.4923   
      1110:     33300.000000           1         -337.4844   
      1111:     33330.000000           1          -15.3111   
      1112:     33360.000000           1          -15.4702   
      1113:     33390.000000           1          -15.5086   
      1114:     33420.000000           1          -15.5281   
      1115:     33450.000000           1          -15.5902   
      1116:     33480.000000           1          -15.5889   
      1117:     33510.000000           1          -15.5527   
      1118:     33540.000000           1          -15.5669   
      1119:     33570.000000           1          -15.5765   
      1120:     33600.000000           1          -15.5812   
      1121:     33630.000000           1          -15.5495   
      1122:     33660.000000           1         -337.3790   
      1123:     33690.000000           1          -15.7850   
      1124:     33720.000000           1         -337.3775   
      1125:     33750.000000           1         -337.3708   
      1126:     33780.000000           1          -15.6335   
      1127:     33810.000000           1          -15.6080   
      1128:     33840.000000           1          -15.6046   
      1129:     33870.000000           1         -337.3437   
      1130:     33900.000000           1         -337.3426   
      1131:     33930.000000           1          -14.5286   
      1132:     33960.000000           1         -337.3289   
      1133:     33990.000000           1         -337.3228   
      1134:     34020.000000           1         -305.4260   
      1135:     34050.000000           1         -337.2860   
      1136:     34080.000000           1         -305.3958   
      1137:     34110.000000           1         -337.2663   
      1138:     34140.000000           1         -305.3876   
      1139:     34170.000000           1         -337.2464   
      1140:     34200.000000           1         -337.2380   
      1141:     34230.000000           1         -337.2389   
      1142:     34260.000000           1         -337.2371   
      1143:     34290.000000           1         -337.2371   
      1144:     34320.000000           1         -337.2286   
      1145:     34350.000000           1         -337.2201   
      1146:     34380.000000           1         -337.2128   
      1147:     34410.000000           1         -337.2133   
      1148:     34440.000000           1         -337.2103   
      1149:     34470.000000           1         -337.2028   
      1150:     34500.000000           1         -337.1871   
      1151:     34530.000000           1         -337.1841   
      1152:     34560.000000           1         -337.1716   
      1153:     34590.000000           1         -337.1567   
      1154:     34620.000000           1         -337.1522   
      1155:     34650.000000           1         -337.1500   
      1156:     34680.000000           1         -337.1445   
      1157:     34710.000000           1         -337.1404   
      1158:     34740.000000           1         -337.1394   
      1159:     34770.000000           1         -337.1374   
      1160:     34800.000000           1         -337.1327   
      1161:     34830.000000           1         -337.1268   
      1162:     34860.000000           1         -337.1235   
      1163:     34890.000000           1         -337.1159   
      1164:     34920.000000           1         -337.1105   
      1165:     34950.000000           1          -14.0745   
      1166:     34980.000000           1          -14.0625   
      1167:     35010.000000           1          -14.0559   
      1168:     35040.000000           1          -14.0592   
      1169:     35070.000000           1          -14.0590   
      1170:     35100.000000           1         -337.0779   
      1171:     35130.000000           1          -14.0411   
      1172:     35160.000000           1         -337.0430   
      1173:     35190.000000           1          -14.0275   
      1174:     35220.000000           1          -14.0167   
      1175:     35250.000000           1         -337.0196   
      1176:     35280.000000           1         -337.0127   
      1177:     35310.000000           1         -337.0029   
      1178:     35340.000000           1         -336.9997   
      1179:     35370.000000           1         -336.9929   
      1180:     35400.000000           1         -336.9821   
      1181:     35430.000000           1         -336.9777   
      1182:     35460.000000           1         -336.9697   
      1183:     35490.000000           1         -336.9617   
      1184:     35520.000000           1         -336.9523   
      1185:     35550.000000           1         -336.9439   
      1186:     35580.000000           1         -336.9367   
      1187:     35610.000000           1         -336.9299   
      1188:     35640.000000           1         -336.9219   
      1189:     35670.000000           1         -336.9145   
      1190:     35700.000000           1         -336.9118   
      1191:     35730.000000           1         -336.9050   
      1192:     35760.000000           1         -336.8977   
      1193:     35790.000000           1         -336.8898   
      1194:     35820.000000           1         -336.8790   
      1195:     35850.000000           1         -336.8659   
      1196:     35880.000000           1         -336.8537   
      1197:     35910.000000           1         -304.9629   
      1198:     35940.000000           1         -336.8312   
      1199:     35970.000000           1         -336.8260   
      1200:     36000.000000           1         -336.8142   
      1201:     36030.000000           1          -13.8411   
      1202:     36060.000000           1         -336.8084   
      1203:     36090.000000           1         -336.8109   
      1204:     36120.000000           1         -336.8104   
      1205:     36150.000000           1          -13.8326   
      1206:     36180.000000           1          -13.8332   
      1207:     36210.000000           1          -13.8386   
      1208:     36240.000000           1         -336.7985   
      1209:     36270.000000           1          -13.8523   
      1210:     36300.000000           1          -13.8495   
      1211:     36330.000000           1          -13.8505   
      1212:     36360.000000           1          -13.8568   
      1213:     36390.000000           1          -13.8528   
      1214:     36420.000000           1          -13.8450   
      1215:     36450.000000           1          -13.8431   
      1216:     36480.000000           1         -336.7849   
      1217:     36510.000000           1         -336.7800   
      1218:     36540.000000           1          -13.8413   
      1219:     36570.000000           1         -304.8954   
      1220:     36600.000000           1         -304.8890   
      1221:     36630.000000           1         -304.8813   
      1222:     36660.000000           1         -304.8807   
      1223:     36690.000000           1         -304.8694   
      1224:     36720.000000           1         -304.8688   
      1225:     36750.000000           1         -304.8619   
      1226:     36780.000000           1         -304.8561   
      1227:     36810.000000           1         -304.8515   
      1228:     36840.000000           1         -304.8493   
      1229:     36870.000000           1         -304.8446   
      1230:     36900.000000           1         -304.8371   
      1231:     36930.000000           1         -304.8361   
      1232:     36960.000000           1         -304.8340   
      1233:     36990.000000           1         -304.8294   
      1234:     37020.000000           1         -304.8244   
      1235:     37050.000000           1         -304.8232   
      1236:     37080.000000           1         -304.8203   
      1237:     37110.000000           1         -304.8148   
      1238:     37140.000000           1         -304.8142   
      1239:     37170.000000           1         -304.8141   
      1240:     37200.000000           1         -304.8199   
      1241:     37230.000000           1         -304.8209   
      1242:     37260.000000           1         -304.8177   
      1243:     37290.000000           1         -304.8103   
      1244:     37320.000000           1         -304.8086   
      1245:     37350.000000           1         -304.7994   
      1246:     37380.000000           1         -304.7935   
      1247:     37410.000000           1         -304.7859   
      1248:     37440.000000           1         -304.7855   
      1249:     37470.000000           1         -304.7779   
      1250:     37500.000000           1         -304.7690   
      1251:     37530.000000           1         -304.7646   
      1252:     37560.000000           1         -336.6507   
      1253:     37590.000000           1         -304.7582   
      1254:     37620.000000           1         -336.6396   
      1255:     37650.000000           1         -336.6351   
      1256:     37680.000000           1          -13.7171   
      1257:     37710.000000           1          -13.7167   
      1258:     37740.000000           1         -336.6168   
      1259:     37770.000000           1          -13.6944   
      1260:     37800.000000           1          -13.6856   
      1261:     37830.000000           1          -13.6808   
      1262:     37860.000000           1          -13.6776   
      1263:     37890.000000           1          -13.6743   
      1264:     37920.000000           1         -336.5710   
      1265:     37950.000000           1          -13.6532   
      1266:     37980.000000           1          -13.6468   
      1267:     38010.000000           1          -13.6451   
      1268:     38040.000000           1          -13.6392   
      1269:     38070.000000           1          -13.6355   
      1270:     38100.000000           1          -13.6238   
      1271:     38130.000000           1          -13.6190   
      1272:     38160.000000           1          -13.6226   
      1273:     38190.000000           1          -13.6174   
      1274:     38220.000000           1          -13.6190   
      1275:     38250.000000           1          -13.6210   
      1276:     38280.000000           1          -13.6207   
      1277:     38310.000000           1          -13.6146   
      1278:     38340.000000           1          -13.6131   
      1279:     38370.000000           1          -13.6117   
      1280:     38400.000000           1          -13.6182   
      1281:     38430.000000           1          -13.6150   
      1282:     38460.000000           1          -13.6168   
      1283:     38490.000000           1          -13.6136   
      1284:     38520.000000           1          -13.6071   
      1285:     38550.000000           1          -13.5930   
      1286:     38580.000000           1          -13.5859   
      1287:     38610.000000           1          -13.5833   
      1288:     38640.000000           1          -13.5749   
      1289:     38670.000000           1          -13.5740   
      1290:     38700.000000           1          -13.5725   
      1291:     38730.000000           1          -13.5633   
      1292:     38760.000000           1          -13.5587   
      1293:     38790.000000           1          -13.5581   
      1294:     38820.000000           1          -13.5644   
      1295:     38850.000000           1          -13.5580   
      1296:     38880.000000           1          -13.5526   
      1297:     38910.000000           1          -13.5507   
      1298:     38940.000000           1          -13.5501   
      1299:     38970.000000           1          -13.5480   
      1300:     39000.000000           1          -13.5467   
      1301:     39030.000000           1          -13.5487   
      1302:     39060.000000           1          -13.5463   
      1303:     39090.000000           1          -13.5468   
      1304:     39120.000000           1          -13.5367   
      1305:     39150.000000           1          -13.5357   
      1306:     39180.000000           1          -13.5404   
      1307:     39210.000000           1          -13.5435   
      1308:     39240.000000           1          -13.5401   
      1309:     39270.000000           1          -13.5429   
      1310:     39300.000000           1          -13.5438   
      1311:     39330.000000           1          -13.5425   
      1312:     39360.000000           1          -13.5393   
      1313:     39390.000000           1          -13.5399   
      1314:     39420.000000           1          -13.5397   
      1315:     39450.000000           1          -13.5387   
      1316:     39480.000000           1          -13.5392   
      1317:     39510.000000           1          -13.5324   
      1318:     39540.000000           1          -13.5310   
      1319:     39570.000000           1          -13.5239   
      1320:     39600.000000           1          -13.5205   
      1321:     39630.000000           1          -13.5128   
      1322:     39660.000000           1          -13.5113   
      1323:     39690.000000           1          -13.5099   
      1324:     39720.000000           1          -13.5100   
      1325:     39750.000000           1          -13.5073   
      1326:     39780.000000           1          -13.5040   
      1327:     39810.000000           1          -13.4989   
      1328:     39840.000000           1          -13.4951   
      1329:     39870.000000           1          -13.4950   
      1330:     39900.000000           1          -13.4946   
      1331:     39930.000000           1          -13.4925   
      1332:     39960.000000           1          -13.4894   
      1333:     39990.000000           1          -13.4933   
      1334:     40020.000000           1          -13.4999   
      1335:     40050.000000           1          -13.4964   
      1336:     40080.000000           1          -13.4968   
      1337:     40110.000000           1          -13.4902   
      1338:     40140.000000           1          -13.4945   
      1339:     40170.000000           1          -13.4950   
      1340:     40200.000000           1          -13.4920   
      1341:     40230.000000           1          -13.4888   
      1342:     40260.000000           1          -13.4838   
      1343:     40290.000000           1          -13.4827   
      1344:     40320.000000           1          -13.4770   
      1345:     40350.000000           1          -13.4745   
      1346:     40380.000000           1          -13.4709   
      1347:     40410.000000           1          -13.4637   
      1348:     40440.000000           1          -13.4639   
      1349:     40470.000000           1          -13.4597   
      1350:     40500.000000           1          -13.4543   
      1351:     40530.000000           1          -13.4489   
      1352:     40560.000000           1          -13.4435   
      1353:     40590.000000           1          -13.4427   
      1354:     40620.000000           1          -13.4387   
      1355:     40650.000000           1          -13.4333   
      1356:     40680.000000           1          -13.4302   
      1357:     40710.000000           1          -13.4237   
      1358:     40740.000000           1          -13.4215   
      1359:     40770.000000           1          -13.4260   
      1360:     40800.000000           1          -13.4220   
      1361:     40830.000000           1          -13.4240   
      1362:     40860.000000           1          -13.4248   
      1363:     40890.000000           1          -13.4232   
      1364:     40920.000000           1          -13.4224   
      1365:     40950.000000           1          -13.4196   
      1366:     40980.000000           1          -13.4179   
      1367:     41010.000000           1          -13.4130   
      1368:     41040.000000           1          -13.4104   
      1369:     41070.000000           1          -13.4078   
      1370:     41100.000000           1          -13.4063   
      1371:     41130.000000           1          -13.4012   
      1372:     41160.000000           1          -13.3993   
      1373:     41190.000000           1          -13.3956   
      1374:     41220.000000           1          -13.3985   
      1375:     41250.000000           1          -13.3991   
      1376:     41280.000000           1          -13.3997   
      1377:     41310.000000           1          -13.3899   
      1378:     41340.000000           1          -13.3898   
      1379:     41370.000000           1          -13.3932   
      1380:     41400.000000           1          -13.3944   
      1381:     41430.000000           1          -13.3910   
      1382:     41460.000000           1          -13.3887   
      1383:     41490.000000           1          -13.3817   
      1384:     41520.000000           1          -13.3811   
      1385:     41550.000000           1          -13.3808   
      1386:     41580.000000           1          -13.3828   
      1387:     41610.000000           1          -13.3839   
      1388:     41640.000000           1          -13.3838   
      1389:     41670.000000           1          -13.3833   
      1390:     41700.000000           1          -13.3825   
      1391:     41730.000000           1          -13.3888   
      1392:     41760.000000           1          -13.3931   
      1393:     41790.000000           1          -13.3964   
      1394:     41820.000000           1          -13.3951   
      1395:     41850.000000           1          -13.3995   
      1396:     41880.000000           1          -13.4013   
      1397:     41910.000000           1          -13.3995   
      1398:     41940.000000           1          -13.3976   
      1399:     41970.000000           1          -13.4004   
      1400:     42000.000000           1          -13.3989   
      1401:     42030.000000           1          -13.3971   
      1402:     42060.000000           1          -13.3976   
      1403:     42090.000000           1          -13.3985   
      1404:     42120.000000           1          -13.3996   
      1405:     42150.000000           1          -13.4045   
      1406:     42180.000000           1          -13.4056   
      1407:     42210.000000           1          -86.7732   
      1408:     42240.000000           1          -86.7730   
      1409:     42270.000000           1          -86.7789   
      1410:     42300.000000           1          -86.7803   
      1411:     42330.000000           1          -86.7774   
      1412:     42360.000000           1          -13.4163   
      1413:     42390.000000           1          -86.7876   
      1414:     42420.000000           1          -13.4268   
      1415:     42450.000000           1          -86.7891   
      1416:     42480.000000           1          -86.7906   
      1417:     42510.000000           1          -86.7913   
      1418:     42540.000000           1          -86.7873   
      1419:     42570.000000           1          -86.7842   
      1420:     42600.000000           1          -86.7805   
      1421:     42630.000000           1          -86.7747   
      1422:     42660.000000           1          -86.7665   
      1423:     42690.000000           1          -86.7628   
      1424:     42720.000000           1          -86.7633   
      1425:     42750.000000           1          -86.7574   
      1426:     42780.000000           1          -86.7457   
      1427:     42810.000000           1          -86.7414   
      1428:     42840.000000           1          -86.7388   
      1429:     42870.000000           1          -86.7372   
      1430:     42900.000000           1          -86.7345   
      1431:     42930.000000           1          -86.7294   
      1432:     42960.000000           1          -86.7268   
      1433:     42990.000000           1          -86.7266   
      1434:     43020.000000           1          -86.7222   
      1435:     43050.000000           1          -86.7227   
      1436:     43080.000000           1          -86.7218   
      1437:     43110.000000           1          -86.7188   
      1438:     43140.000000           1          -86.7128   
      1439:     43170.000000           1          -13.3877   
      1440:     43200.000000           1          -13.3828   
      1441:     43230.000000           1          -13.3774   
      1442:     43260.000000           1          -86.6936   
      1443:     43290.000000           1          -86.6896   
      1444:     43320.000000           1          -86.6878   
      1445:     43350.000000           1         -304.3308   
      1446:     43380.000000           1         -304.3286   
      1447:     43410.000000           1         -304.3237   
      1448:     43440.000000           1         -304.3210   
      1449:     43470.000000           1         -304.3221   
      1450:     43500.000000           1         -304.3217   
      1451:     43530.000000           1         -304.3203   
      1452:     43560.000000           1         -304.3164   
      1453:     43590.000000           1         -304.3154   
      1454:     43620.000000           1         -304.3132   
      1455:     43650.000000           1         -304.3088   
      1456:     43680.000000           1         -304.3089   
      1457:     43710.000000           1         -304.3108   
      1459:     43770.000000           1         -304.3270   
      1460:     43800.000000           1         -304.3285   
      1461:     43830.000000           1         -304.3276   
      1462:     43860.000000           1         -304.3282   
      1463:     43890.000000           1         -304.3277   
      1464:     43920.000000           1          -86.6274   
      1465:     43950.000000           1          -86.6246   
      1466:     43980.000000           1          -86.6238   
      1467:     44010.000000           1          -86.6159   
      1468:     44040.000000           1          -86.6121   
      1469:     44070.000000           1          -86.6103   
      1470:     44100.000000           1          -86.6031   
      1471:     44130.000000           1          -86.5997   
      1472:     44160.000000           1          -13.3568   
      1473:     44190.000000           1          -13.3618   
      1474:     44220.000000           1          -13.3680   
      1475:     44250.000000           1          -13.3683   
      1476:     44280.000000           1          -13.3675   
      1477:     44310.000000           1          -13.3697   
      1478:     44340.000000           1          -13.3690   
      1479:     44370.000000           1          -13.3691   
      1480:     44400.000000           1          -13.3695   
      1481:     44430.000000           1          -13.3721   
      1482:     44460.000000           1          -13.3772   
      1483:     44490.000000           1          -13.3790   
      1484:     44520.000000           1          -13.3841   
      1485:     44550.000000           1          -13.3885   
      1486:     44580.000000           1          -86.6148   
      1487:     44610.000000           1          -13.3995   
      1488:     44640.000000           1          -13.3980   
      1489:     44670.000000           1          -13.3960   
      1490:     44700.000000           1          -13.3976   
      1491:     44730.000000           1          -86.6124   
      1492:     44760.000000           1          -13.4045   
      1493:     44790.000000           1          -86.6060   
      1494:     44820.000000           1          -86.5999   
      1495:     44850.000000           1          -86.5959   
      1496:     44880.000000           1          -86.5900   
      1497:     44910.000000           1          -86.5858   
      1498:     44940.000000           1          -86.5823   
      1499:     44970.000000           1          -86.5820   
      1500:     45000.000000           1          -86.5781   
      1501:     45030.000000           1          -86.5818   
      1502:     45060.000000           1          -86.5895   
      1503:     45090.000000           1          -86.5955   
      1504:     45120.000000           1          -86.6046   
      1505:     45150.000000           1          -86.6133   
      1506:     45180.000000           1          -86.6158   
      1507:     45210.000000           1          -86.6209   
      1508:     45240.000000           1          -86.6271   
      1509:     45270.000000           1          -86.6256   
      1510:     45300.000000           1          -86.6275   
      1511:     45330.000000           1          -86.6313   
      1513:     45390.000000           1          -86.6296   
      1514:     45420.000000           1          -86.6295   
      1515:     45450.000000           1          -86.6275   
      1516:     45480.000000           1          -86.6263   
      1517:     45510.000000           1          -86.6270   
      1518:     45540.000000           1          -86.6267   
      1519:     45570.000000           1          -86.6256   
      1520:     45600.000000           1          -86.6252   
      1521:     45630.000000           1          -86.6240   
      1522:     45660.000000           1          -86.6188   
      1523:     45690.000000           1          -13.4168   
      1524:     45720.000000           1          -13.4184   
      1525:     45750.000000           1          -13.4205   
      1526:     45780.000000           1          -13.4240   
      1527:     45810.000000           1          -86.6295   
      1528:     45840.000000           1          -13.4253   
      1529:     45870.000000           1          -86.6445   
      1530:     45900.000000           1          -13.4337   
      1531:     45930.000000           1          -13.4352   
      1532:     45960.000000           1          -13.4325   
      1533:     45990.000000           1          -13.4347   
      1534:     46020.000000           1          -13.4393   
      1535:     46050.000000           1          -13.4416   
      1536:     46080.000000           1          -13.4444   
      1537:     46110.000000           1          -86.6539   
      1538:     46140.000000           1          -13.4490   
      1539:     46170.000000           1          -13.4493   
      1540:     46200.000000           1          -13.4476   
      1541:     46230.000000           1          -13.4478   
      1542:     46260.000000           1          -13.4445   
      1543:     46290.000000           1          -13.4474   
      1544:     46320.000000           1          -13.4445   
      1545:     46350.000000           1          -86.6577   
      1546:     46380.000000           1          -13.4601   
      1547:     46410.000000           1          -13.4652   
      1548:     46440.000000           1          -13.4723   
      1549:     46470.000000           1          -13.4772   
      1550:     46500.000000           1          -13.4796   
      1551:     46530.000000           1          -13.4824   
      1552:     46560.000000           1          -13.4884   
      1553:     46590.000000           1          -13.4922   
      1554:     46620.000000           1          -13.4982   
      1555:     46650.000000           1          -13.5016   
      1556:     46680.000000           1          -13.5090   
      1557:     46710.000000           1          -13.5092   
      1558:     46740.000000           1          -13.5108   
      1559:     46770.000000           1          -13.5108   
      1560:     46800.000000           1          -86.7260   
      1561:     46830.000000           1          -13.5358   
      1562:     46860.000000           1          -13.5341   
      1563:     46890.000000           1          -13.5412   
      1564:     46920.000000           1          -13.5439   
      1565:     46950.000000           1          -13.5496   
      1566:     46980.000000           1          -13.5523   
      1567:     47010.000000           1          -13.5530   
      1568:     47040.000000           1          -13.5560   
      1569:     47070.000000           1          -13.5560   
      1570:     47100.000000           1          -13.5590   
      1571:     47130.000000           1          -13.5616   
      1572:     47160.000000           1          -13.5632   
      1573:     47190.000000           1          -13.5654   
      1574:     47220.000000           1          -86.7740   
      1575:     47250.000000           1          -13.5587   
      1576:     47280.000000           1          -13.5651   
      1577:     47310.000000           1          -13.5622   
      1578:     47340.000000           1          -13.5624   
      1579:     47370.000000           1          -13.5641   
      1580:     47400.000000           1          -13.5651   
      1581:     47430.000000           1          -86.7766   
      1582:     47460.000000           1          -86.7808   
      1583:     47490.000000           1          -86.7844   
      1584:     47520.000000           1          -86.7876   
      1585:     47550.000000           1          -86.7950   
      1586:     47580.000000           1          -86.7993   
      1587:     47610.000000           1          -86.8023   
      1588:     47640.000000           1          -86.8056   
      1589:     47670.000000           1          -86.8073   
      1590:     47700.000000           1          -86.8061   
      1591:     47730.000000           1          -86.8092   
      1592:     47760.000000           1          -86.8115   
      1593:     47790.000000           1          -86.8113   
      1594:     47820.000000           1          -86.8097   
      1595:     47850.000000           1          -86.8089   
      1596:     47880.000000           1          -86.8102   
      1597:     47910.000000           1          -86.8128   
      1598:     47940.000000           1          -86.8105   
      1599:     47970.000000           1          -86.8117   
      1600:     48000.000000           1          -86.8116   
      1601:     48030.000000           1          -86.8113   
      1602:     48060.000000           1          -13.5918   
      1603:     48090.000000           1          -86.8099   
      1604:     48120.000000           1          -86.8127   
      1605:     48150.000000           1          -86.8131   
      1606:     48180.000000           1          -86.8191   
      1607:     48210.000000           1          -86.8268   
      1608:     48240.000000           1          -13.6114   
      1609:     48270.000000           1          -13.6128   
      1610:     48300.000000           1          -13.6142   
      1611:     48330.000000           1          -13.6173   
      1612:     48360.000000           1          -86.8416   
      1613:     48390.000000           1          -86.8414   
      1614:     48420.000000           1          -86.8384   
      1615:     48450.000000           1          -86.8422   
      1616:     48480.000000           1          -86.8480   
      1617:     48510.000000           1          -86.8504   
      1618:     48540.000000           1          -86.8526   
      1619:     48570.000000           1          -86.8529   
      1620:     48600.000000           1          -86.8558   
      1621:     48630.000000           1          -86.8542   
      1622:     48660.000000           1          -86.8534   
      1623:     48690.000000           1          -86.8574   
      1624:     48720.000000           1          -86.8590   
      1625:     48750.000000           1          -86.8626   
      1626:     48780.000000           1          -86.8683   
      1627:     48810.000000           1          -86.8716   
      1628:     48840.000000           1          -86.8743   
      1629:     48870.000000           1          -86.8736   
      1630:     48900.000000           1          -86.8744   
      1631:     48930.000000           1          -86.8757   
      1632:     48960.000000           1          -86.8747   
      1633:     48990.000000           1          -86.8751   
      1634:     49020.000000           1          -86.8803   
      1635:     49050.000000           1          -86.8882   
      1636:     49080.000000           1          -86.8932   
      1637:     49110.000000           1          -86.8981   
      1638:     49140.000000           1          -86.8985   
      1639:     49170.000000           1          -86.9008   
      1640:     49200.000000           1          -13.6653   
      1641:     49230.000000           1          -13.6674   
      1642:     49260.000000           1          -13.6639   
      1643:     49290.000000           1          -13.6650   
      1644:     49320.000000           1          -13.6633   
      1645:     49350.000000           1          -13.6646   
      1646:     49380.000000           1          -13.6672   
      1647:     49410.000000           1          -13.6705   
      1648:     49440.000000           1          -13.6752   
      1649:     49470.000000           1          -13.6795   
      1650:     49500.000000           1          -13.6796   
      1651:     49530.000000           1          -13.6791   
      1652:     49560.000000           1          -13.6823   
      1653:     49590.000000           1          -13.6878   
      1654:     49620.000000           1          -13.6938   
      1655:     49650.000000           1          -13.6969   
      1656:     49680.000000           1          -13.7002   
      1657:     49710.000000           1          -13.7008   
      1658:     49740.000000           1          -13.7032   
      1659:     49770.000000           1          -13.7050   
      1660:     49800.000000           1          -13.7047   
      1661:     49830.000000           1          -13.7064   
      1662:     49860.000000           1          -13.7049   
      1663:     49890.000000           1          -13.7040   
      1664:     49920.000000           1          -13.7052   
      1665:     49950.000000           1          -13.7102   
      1666:     49980.000000           1          -13.7134   
      1667:     50010.000000           1          -13.7163   
      1668:     50040.000000           1          -13.7170   
      1669:     50070.000000           1          -13.7154   
      1670:     50100.000000           1          -13.7120   
      1671:     50130.000000           1          -13.7061   
      1672:     50160.000000           1          -13.7018   
      1673:     50190.000000           1          -13.6989   
      1674:     50220.000000           1          -13.7006   
      1675:     50250.000000           1          -13.6987   
      1676:     50280.000000           1          -13.7006   
      1677:     50310.000000           1          -13.6965   
      1678:     50340.000000           1          -13.6999   
      1679:     50370.000000           1          -13.7017   
      1680:     50400.000000           1          -13.6941   
      1681:     50430.000000           1          -13.6950   
      1682:     50460.000000           1          -13.6934   
      1683:     50490.000000           1          -13.6917   
      1684:     50520.000000           1          -13.6923   
      1685:     50550.000000           1          -13.6953   
      1686:     50580.000000           1          -13.6921   
      1687:     50610.000000           1          -13.6935   
      1688:     50640.000000           1          -13.6981   
      1689:     50670.000000           1          -13.6993   
      1690:     50700.000000           1          -13.6957   
      1691:     50730.000000           1          -13.6916   
      1692:     50760.000000           1          -13.6922   
      1693:     50790.000000           1          -13.6923   
      1694:     50820.000000           1          -13.6911   
      1695:     50850.000000           1          -13.6901   
      1696:     50880.000000           1          -13.6892   
      1697:     50910.000000           1         -191.5652   
      1698:     50940.000000           1          -13.6830   
      1699:     50970.000000           1          -13.6811   
      1700:     51000.000000           1          -13.6804   
      1701:     51030.000000           1          -13.6816   
      1702:     51060.000000           1          -13.6827   
      1703:     51090.000000           1          -13.6878   
      1704:     51120.000000           1          -13.6892   
      1705:     51150.000000           1          -13.6907   
      1706:     51180.000000           1          -13.6878   
      1707:     51210.000000           1          -13.6868   
      1708:     51240.000000           1          -13.6889   
      1709:     51270.000000           1          -13.6867   
      1710:     51300.000000           1          -13.6856   
      1711:     51330.000000           1          -13.6867   
      1712:     51360.000000           1          -13.6876   
      1713:     51390.000000           1          -13.6866   
      1714:     51420.000000           1          -13.6851   
      1715:     51450.000000           1          -13.6865   
      1716:     51480.000000           1          -13.6884   
      1717:     51510.000000           1          -13.6907   
      1718:     51540.000000           1          -13.6879   
      1719:     51570.000000           1          -13.6868   
      1720:     51600.000000           1          -13.6860   
      1721:     51630.000000           1          -13.6831   
      1722:     51660.000000           1          -13.6821   
      1723:     51690.000000           1          -13.6737   
      1724:     51720.000000           1          -13.6690   
      1725:     51750.000000           1          -13.6711   
      1726:     51780.000000           1          -13.6748   
      1727:     51810.000000           1          -13.6786   
      1728:     51840.000000           1          -13.6816   
      1729:     51870.000000           1          -13.6788   
      1730:     51900.000000           1          -13.6789   
      1731:     51930.000000           1          -13.6782   
      1732:     51960.000000           1          -13.6802   
      1733:     51990.000000           1          -13.6796   
      1734:     52020.000000           1          -13.6812   
      1735:     52050.000000           1          -13.6839   
      1736:     52080.000000           1          -13.6850   
      1737:     52110.000000           1          -13.6843   
      1738:     52140.000000           1          -13.6863   
      1739:     52170.000000           1          -13.6872   
      1740:     52200.000000           1          -13.6894   
      1741:     52230.000000           1          -13.6918   
      1742:     52260.000000           1          -13.6955   
      1743:     52290.000000           1          -13.6970   
      1744:     52320.000000           1          -13.6967   
      1745:     52350.000000           1          -13.6993   
      1746:     52380.000000           1          -13.7064   
      1747:     52410.000000           1          -13.7054   
      1748:     52440.000000           1          -13.7045   
      1749:     52470.000000           1          -13.7058   
      1750:     52500.000000           1          -13.7024   
      1751:     52530.000000           1          -13.6986   
      1752:     52560.000000           1          -13.6987   
      1753:     52590.000000           1          -13.6978   
      1754:     52620.000000           1          -13.6978   
      1755:     52650.000000           1          -13.6960   
      1756:     52680.000000           1          -13.6945   
      1757:     52710.000000           1          -13.6965   
      1758:     52740.000000           1          -13.7008   
      1759:     52770.000000           1          -13.7032   
      1760:     52800.000000           1          -13.7048   
      1761:     52830.000000           1          -13.7040   
      1762:     52860.000000           1          -13.7004   
      1763:     52890.000000           1          -13.7006   
      1764:     52920.000000           1          -13.7049   
      1765:     52950.000000           1          -13.7037   
      1766:     52980.000000           1          -13.7037   
      1767:     53010.000000           1          -13.7059   
      1768:     53040.000000           1          -13.7122   
      1769:     53070.000000           1          -13.7189   
      1770:     53100.000000           1          -13.7219   
      1771:     53130.000000           1          -13.7232   
      1772:     53160.000000           1          -13.7234   
      1773:     53190.000000           1          -13.7233   
      1774:     53220.000000           1         -191.4494   
      1775:     53250.000000           1          -13.7331   
      1776:     53280.000000           1          -13.7333   
      1777:     53310.000000           1          -13.7353   
      1778:     53340.000000           1          181.8922   
      1779:     53370.000000           1         -191.4444   
      1780:     53400.000000           1         -191.4447   
      1781:     53430.000000           1         -191.4448   
      1782:     53460.000000           1         -191.4417   
      1783:     53490.000000           1         -191.4413   
      1784:     53520.000000           1         -191.4419   
      1785:     53550.000000           1         -191.4447   
      1786:     53580.000000           1         -191.4484   
      1787:     53610.000000           1         -191.4465   
      1788:     53640.000000           1         -191.4443   
      1789:     53670.000000           1         -191.4428   
      1790:     53700.000000           1         -191.4394   
      1791:     53730.000000           1         -191.4374   
      1792:     53760.000000           1         -191.4342   
      1793:     53790.000000           1         -191.4269   
      1794:     53820.000000           1         -191.4226   
      1795:     53850.000000           1         -191.4243   
      1796:     53880.000000           1         -191.4219   
      1797:     53910.000000           1         -191.4247   
      1798:     53940.000000           1         -191.4292   
      1799:     53970.000000           1         -191.4335   
      1800:     54000.000000           1          181.9186   
      1801:     54030.000000           1          -13.7640   
      1802:     54060.000000           1         -191.4592   
      1803:     54090.000000           1         -191.4612   
      1804:     54120.000000           1         -191.4574   
      1805:     54150.000000           1         -191.4518   
      1806:     54180.000000           1          181.9128   
      1807:     54210.000000           1         -191.4417   
      1808:     54240.000000           1         -191.4400   
      1809:     54270.000000           1         -191.4376   
      1810:     54300.000000           1          181.9125   
      1811:     54330.000000           1          181.9121   
      1812:     54360.000000           1          181.9132   
      1813:     54390.000000           1          181.9146   
      1814:     54420.000000           1          181.9074   
      1815:     54450.000000           1          181.9038   
      1816:     54480.000000           1          181.9028   
      1817:     54510.000000           1          181.9022   
      1818:     54540.000000           1          181.9030   
      1819:     54570.000000           1          181.9058   
      1820:     54600.000000           1          181.9110   
      1821:     54630.000000           1          181.9153   
      1822:     54660.000000           1          181.9226   
      1823:     54690.000000           1          -87.0297   
      1824:     54720.000000           1          -87.0295   
      1825:     54750.000000           1          -87.0288   
      1826:     54780.000000           1          -87.0323   
      1827:     54810.000000           1          -87.0350   
      1828:     54840.000000           1          -87.0361   
      1829:     54870.000000           1          -87.0418   
      1830:     54900.000000           1          181.9203   
      1831:     54930.000000           1          181.9206   
      1832:     54960.000000           1         -191.4340   
      1833:     54990.000000           1         -191.4338   
      1834:     55020.000000           1         -191.4289   
      1835:     55050.000000           1         -191.4295   
      1836:     55080.000000           1         -191.4266   
      1837:     55110.000000           1         -191.4228   
      1838:     55140.000000           1         -191.4207   
      1839:     55170.000000           1         -191.4196   
      1840:     55200.000000           1         -191.4214   
      1841:     55230.000000           1         -191.4236   
      1842:     55260.000000           1         -191.4256   
      1843:     55290.000000           1         -191.4228   
      1844:     55320.000000           1         -191.4222   
      1845:     55350.000000           1         -191.4219   
      1846:     55380.000000           1         -191.4236   
      1847:     55410.000000           1         -191.4318   
      1848:     55440.000000           1         -191.4326   
      1849:     55470.000000           1         -191.4304   
      1850:     55500.000000           1         -191.4283   
      1851:     55530.000000           1         -191.4286   
      1852:     55560.000000           1         -191.4294   
      1853:     55590.000000           1         -191.4306   
      1854:     55620.000000           1         -191.4342   
      1855:     55650.000000           1         -191.4350   
      1856:     55680.000000           1         -191.4391   
      1857:     55710.000000           1         -191.4421   
      1858:     55740.000000           1         -191.4408   
      1859:     55770.000000           1          181.8724   
      1860:     55800.000000           1         -191.4422   
      1861:     55830.000000           1         -191.4457   
      1862:     55860.000000           1         -191.4481   
      1863:     55890.000000           1         -191.4475   
      1864:     55920.000000           1         -191.4468   
      1865:     55950.000000           1         -191.4474   
      1866:     55980.000000           1         -191.4483   
      1867:     56010.000000           1          -13.8592   
      1868:     56040.000000           1          -13.8634   
      1869:     56070.000000           1          -13.8670   
      1870:     56100.000000           1          -13.8701   
      1871:     56130.000000           1          -13.8737   
      1872:     56160.000000           1          -13.8753   
      1873:     56190.000000           1          -13.8740   
      1874:     56220.000000           1          -13.8754   
      1875:     56250.000000           1          -13.8820   
      1876:     56280.000000           1          -13.8842   
      1877:     56310.000000           1          -13.8828   
      1878:     56340.000000           1          -13.8807   
      1879:     56370.000000           1          -13.8801   
      1880:     56400.000000           1          -13.8806   
      1881:     56430.000000           1          -13.8786   
      1882:     56460.000000           1          -13.8816   
      1883:     56490.000000           1          -13.8834   
      1884:     56520.000000           1          -13.8842   
      1885:     56550.000000           1          -13.8885   
      1886:     56580.000000           1          -13.8905   
      1887:     56610.000000           1          -13.8901   
      1888:     56640.000000           1          -13.8912   
      1889:     56670.000000           1          -13.8953   
      1890:     56700.000000           1          -13.8957   
      1891:     56730.000000           1         -191.4762   
      1892:     56760.000000           1          -14.1622   
      1893:     56790.000000           1          -14.2133   
      1894:     56820.000000           1          -14.2333   
      1895:     56850.000000           1          -14.2471   
      1896:     56880.000000           1          -14.2735   
      1897:     56910.000000           1          -14.2917   
      1898:     56940.000000           1          -14.3073   
      1899:     56970.000000           1         -191.4935   
      1900:     57000.000000           1         -191.4951   
      1901:     57030.000000           1         -191.4951   
      1902:     57060.000000           1         -191.4955   
      1903:     57090.000000           1          181.8735   
      1904:     57120.000000           1          181.8712   
      1905:     57150.000000           1          181.8673   
      1906:     57180.000000           1          181.8695   
      1907:     57210.000000           1          181.8648   
      1908:     57240.000000           1          181.8619   
      1909:     57270.000000           1          181.8594   
      1910:     57300.000000           1          181.8579   
      1911:     57330.000000           1          181.8545   
      1912:     57360.000000           1          181.8539   
      1913:     57390.000000           1          181.8524   
      1914:     57420.000000           1          181.8518   
      1915:     57450.000000           1          181.8520   
      1916:     57480.000000           1          181.8493   
      1917:     57510.000000           1          181.8534   
      1918:     57540.000000           1          181.8517   
      1919:     57570.000000           1          181.8516   
      1920:     57600.000000           1          181.8487   
      1921:     57630.000000           1          181.8465   
      1922:     57660.000000           1          181.8459   
      1923:     57690.000000           1         -191.5198   
      1924:     57720.000000           1          181.8380   
      1925:     57750.000000           1          181.8362   
      1926:     57780.000000           1         -191.5217   
      1927:     57810.000000           1          181.8368   
      1928:     57840.000000           1         -191.5217   
