       205:      6150.000000           1          142.9127   
       206:      6180.000000           1          142.8881   
       207:      6210.000000           1          142.8588   
       208:      6240.000000           1          142.8138   
       209:      6270.000000           1          142.7869   
       210:      6300.000000           1          142.7654   
       211:      6330.000000           1          142.7776   
       212:      6360.000000           1          142.7997   
       213:      6390.000000           1          142.7984   
       214:      6420.000000           1          142.8126   
       215:      6450.000000           1          142.8215   
       216:      6480.000000           1          142.8268   
       217:      6510.000000           1          142.8386   
       218:      6540.000000           1          142.8353   
       219:      6570.000000           1          142.8034   
       220:      6600.000000           1          142.7940   
       221:      6630.000000           1          142.8206   
       222:      6660.000000           1          142.8219   
       223:      6690.000000           1          142.8312   
       224:      6720.000000           1          142.8339   
       225:      6750.000000           1          142.8429   
       226:      6780.000000           1          142.8272   
       227:      6810.000000           1          142.8139   
       228:      6840.000000           1          142.8127   
       229:      6870.000000           1          142.8153   
       230:      6900.000000           1          142.8233   
       231:      6930.000000           1          142.8094   
       232:      6960.000000           1          142.8140   
       233:      6990.000000           1          142.8086   
       234:      7020.000000           1          142.8103   
       235:      7050.000000           1          142.7906   
       236:      7080.000000           1          142.7778   
       237:      7110.000000           1          142.7632   
       238:      7140.000000           1          142.7398   
       239:      7170.000000           1          142.7240   
       240:      7200.000000           1          142.7267   
       241:      7230.000000           1          142.7550   
       242:      7260.000000           1          142.7686   
       243:      7290.000000           1          142.8099   
       244:      7320.000000           1          142.8083   
       245:      7350.000000           1          142.7657   
       246:      7380.000000           1          142.7395   
       247:      7410.000000           1          142.6946   
       248:      7440.000000           1          142.6503   
       249:      7470.000000           1          142.6420   
       250:      7500.000000           1          142.6475   
       251:      7530.000000           1           59.1370   
       252:      7560.000000           1           59.1317   
       253:      7590.000000           1           59.1783   
       254:      7620.000000           1           59.1795   
       255:      7650.000000           1           59.1631   
       256:      7680.000000           1           59.1193   
       257:      7710.000000           1           59.1168   
       258:      7740.000000           1           59.1147   
       259:      7770.000000           1           59.0955   
       260:      7800.000000           1           59.0766   
       261:      7830.000000           1           59.0895   
       262:      7860.000000           1           59.1271   
       263:      7890.000000           1           59.1432   
       264:      7920.000000           1           59.1650   
       265:      7950.000000           1           59.1459   
       266:      7980.000000           1           59.1652   
       267:      8010.000000           1           59.1848   
       268:      8040.000000           1           59.2012   
       269:      8070.000000           1           59.2214   
       270:      8100.000000           1           59.2231   
       271:      8130.000000           1           59.2371   
       272:      8160.000000           1           59.2796   
       273:      8190.000000           1           59.3291   
       274:      8220.000000           1           59.3625   
       275:      8250.000000           1           59.3860   
       276:      8280.000000           1           59.4232   
       277:      8310.000000           1           59.4529   
       278:      8340.000000           1           59.4754   
       279:      8370.000000           1           59.4762   
       280:      8400.000000           1           59.4794   
       281:      8430.000000           1           59.4836   
       282:      8460.000000           1           59.5004   
       283:      8490.000000           1           59.4997   
       284:      8520.000000           1           59.4777   
       285:      8550.000000           1           59.4548   
       286:      8580.000000           1           59.4370   
       287:      8610.000000           1           59.4248   
       288:      8640.000000           1           59.4270   
       289:      8670.000000           1           59.4364   
       290:      8700.000000           1           59.4413   
       291:      8730.000000           1           59.4440   
       292:      8760.000000           1           59.4646   
       293:      8790.000000           1           59.4748   
       294:      8820.000000           1           59.4760   
       295:      8850.000000           1           59.4784   
       296:      8880.000000           1           59.4382   
       297:      8910.000000           1           59.4349   
       298:      8940.000000           1           59.4315   
       299:      8970.000000           1           59.4239   
       300:      9000.000000           1           59.4104   
       301:      9030.000000           1           59.4012   
       302:      9060.000000           1           59.3853   
       303:      9090.000000           1           59.3754   
       304:      9120.000000           1           59.3783   
       305:      9150.000000           1           59.3769   
       306:      9180.000000           1           59.3663   
       307:      9210.000000           1           59.3538   
       308:      9240.000000           1           59.3436   
       309:      9270.000000           1           59.3215   
       310:      9300.000000           1           59.2944   
       311:      9330.000000           1           59.2597   
       312:      9360.000000           1           59.2291   
       313:      9390.000000           1           59.2067   
       314:      9420.000000           1           59.1852   
       315:      9450.000000           1           59.1962   
       316:      9480.000000           1           59.1782   
       317:      9510.000000           1           59.1717   
       318:      9540.000000           1           59.1603   
       319:      9570.000000           1           59.1615   
       320:      9600.000000           1           59.1645   
       321:      9630.000000           1           59.1628   
       322:      9660.000000           1           59.1766   
       323:      9690.000000           1           59.1842   
       324:      9720.000000           1           59.1944   
       325:      9750.000000           1           59.1999   
       326:      9780.000000           1           59.1946   
       327:      9810.000000           1           59.1852   
       328:      9840.000000           1           59.1840   
       329:      9870.000000           1           59.1947   
       330:      9900.000000           1           59.2012   
       331:      9930.000000           1           59.1938   
       332:      9960.000000           1           59.1756   
       333:      9990.000000           1           59.1714   
       334:     10020.000000           1           59.1631   
       335:     10050.000000           1           59.1643   
       336:     10080.000000           1           59.1594   
       337:     10110.000000           1           59.1663   
       338:     10140.000000           1           59.1684   
       339:     10170.000000           1           59.1639   
       340:     10200.000000           1           59.1504   
       341:     10230.000000           1           59.1355   
       342:     10260.000000           1           59.1374   
       343:     10290.000000           1           59.1307   
       344:     10320.000000           1           59.1315   
       345:     10350.000000           1           59.1244   
       346:     10380.000000           1           59.1311   
       347:     10410.000000           1           59.1418   
       348:     10440.000000           1           59.1517   
       349:     10470.000000           1           59.1495   
       350:     10500.000000           1           59.1593   
       351:     10530.000000           1           59.1606   
       352:     10560.000000           1           59.1773   
       353:     10590.000000           1           59.1683   
       354:     10620.000000           1           59.1814   
       355:     10650.000000           1           59.1824   
       356:     10680.000000           1           59.1643   
       357:     10710.000000           1           59.1348   
       358:     10740.000000           1           59.1188   
       359:     10770.000000           1           59.1050   
       360:     10800.000000           1           59.0915   
       361:     10830.000000           1           59.0951   
       362:     10860.000000           1           59.1025   
       363:     10890.000000           1           59.0907   
       364:     10920.000000           1           59.0857   
       365:     10950.000000           1           59.0777   
       366:     10980.000000           1           59.0692   
       367:     11010.000000           1          112.0842   
       368:     11040.000000           1           59.0452   
       369:     11070.000000           1           59.0397   
       370:     11100.000000           1          112.0668   
       371:     11130.000000           1           59.0316   
       372:     11160.000000           1           59.0299   
       373:     11190.000000           1           59.0311   
       374:     11220.000000           1           59.0318   
       375:     11250.000000           1          112.1102   
       376:     11280.000000           1           59.0930   
       377:     11310.000000           1           59.0879   
       378:     11340.000000           1          112.1698   
       379:     11370.000000           1          112.1761   
       380:     11400.000000           1           59.1509   
       381:     11430.000000           1           59.1589   
       382:     11460.000000           1           59.1648   
       383:     11490.000000           1           59.1516   
       384:     11520.000000           1           59.1501   
       385:     11550.000000           1           59.1646   
       386:     11580.000000           1           59.1502   
       387:     11610.000000           1          112.1976   
       388:     11640.000000           1           59.1215   
       389:     11670.000000           1          112.1857   
       390:     11700.000000           1           59.1235   
       391:     11730.000000           1           59.1306   
       392:     11760.000000           1           59.1200   
       393:     11790.000000           1           59.1182   
       394:     11820.000000           1           59.1302   
       395:     11850.000000           1          112.2262   
       396:     11880.000000           1          112.2267   
       397:     11910.000000           1          112.2172   
       398:     11940.000000           1          112.2157   
       399:     11970.000000           1          112.2099   
       400:     12000.000000           1          112.2150   
       401:     12030.000000           1          112.2171   
       402:     12060.000000           1          112.2159   
       403:     12090.000000           1          112.2172   
       404:     12120.000000           1          112.2100   
       405:     12150.000000           1          112.2129   
       406:     12180.000000           1          -24.0243   
       407:     12210.000000           1          -24.0281   
       408:     12240.000000           1          -24.0196   
       409:     12270.000000           1          -24.0078   
       410:     12300.000000           1          -23.9832   
       411:     12330.000000           1          -23.9777   
       412:     12360.000000           1          -23.9782   
       413:     12390.000000           1          -23.9830   
       414:     12420.000000           1          -23.9762   
       415:     12450.000000           1          -23.9644   
       416:     12480.000000           1          -23.9381   
       417:     12510.000000           1          -23.9269   
       418:     12540.000000           1          -23.9196   
       419:     12570.000000           1          -23.9224   
       420:     12600.000000           1          -23.9244   
       421:     12630.000000           1          -23.9163   
       422:     12660.000000           1          -23.9140   
       423:     12690.000000           1          -23.9044   
       424:     12720.000000           1          -23.8964   
       425:     12750.000000           1          -23.9012   
       426:     12780.000000           1          -23.8891   
       427:     12810.000000           1          -23.8826   
       428:     12840.000000           1          -23.8729   
       429:     12870.000000           1          -23.8657   
       430:     12900.000000           1          -23.8508   
       431:     12930.000000           1          -23.8385   
       432:     12960.000000           1          -23.8352   
       433:     12990.000000           1          112.4524   
       434:     13020.000000           1          112.4505   
       435:     13050.000000           1          112.4498   
       436:     13080.000000           1           59.3685   
       437:     13110.000000           1          112.4660   
       438:     13140.000000           1          112.4611   
       439:     13170.000000           1          112.4670   
       440:     13200.000000           1          112.4922   
       441:     13230.000000           1           59.4014   
       442:     13260.000000           1          112.5023   
       443:     13290.000000           1           59.4077   
       444:     13320.000000           1          112.4979   
       445:     13350.000000           1          112.5018   
       446:     13380.000000           1          112.5086   
       447:     13410.000000           1          112.4975   
       448:     13440.000000           1          112.4981   
       449:     13470.000000           1          112.5024   
       450:     13500.000000           1          112.5069   
       451:     13530.000000           1          112.5197   
       452:     13560.000000           1          112.5158   
       453:     13590.000000           1          112.5041   
       454:     13620.000000           1          112.5064   
       455:     13650.000000           1          112.5034   
       456:     13680.000000           1          112.4958   
       457:     13710.000000           1          112.4824   
       458:     13740.000000           1          112.4631   
       459:     13770.000000           1          112.4582   
       460:     13800.000000           1          112.4665   
       461:     13830.000000           1          112.4678   
       462:     13860.000000           1          112.4742   
       463:     13890.000000           1          112.4817   
       464:     13920.000000           1          112.4871   
       465:     13950.000000           1          112.4854   
       466:     13980.000000           1          112.4745   
       467:     14010.000000           1          112.4841   
       468:     14040.000000           1          112.4991   
       469:     14070.000000           1          112.4920   
       470:     14100.000000           1          112.5077   
       471:     14130.000000           1          112.5447   
       472:     14160.000000           1          112.5396   
       473:     14190.000000           1          112.5382   
       474:     14220.000000           1          112.5374   
       475:     14250.000000           1          112.5327   
       476:     14280.000000           1          112.5437   
       477:     14310.000000           1          112.5424   
       478:     14340.000000           1          112.5398   
       479:     14370.000000           1          112.5439   
       480:     14400.000000           1           59.4146   
       481:     14430.000000           1          112.5166   
       482:     14460.000000           1           59.4054   
       483:     14490.000000           1          112.4800   
       484:     14520.000000           1           59.3493   
       485:     14550.000000           1          112.4472   
       486:     14580.000000           1          112.4442   
       487:     14610.000000           1          112.4469   
       488:     14640.000000           1          112.4507   
       489:     14670.000000           1          -23.8169   
       490:     14700.000000           1          -23.8098   
       491:     14730.000000           1          112.4641   
       492:     14760.000000           1          112.4554   
       493:     14790.000000           1          112.4480   
       494:     14820.000000           1          112.4475   
       495:     14850.000000           1          112.4365   
       496:     14880.000000           1          112.4360   
       497:     14910.000000           1          112.4463   
       498:     14940.000000           1          112.4420   
       499:     14970.000000           1          112.4439   
       500:     15000.000000           1          112.4406   
       501:     15030.000000           1          112.4358   
       502:     15060.000000           1          112.4513   
       503:     15090.000000           1          112.4477   
       504:     15120.000000           1          -23.8189   
       505:     15150.000000           1          112.5078   
       506:     15180.000000           1          112.5098   
       507:     15210.000000           1          112.5226   
       508:     15240.000000           1          112.5193   
       509:     15270.000000           1          112.5245   
       510:     15300.000000           1          112.5096   
       511:     15330.000000           1          112.5182   
       512:     15360.000000           1           59.3758   
       513:     15390.000000           1           59.3615   
       514:     15420.000000           1           59.3704   
       515:     15450.000000           1           59.3711   
       516:     15480.000000           1           59.3754   
       517:     15510.000000           1           59.3752   
       518:     15540.000000           1           59.3866   
       519:     15570.000000           1           59.3885   
       520:     15600.000000           1           59.3910   
       521:     15630.000000           1           59.3941   
       522:     15660.000000           1           59.4048   
       523:     15690.000000           1           59.4053   
       524:     15720.000000           1           59.4225   
       525:     15750.000000           1           59.4307   
       526:     15780.000000           1           59.4510   
       527:     15810.000000           1           59.4494   
       528:     15840.000000           1           59.4706   
       529:     15870.000000           1           59.4749   
       530:     15900.000000           1           59.4861   
       531:     15930.000000           1           59.4858   
       532:     15960.000000           1           59.4785   
       533:     15990.000000           1           59.4782   
       534:     16020.000000           1           59.4717   
       535:     16050.000000           1           59.4705   
       536:     16080.000000           1           59.4759   
       537:     16110.000000           1           59.4592   
       538:     16140.000000           1           59.4607   
       539:     16170.000000           1           59.4504   
       540:     16200.000000           1           59.4600   
       541:     16230.000000           1           59.4591   
       542:     16260.000000           1           59.4547   
       543:     16290.000000           1           59.4483   
       544:     16320.000000           1           59.4367   
       545:     16350.000000           1           59.4407   
       546:     16380.000000           1           59.4466   
       547:     16410.000000           1           59.4492   
       548:     16440.000000           1           59.4701   
       549:     16470.000000           1           59.4712   
       550:     16500.000000           1           59.4903   
       551:     16530.000000           1           59.4981   
       552:     16560.000000           1           59.4988   
       553:     16590.000000           1           59.4961   
       554:     16620.000000           1           59.5095   
       555:     16650.000000           1           59.5086   
       556:     16680.000000           1           59.5195   
       557:     16710.000000           1           59.5260   
       558:     16740.000000           1           59.5315   
       559:     16770.000000           1           59.5316   
       560:     16800.000000           1           59.5325   
       561:     16830.000000           1           59.5359   
       562:     16860.000000           1           59.5490   
       563:     16890.000000           1           59.5422   
       564:     16920.000000           1           59.5496   
       565:     16950.000000           1           59.5449   
       566:     16980.000000           1           59.5432   
       567:     17010.000000           1           59.5468   
       568:     17040.000000           1           59.5470   
       569:     17070.000000           1           59.5540   
       570:     17100.000000           1           59.5531   
       571:     17130.000000           1           59.5536   
       572:     17160.000000           1           59.5584   
       573:     17190.000000           1           59.5558   
       574:     17220.000000           1           59.5595   
       575:     17250.000000           1           59.5569   
       576:     17280.000000           1           59.5543   
       577:     17310.000000           1           59.5578   
       578:     17340.000000           1           59.5592   
       579:     17370.000000           1           59.5580   
       580:     17400.000000           1           59.5563   
       581:     17430.000000           1           59.5483   
       582:     17460.000000           1           59.5429   
       583:     17490.000000           1           59.5416   
       584:     17520.000000           1           59.5488   
       585:     17550.000000           1           59.5547   
       586:     17580.000000           1           59.5630   
       587:     17610.000000           1           59.5782   
       588:     17640.000000           1           59.5762   
       589:     17670.000000           1           59.5607   
       590:     17700.000000           1           59.5556   
       591:     17730.000000           1           59.5458   
       592:     17760.000000           1           59.5466   
       593:     17790.000000           1           59.5439   
       594:     17820.000000           1           59.5366   
       595:     17850.000000           1           59.5327   
       596:     17880.000000           1           59.5407   
       597:     17910.000000           1           59.5475   
       598:     17940.000000           1           59.5472   
       599:     17970.000000           1           59.5651   
       600:     18000.000000           1           59.5929   
       601:     18030.000000           1           59.6002   
       602:     18060.000000           1           59.6097   
       603:     18090.000000           1           59.6145   
       604:     18120.000000           1           59.6134   
       605:     18150.000000           1           59.6202   
       606:     18180.000000           1           59.6199   
       607:     18210.000000           1           59.6206   
       608:     18240.000000           1           59.6167   
       609:     18270.000000           1           59.6145   
       610:     18300.000000           1           59.6185   
       611:     18330.000000           1           59.6114   
       612:     18360.000000           1           59.6085   
       613:     18390.000000           1           59.6073   
       614:     18420.000000           1           59.6046   
       615:     18450.000000           1           59.6058   
       616:     18480.000000           1           59.6170   
       617:     18510.000000           1           59.6220   
       618:     18540.000000           1           59.6061   
       619:     18570.000000           1           59.6163   
       620:     18600.000000           1           59.6242   
       621:     18630.000000           1           59.6340   
       622:     18660.000000           1           59.6298   
       623:     18690.000000           1           59.6376   
       624:     18720.000000           1           59.6428   
       625:     18750.000000           1           59.6683   
       626:     18780.000000           1           59.6894   
       627:     18810.000000           1           59.7001   
       628:     18840.000000           1           59.7081   
       629:     18870.000000           1         -440.0268   
       630:     18900.000000           1         -440.0274   
       631:     18930.000000           1         -440.0178   
       632:     18960.000000           1         -440.0565   
       633:     18990.000000           1         -440.0380   
       634:     19020.000000           1         -439.9954   
       635:     19050.000000           1         -439.9584   
       636:     19080.000000           1         -439.9206   
       637:     19110.000000           1         -439.8960   
       638:     19140.000000           1         -439.8644   
       639:     19170.000000           1         -439.8515   
       640:     19200.000000           1         -439.8410   
       641:     19230.000000           1         -439.8409   
       642:     19260.000000           1         -439.8459   
       643:     19290.000000           1         -439.8520   
       644:     19320.000000           1         -439.8589   
       645:     19350.000000           1         -439.8504   
       646:     19380.000000           1         -439.8643   
       647:     19410.000000           1         -439.8610   
       648:     19440.000000           1         -439.8653   
       649:     19470.000000           1          113.0975   
       650:     19500.000000           1         -439.9397   
       651:     19530.000000           1         -439.9661   
       652:     19560.000000           1         -440.0198   
       653:     19590.000000           1         -440.0130   
       654:     19620.000000           1         -439.9708   
       655:     19650.000000           1         -439.9130   
       656:     19680.000000           1          113.1379   
       657:     19710.000000           1         -439.5481   
       658:     19740.000000           1         -439.6568   
       659:     19770.000000           1         -439.6960   
       660:     19800.000000           1         -439.6907   
       661:     19830.000000           1         -439.7026   
       662:     19860.000000           1         -439.6537   
       663:     19890.000000           1         -439.6236   
       664:     19920.000000           1         -439.6060   
       665:     19950.000000           1         -439.5998   
       666:     19980.000000           1           59.8894   
       667:     20010.000000           1           59.8971   
       668:     20040.000000           1           59.8991   
       669:     20070.000000           1           59.9007   
       670:     20100.000000           1           59.9016   
       671:     20130.000000           1           59.9096   
       672:     20160.000000           1           59.9152   
       673:     20190.000000           1           59.9179   
       674:     20220.000000           1           59.9212   
       675:     20250.000000           1           59.9236   
       676:     20280.000000           1           59.9306   
       677:     20310.000000           1           59.9313   
       678:     20340.000000           1           59.9381   
       679:     20370.000000           1           59.9555   
       680:     20400.000000           1           59.9537   
       681:     20430.000000           1           59.9503   
       682:     20460.000000           1           59.9547   
       683:     20490.000000           1           59.9583   
       684:     20520.000000           1           59.9657   
       685:     20550.000000           1         -439.6098   
       686:     20580.000000           1         -439.6090   
       687:     20610.000000           1         -439.6082   
       688:     20640.000000           1         -439.6167   
       689:     20670.000000           1         -439.6163   
       690:     20700.000000           1         -439.6104   
       691:     20730.000000           1         -439.6141   
       692:     20760.000000           1         -439.6070   
       693:     20790.000000           1         -439.6137   
       694:     20820.000000           1         -439.6224   
       695:     20850.000000           1         -439.6343   
       696:     20880.000000           1          113.3822   
       697:     20910.000000           1         -439.6527   
       698:     20940.000000           1         -439.6463   
       699:     20970.000000           1         -439.6422   
       700:     21000.000000           1         -439.6396   
       701:     21030.000000           1         -439.6318   
       702:     21060.000000           1         -439.6216   
       703:     21090.000000           1          113.4606   
       704:     21120.000000           1         -439.5834   
       705:     21150.000000           1         -439.5722   
       706:     21180.000000           1         -439.5708   
       707:     21210.000000           1         -439.5579   
       708:     21240.000000           1         -439.5559   
       709:     21270.000000           1         -439.5455   
       710:     21300.000000           1         -439.5426   
       711:     21330.000000           1         -439.5472   
       712:     21360.000000           1         -439.5367   
       713:     21390.000000           1         -439.5341   
       714:     21420.000000           1         -439.5137   
       715:     21450.000000           1         -439.5030   
      2016:     60480.000000           1         -191.6496   
      2017:     60510.000000           1         -191.6539   
      2018:     60540.000000           1         -191.6546   
      2019:     60570.000000           1         -191.6559   
      2020:     60600.000000           1         -191.6556   
      2021:     60630.000000           1         -191.6563   
      2022:     60660.000000           1         -329.4980   
      2023:     60690.000000           1         -329.4970   
      2024:     60720.000000           1         -191.6583   
      2025:     60750.000000           1         -329.4908   
      2026:     60780.000000           1         -191.6601   
      2027:     60810.000000           1         -329.5003   
      2028:     60840.000000           1         -329.5024   
      2029:     60870.000000           1         -191.6682   
      2030:     60900.000000           1         -191.6682   
      2031:     60930.000000           1         -191.6677   
      2032:     60960.000000           1         -191.6648   
      2033:     60990.000000           1         -191.6619   
      2034:     61020.000000           1         -191.6604   
      2035:     61050.000000           1         -329.4901   
      2036:     61080.000000           1         -329.4918   
      2037:     61110.000000           1         -329.4915   
      2038:     61140.000000           1         -191.6657   
      2039:     61170.000000           1         -329.5001   
      2040:     61200.000000           1         -329.5048   
      2041:     61230.000000           1         -329.5072   
      2042:     61260.000000           1         -329.5072   
      2043:     61290.000000           1           64.6296   
      2044:     61320.000000           1           64.7154   
      2045:     61350.000000           1           64.7110   
      2046:     61380.000000           1         -329.5154   
      2047:     61410.000000           1           64.7553   
      2048:     61440.000000           1           64.7877   
      2049:     61470.000000           1         -329.4988   
      2050:     61500.000000           1           64.8347   
      2051:     61530.000000           1           64.8544   
      2052:     61560.000000           1         -329.5065   
      2053:     61590.000000           1           64.8966   
      2054:     61620.000000           1         -329.5131   
      2055:     61650.000000           1           65.1115   
      2056:     61680.000000           1           65.1932   
      2057:     61710.000000           1           65.2708   
      2058:     61740.000000           1           65.2905   
      2059:     61770.000000           1           65.3085   
      2060:     61800.000000           1           65.3695   
      2061:     61830.000000           1           65.3639   
      2062:     61860.000000           1           65.3717   
      2063:     61890.000000           1           65.3741   
      2064:     61920.000000           1           65.3804   
      2065:     61950.000000           1           65.3798   
      2066:     61980.000000           1           65.4058   
      2067:     62010.000000           1           65.4061   
      2068:     62040.000000           1           65.4268   
      2069:     62070.000000           1           65.4303   
      2070:     62100.000000           1           65.4408   
      2071:     62130.000000           1         -329.4873   
      2072:     62160.000000           1           65.4347   
      2073:     62190.000000           1           65.4315   
      2074:     62220.000000           1           65.4209   
      2075:     62250.000000           1           65.4109   
      2076:     62280.000000           1         -329.4850   
      2077:     62310.000000           1           65.3924   
      2078:     62340.000000           1           65.3843   
      2079:     62370.000000           1         -329.4862   
      2080:     62400.000000           1           65.3525   
      2081:     62430.000000           1           65.3429   
      2082:     62460.000000           1           65.3360   
      2083:     62490.000000           1           65.3269   
      2084:     62520.000000           1           65.3215   
      2085:     62550.000000           1           65.3167   
      2086:     62580.000000           1           65.3101   
      2087:     62610.000000           1           65.3054   
      2088:     62640.000000           1           65.3025   
      2089:     62670.000000           1           65.2982   
      2090:     62700.000000           1           65.2959   
      2091:     62730.000000           1           65.2824   
      2092:     62760.000000           1           65.2674   
      2093:     62790.000000           1         -329.4930   
      2094:     62820.000000           1         -329.4929   
      2095:     62850.000000           1         -329.4942   
      2096:     62880.000000           1         -329.4957   
      2097:     62910.000000           1         -329.4946   
      2098:     62940.000000           1         -329.4956   
      2099:     62970.000000           1         -329.4924   
      2100:     63000.000000           1         -329.4909   
      2101:     63030.000000           1         -329.4886   
      2102:     63060.000000           1         -191.6579   
      2103:     63090.000000           1         -329.4836   
      2104:     63120.000000           1         -329.4790   
      2105:     63150.000000           1         -329.4794   
      2106:     63180.000000           1         -329.4778   
      2107:     63210.000000           1         -329.4765   
      2108:     63240.000000           1         -329.4750   
      2109:     63270.000000           1         -329.4737   
      2110:     63300.000000           1         -329.4729   
      2111:     63330.000000           1         -329.4703   
      2112:     63360.000000           1         -329.4670   
      2113:     63390.000000           1         -329.4668   
      2114:     63420.000000           1         -329.4640   
      2115:     63450.000000           1         -329.4629   
      2116:     63480.000000           1         -329.4610   
      2117:     63510.000000           1         -329.4578   
      2118:     63540.000000           1         -329.4552   
      2119:     63570.000000           1           65.1312   
      2120:     63600.000000           1           65.1345   
      2121:     63630.000000           1           65.1498   
      2122:     63660.000000           1           65.1632   
      2123:     63690.000000           1           65.1743   
      2124:     63720.000000           1           65.1791   
      2125:     63750.000000           1           65.1847   
      2126:     63780.000000           1           65.1906   
      2127:     63810.000000           1           65.1925   
      2128:     63840.000000           1           65.1929   
      2129:     63870.000000           1           65.1941   
      2130:     63900.000000           1           65.1965   
      2131:     63930.000000           1           65.1957   
      2132:     63960.000000           1           65.1996   
      2133:     63990.000000           1           65.1986   
      2134:     64020.000000           1           65.1974   
      2135:     64050.000000           1           65.1995   
      2136:     64080.000000           1           65.1982   
      2137:     64110.000000           1           65.1992   
      2138:     64140.000000           1           65.1977   
      2139:     64170.000000           1           65.1959   
      2140:     64200.000000           1           65.1923   
      2141:     64230.000000           1           65.1852   
      2142:     64260.000000           1           65.1823   
      2143:     64290.000000           1           65.1795   
      2144:     64320.000000           1           65.1743   
      2145:     64350.000000           1           65.1656   
      2146:     64380.000000           1           65.1614   
      2147:     64410.000000           1           65.1558   
      2148:     64440.000000           1           65.1517   
      2149:     64470.000000           1           65.1509   
      2150:     64500.000000           1           65.1544   
      2151:     64530.000000           1           65.1565   
      2152:     64560.000000           1           65.1596   
      2153:     64590.000000           1           65.1615   
      2154:     64620.000000           1           65.1650   
      2155:     64650.000000           1           65.1633   
      2156:     64680.000000           1           65.1658   
      2157:     64710.000000           1           65.1662   
      2158:     64740.000000           1           65.1689   
      2159:     64770.000000           1           65.1753   
      2160:     64800.000000           1           65.1782   
      2161:     64830.000000           1           65.1813   
      2162:     64860.000000           1           65.1892   
      2163:     64890.000000           1           65.1911   
      2164:     64920.000000           1           65.1903   
      2165:     64950.000000           1           65.1921   
      2166:     64980.000000           1           65.1909   
      2167:     65010.000000           1           65.1919   
      2168:     65040.000000           1           65.1880   
      2169:     65070.000000           1         -254.6491   
      2170:     65100.000000           1         -254.6304   
      2171:     65130.000000           1           65.1936   
      2172:     65160.000000           1         -254.5865   
      2173:     65190.000000           1         -254.5645   
      2174:     65220.000000           1         -254.5443   
      2175:     65250.000000           1         -254.5372   
      2176:     65280.000000           1         -254.5365   
      2177:     65310.000000           1         -254.5301   
      2178:     65340.000000           1         -254.5251   
      2179:     65370.000000           1         -254.5245   
      2180:     65400.000000           1         -254.5180   
      2181:     65430.000000           1         -254.5140   
      2182:     65460.000000           1         -254.5032   
      2183:     65490.000000           1         -254.4896   
      2184:     65520.000000           1         -254.4777   
      2185:     65550.000000           1         -329.4172   
      2186:     65580.000000           1         -329.4164   
      2187:     65610.000000           1         -296.4330   
      2188:     65640.000000           1         -296.4782   
      2189:     65670.000000           1         -329.4038   
      2190:     65700.000000           1         -296.3355   
      2191:     65730.000000           1         -296.2879   
      2192:     65760.000000           1         -296.2889   
      2193:     65790.000000           1         -296.2902   
      2194:     65820.000000           1         -296.3047   
      2195:     65850.000000           1         -296.3117   
      2196:     65880.000000           1         -296.3237   
      2197:     65910.000000           1         -296.3173   
      2198:     65940.000000           1         -296.3104   
      2199:     65970.000000           1         -296.3038   
      2200:     66000.000000           1         -296.2648   
      2201:     66030.000000           1         -296.2310   
      2202:     66060.000000           1         -296.2215   
      2203:     66090.000000           1         -296.2193   
      2204:     66120.000000           1         -296.2230   
      2205:     66150.000000           1         -329.3770   
      2206:     66180.000000           1         -296.3079   
      2207:     66210.000000           1         -296.2871   
      2208:     66240.000000           1         -296.3149   
      2209:     66270.000000           1         -296.3383   
      2210:     66300.000000           1         -296.3323   
      2211:     66330.000000           1         -296.2882   
      2212:     66360.000000           1         -296.2904   
      2213:     66390.000000           1         -296.3115   
      2214:     66420.000000           1         -296.3227   
      2215:     66450.000000           1         -296.3278   
      2216:     66480.000000           1         -296.3335   
      2217:     66510.000000           1         -296.3386   
      2218:     66540.000000           1         -296.3456   
      2219:     66570.000000           1         -329.3741   
      2220:     66600.000000           1          170.6896   
      2221:     66630.000000           1         -329.3677   
      2222:     66660.000000           1         -329.3655   
      2223:     66690.000000           1         -329.3633   
      2224:     66720.000000           1         -329.3634   
      2225:     66750.000000           1         -329.3636   
      2226:     66780.000000           1         -329.3671   
      2227:     66810.000000           1         -329.3654   
      2228:     66840.000000           1         -329.3683   
      2229:     66870.000000           1         -329.3678   
      2230:     66900.000000           1         -329.3672   
      2231:     66930.000000           1         -329.3673   
      2232:     66960.000000           1         -329.3684   
      2233:     66990.000000           1         -329.3658   
      2234:     67020.000000           1         -329.3670   
      2235:     67050.000000           1          170.6212   
      2236:     67080.000000           1          170.6181   
      2237:     67110.000000           1          170.6148   
      2238:     67140.000000           1          170.6127   
      2239:     67170.000000           1          170.6100   
      2240:     67200.000000           1          170.6112   
      2241:     67230.000000           1          170.6131   
      2242:     67260.000000           1          170.6101   
      2243:     67290.000000           1          170.6100   
      2244:     67320.000000           1          170.6103   
      2245:     67350.000000           1         -329.3739   
      2246:     67380.000000           1         -329.3729   
      2247:     67410.000000           1         -329.3726   
      2248:     67440.000000           1         -329.3749   
      2249:     67470.000000           1         -329.3755   
      2250:     67500.000000           1         -329.3744   
      2251:     67530.000000           1         -329.3751   
      2252:     67560.000000           1         -329.3727   
      2253:     67590.000000           1         -329.3742   
      2254:     67620.000000           1         -329.3747   
      2255:     67650.000000           1         -329.3713   
      2256:     67680.000000           1         -329.3713   
      2257:     67710.000000           1         -329.3697   
      2258:     67740.000000           1         -329.3683   
      2259:     67770.000000           1         -329.3684   
      2260:     67800.000000           1         -329.3672   
      2261:     67830.000000           1           65.2966   
      2262:     67860.000000           1           65.2979   
      2263:     67890.000000           1           65.3023   
      2264:     67920.000000           1           65.2980   
      2265:     67950.000000           1           65.2968   
      2266:     67980.000000           1           65.2973   
      2267:     68010.000000           1           65.2944   
      2268:     68040.000000           1           65.2968   
      2269:     68070.000000           1           65.2970   
      2270:     68100.000000           1           65.2952   
      2271:     68130.000000           1           65.2960   
      2272:     68160.000000           1           65.2985   
      2273:     68190.000000           1           65.2962   
      2274:     68220.000000           1           65.2988   
      2275:     68250.000000           1           65.2980   
      2276:     68280.000000           1           65.2983   
      2277:     68310.000000           1           65.2955   
      2278:     68340.000000           1           65.2967   
      2279:     68370.000000           1           65.2977   
      2280:     68400.000000           1           65.2957   
      2281:     68430.000000           1           65.2972   
      2282:     68460.000000           1           65.2974   
      2283:     68490.000000           1           65.2965   
      2284:     68520.000000           1           65.2941   
      2285:     68550.000000           1           65.2936   
      2286:     68580.000000           1           65.2931   
      2287:     68610.000000           1         -329.3700   
      2288:     68640.000000           1         -329.3668   
      2289:     68670.000000           1         -329.3682   
      2290:     68700.000000           1         -329.3715   
      2291:     68730.000000           1         -329.3759   
      2292:     68760.000000           1         -329.3771   
      2293:     68790.000000           1         -329.3776   
      2294:     68820.000000           1         -329.3778   
      2295:     68850.000000           1         -329.3767   
      2296:     68880.000000           1         -329.3766   
      2297:     68910.000000           1         -329.3755   
      2298:     68940.000000           1         -329.3765   
      2299:     68970.000000           1         -329.3762   
      2300:     69000.000000           1         -329.3750   
      2301:     69030.000000           1         -329.3718   
      2302:     69060.000000           1         -329.3688   
      2303:     69090.000000           1         -329.3654   
      2304:     69120.000000           1         -329.3652   
      2305:     69150.000000           1         -329.3683   
      2306:     69180.000000           1         -329.3724   
      2307:     69210.000000           1         -329.3747   
      2308:     69240.000000           1         -329.3748   
      2309:     69270.000000           1         -329.3752   
      2310:     69300.000000           1         -329.3753   
      2311:     69330.000000           1         -329.3744   
      2312:     69360.000000           1         -329.3745   
      2313:     69390.000000           1         -329.3748   
      2314:     69420.000000           1         -329.3764   
      2315:     69450.000000           1         -329.3794   
      2316:     69480.000000           1         -329.3809   
      2317:     69510.000000           1         -329.3800   
      2318:     69540.000000           1         -329.3801   
      2319:     69570.000000           1         -329.3820   
      2320:     69600.000000           1         -329.3826   
      2321:     69630.000000           1           65.2721   
      2322:     69660.000000           1           65.2767   
      2323:     69690.000000           1           65.2741   
      2324:     69720.000000           1           65.2755   
      2325:     69750.000000           1           65.2749   
      2326:     69780.000000           1           65.2748   
      2327:     69810.000000           1           65.2735   
      2328:     69840.000000           1           65.2735   
      2329:     69870.000000           1           65.2697   
      2330:     69900.000000           1           65.2675   
      2331:     69930.000000           1           65.2677   
      2332:     69960.000000           1           65.2646   
      2333:     69990.000000           1           65.2671   
      2334:     70020.000000           1           65.2680   
      2335:     70050.000000           1           65.2689   
      2336:     70080.000000           1           65.2701   
      2337:     70110.000000           1           65.2721   
      2338:     70140.000000           1          170.5121   
      2339:     70170.000000           1           65.2690   
      2340:     70200.000000           1           65.2678   
      2341:     70230.000000           1           65.2678   
      2342:     70260.000000           1           65.2700   
      2343:     70290.000000           1           65.2678   
      2344:     70320.000000           1           65.2699   
      2345:     70350.000000           1           65.2699   
      2346:     70380.000000           1           65.2683   
      2347:     70410.000000           1           65.2655   
      2348:     70440.000000           1           65.2633   
      2349:     70470.000000           1           65.2595   
      2350:     70500.000000           1           65.2586   
      2351:     70530.000000           1           65.2559   
      2352:     70560.000000           1         -330.5041   
      2353:     70590.000000           1         -330.4985   
      2354:     70620.000000           1         -330.4950   
      2355:     70650.000000           1         -330.4866   
      2356:     70680.000000           1         -330.4735   
      2357:     70710.000000           1         -330.4595   
      2358:     70740.000000           1         -330.4552   
      2359:     70770.000000           1         -330.4496   
      2360:     70800.000000           1         -330.4541   
      2361:     70830.000000           1         -330.4541   
      2362:     70860.000000           1         -330.4581   
      2363:     70890.000000           1         -330.4603   
      2364:     70920.000000           1         -330.4655   
      2365:     70950.000000           1         -330.4643   
      2366:     70980.000000           1         -330.4627   
      2367:     71010.000000           1         -330.4600   
      2368:     71040.000000           1         -330.4588   
      2369:     71070.000000           1         -330.4596   
      2370:     71100.000000           1         -330.4584   
      2371:     71130.000000           1         -330.4555   
      2372:     71160.000000           1         -330.4524   
      2373:     71190.000000           1         -330.4498   
      2374:     71220.000000           1         -330.4472   
      2375:     71250.000000           1         -330.4443   
      2376:     71280.000000           1         -330.4439   
      2377:     71310.000000           1         -330.4478   
      2378:     71340.000000           1         -330.4481   
      2379:     71370.000000           1         -330.4507   
      2380:     71400.000000           1         -330.4554   
      2381:     71430.000000           1         -330.4607   
      2382:     71460.000000           1         -330.4617   
      2383:     71490.000000           1         -330.4641   
      2384:     71520.000000           1         -330.4652   
      2385:     71550.000000           1         -330.4657   
      2386:     71580.000000           1         -330.4684   
      2387:     71610.000000           1         -330.4661   
      2388:     71640.000000           1         -330.4687   
      2389:     71670.000000           1         -330.4674   
      2390:     71700.000000           1         -330.4666   
      2391:     71730.000000           1         -330.4674   
      2392:     71760.000000           1         -330.4675   
      2393:     71790.000000           1         -330.4684   
      2394:     71820.000000           1         -330.4671   
      2395:     71850.000000           1         -330.4658   
      2396:     71880.000000           1         -330.4622   
      2397:     71910.000000           1         -330.4610   
      2398:     71940.000000           1         -330.4609   
      2399:     71970.000000           1         -330.4586   
      2400:     72000.000000           1         -330.4583   
      2401:     72030.000000           1          170.5144   
      2402:     72060.000000           1          170.5138   
      2403:     72090.000000           1          170.5122   
      2404:     72120.000000           1          170.5108   
      2405:     72150.000000           1          170.5088   
      2406:     72180.000000           1          170.5087   
      2407:     72210.000000           1          170.5072   
      2408:     72240.000000           1          170.5050   
      2409:     72270.000000           1          170.5040   
      2410:     72300.000000           1          170.5026   
      2411:     72330.000000           1          170.5044   
      2412:     72360.000000           1         -191.5687   
      2413:     72390.000000           1          170.5034   
      2414:     72420.000000           1         -191.5684   
      2415:     72450.000000           1         -191.5666   
      2416:     72480.000000           1         -191.5658   
      2417:     72510.000000           1         -191.5674   
      2418:     72540.000000           1         -191.5680   
      2419:     72570.000000           1         -191.5727   
      2420:     72600.000000           1         -191.5745   
      2421:     72630.000000           1         -191.5755   
      2422:     72660.000000           1          170.4861   
      2423:     72690.000000           1          170.4864   
      2424:     72720.000000           1          170.4847   
      2425:     72750.000000           1          170.4842   
      2426:     72780.000000           1          170.4825   
      2427:     72810.000000           1          170.4836   
      2428:     72840.000000           1          170.4815   
      2429:     72870.000000           1          170.4796   
      2430:     72900.000000           1          170.4797   
      2431:     72930.000000           1          170.4784   
      2432:     72960.000000           1          170.4778   
      2433:     72990.000000           1          170.4816   
      2434:     73020.000000           1          170.4774   
      2435:     73050.000000           1          170.4768   
      2436:     73080.000000           1          170.4775   
      2437:     73110.000000           1          170.4781   
      2438:     73140.000000           1          170.4791   
      2439:     73170.000000           1          170.4769   
      2440:     73200.000000           1          170.4743   
      2441:     73230.000000           1          170.4732   
      2442:     73260.000000           1          170.4708   
      2443:     73290.000000           1          170.4698   
      2444:     73320.000000           1          170.4655   
      2445:     73350.000000           1          170.4619   
      2446:     73380.000000           1          170.4578   
      2447:     73410.000000           1          170.4553   
      2448:     73440.000000           1          170.4537   
      2449:     73470.000000           1          170.4534   
      2450:     73500.000000           1          170.4556   
      2451:     73530.000000           1           65.2216   
      2452:     73560.000000           1           65.2202   
      2453:     73590.000000           1           65.2160   
      2454:     73620.000000           1           65.2135   
      2455:     73650.000000           1           65.2136   
      2456:     73680.000000           1           65.2124   
      2457:     73710.000000           1           65.2123   
      2458:     73740.000000           1           65.2118   
      2459:     73770.000000           1           65.2103   
      2460:     73800.000000           1           65.2116   
      2461:     73830.000000           1           65.2112   
      2462:     73860.000000           1           65.2087   
      2463:     73890.000000           1           65.2070   
      2464:     73920.000000           1           65.2032   
      2465:     73950.000000           1           65.1996   
      2466:     73980.000000           1           65.1969   
      2467:     74010.000000           1           65.1963   
      2468:     74040.000000           1           65.1975   
      2469:     74070.000000           1           65.1985   
      2470:     74100.000000           1           65.1976   
      2471:     74130.000000           1           65.1955   
      2472:     74160.000000           1           65.1936   
      2473:     74190.000000           1           65.1912   
      2474:     74220.000000           1           65.1900   
      2475:     74250.000000           1           65.1904   
      2476:     74280.000000           1           65.1878   
      2477:     74310.000000           1           65.1879   
      2478:     74340.000000           1           65.1850   
      2479:     74370.000000           1           65.1842   
      2480:     74400.000000           1           65.1786   
      2481:     74430.000000           1           65.1752   
      2482:     74460.000000           1           65.1720   
      2483:     74490.000000           1           65.1704   
      2484:     74520.000000           1           65.1688   
      2485:     74550.000000           1           65.1686   
      2486:     74580.000000           1           65.1645   
      2487:     74610.000000           1           65.1612   
      2488:     74640.000000           1           65.1562   
      2489:     74670.000000           1           65.1542   
      2490:     74700.000000           1           65.1519   
      2491:     74730.000000           1           65.1507   
      2492:     74760.000000           1           65.1481   
      2493:     74790.000000           1           65.1463   
      2494:     74820.000000           1           65.1448   
      2495:     74850.000000           1           65.1440   
      2496:     74880.000000           1           65.1427   
      2497:     74910.000000           1           65.1400   
      2498:     74940.000000           1           65.1371   
      2499:     74970.000000           1           65.1364   
      2500:     75000.000000           1           65.1357   
      2501:     75030.000000           1           65.1332   
      2502:     75060.000000           1           65.1306   
      2503:     75090.000000           1           65.1271   
      2504:     75120.000000           1           65.1229   
      2505:     75150.000000           1           65.1207   
      2506:     75180.000000           1           65.1170   
      2507:     75210.000000           1           65.1152   
      2508:     75240.000000           1           65.1163   
      2509:     75270.000000           1           65.1131   
      2510:     75300.000000           1           65.1065   
      2511:     75330.000000           1           65.1037   
      2512:     75360.000000           1           65.1018   
      2513:     75390.000000           1          170.3339   
      2514:     75420.000000           1           65.0940   
      2515:     75450.000000           1           65.0915   
      2516:     75480.000000           1           65.0889   
      2517:     75510.000000           1           65.0880   
      2518:     75540.000000           1           65.0888   
      2519:     75570.000000           1           65.0859   
      2520:     75600.000000           1           65.0835   
      2521:     75630.000000           1           65.0831   
      2522:     75660.000000           1           65.0823   
      2523:     75690.000000           1           65.0800   
      2524:     75720.000000           1           65.0780   
      2525:     75750.000000           1           65.0750   
      2526:     75780.000000           1           65.0727   
      2527:     75810.000000           1           65.0715   
      2528:     75840.000000           1           65.0699   
      2529:     75870.000000           1           65.0664   
      2530:     75900.000000           1           65.0660   
      2531:     75930.000000           1           65.0622   
      2532:     75960.000000           1           65.0623   
      2533:     75990.000000           1           65.0616   
      2534:     76020.000000           1           65.0572   
      2535:     76050.000000           1           65.0560   
      2536:     76080.000000           1           65.0534   
      2537:     76110.000000           1           65.0521   
      2538:     76140.000000           1           65.0493   
      2539:     76170.000000           1           65.0503   
      2540:     76200.000000           1           65.0480   
      2541:     76230.000000           1           65.0414   
      2542:     76260.000000           1           65.0395   
      2543:     76290.000000           1           65.0366   
      2544:     76320.000000           1           65.0360   
      2545:     76350.000000           1           65.0338   
      2546:     76380.000000           1           65.0318   
      2547:     76410.000000           1           65.0309   
      2548:     76440.000000           1           65.0306   
      2549:     76470.000000           1           65.0271   
      2550:     76500.000000           1           65.0237   
      2551:     76530.000000           1           65.0232   
      2552:     76560.000000           1           65.0235   
      2553:     76590.000000           1           65.0223   
      2554:     76620.000000           1           65.0200   
      2555:     76650.000000           1           65.0181   
      2556:     76680.000000           1           65.0161   
      2557:     76710.000000           1           65.0165   
      2558:     76740.000000           1           65.0150   
      2559:     76770.000000           1           65.0141   
      2560:     76800.000000           1           65.0116   
      2561:     76830.000000           1           65.0086   
      2562:     76860.000000           1           65.0053   
      2563:     76890.000000           1           65.0054   
      2564:     76920.000000           1           65.0019   
      2565:     76950.000000           1           64.9993   
      2566:     76980.000000           1           64.9932   
      2567:     77010.000000           1           64.9891   
      2568:     77040.000000           1           64.9817   
      2569:     77070.000000           1           64.9784   
      2570:     77100.000000           1           64.9756   
      2571:     77130.000000           1           64.9712   
      2572:     77160.000000           1           64.9685   
      2573:     77190.000000           1           64.9635   
      2574:     77220.000000           1           64.9612   
      2575:     77250.000000           1           64.9591   
      2576:     77280.000000           1           64.9566   
      2577:     77310.000000           1           64.9535   
      2578:     77340.000000           1           64.9483   
      2579:     77370.000000           1           64.9431   
      2580:     77400.000000           1           64.9392   
      2581:     77430.000000           1           64.9365   
      2582:     77460.000000           1           64.9328   
      2583:     77490.000000           1           64.9284   
      2584:     77520.000000           1           64.9229   
      2585:     77550.000000           1           64.9218   
      2586:     77580.000000           1           64.9199   
      2587:     77610.000000           1           64.9187   
      2588:     77640.000000           1           64.9179   
      2589:     77670.000000           1           64.9147   
      2590:     77700.000000           1           64.9147   
      2591:     77730.000000           1           64.9140   
      2592:     77760.000000           1           64.9112   
      2593:     77790.000000           1           64.9079   
      2594:     77820.000000           1           64.9064   
      2595:     77850.000000           1           64.9052   
      2596:     77880.000000           1           64.9058   
      2597:     77910.000000           1           64.9035   
      2598:     77940.000000           1           64.9011   
      2599:     77970.000000           1           64.8982   
      2600:     78000.000000           1           64.8961   
      2601:     78030.000000           1           64.8928   
      2602:     78060.000000           1           64.8909   
      2603:     78090.000000           1           64.8877   
      2604:     78120.000000           1           64.8854   
      2605:     78150.000000           1           64.8802   
      2606:     78180.000000           1           64.8755   
      2607:     78210.000000           1           64.8703   
      2608:     78240.000000           1           64.8676   
      2609:     78270.000000           1           64.8657   
      2610:     78300.000000           1           64.8622   
      2611:     78330.000000           1           64.8587   
      2612:     78360.000000           1           64.8561   
      2613:     78390.000000           1           64.8557   
      2614:     78420.000000           1           64.8558   
      2615:     78450.000000           1           64.8562   
      2616:     78480.000000           1           64.8547   
      2617:     78510.000000           1           64.8537   
      2618:     78540.000000           1           64.8527   
      2619:     78570.000000           1           64.8514   
      2620:     78600.000000           1           64.8472   
      2621:     78630.000000           1           64.8433   
      2622:     78660.000000           1           64.8389   
      2623:     78690.000000           1           64.8353   
      2624:     78720.000000           1           64.8298   
      2625:     78750.000000           1           64.8245   
      2626:     78780.000000           1           64.8197   
      2627:     78810.000000           1           64.8149   
      2628:     78840.000000           1           64.8119   
      2629:     78870.000000           1           64.8078   
      2630:     78900.000000           1           64.8037   
      2631:     78930.000000           1           64.8010   
      2632:     78960.000000           1           64.7993   
      2633:     78990.000000           1           64.7985   
      2634:     79020.000000           1           64.7982   
      2635:     79050.000000           1           64.7964   
      2636:     79080.000000           1           64.7954   
      2637:     79110.000000           1           64.7935   
      2638:     79140.000000           1           64.7926   
      2639:     79170.000000           1           64.7899   
      2640:     79200.000000           1           64.7850   
      2641:     79230.000000           1           64.7826   
      2642:     79260.000000           1           64.7781   
      2643:     79290.000000           1           64.7731   
      2644:     79320.000000           1           64.7701   
      2645:     79350.000000           1           64.7664   
      2646:     79380.000000           1           64.7633   
      2647:     79410.000000           1           64.7608   
      2648:     79440.000000           1           64.7579   
      2649:     79470.000000           1           64.7541   
      2650:     79500.000000           1           64.7521   
      2651:     79530.000000           1           64.7492   
      2652:     79560.000000           1           64.7463   
      2653:     79590.000000           1           64.7433   
      2654:     79620.000000           1           64.7364   
      2655:     79650.000000           1           64.7323   
      2656:     79680.000000           1           64.7287   
      2657:     79710.000000           1           64.7231   
      2658:     79740.000000           1           64.7222   
      2659:     79770.000000           1          169.9462   
      2660:     79800.000000           1          169.9448   
      2661:     79830.000000           1          169.9366   
      2662:     79860.000000           1          169.9316   
      2663:     79890.000000           1          169.9263   
      2664:     79920.000000           1          169.9232   
      2665:     79950.000000           1          169.9205   
      2666:     79980.000000           1          169.9177   
      2667:     80010.000000           1          169.9098   
      2668:     80040.000000           1          169.9054   
      2669:     80070.000000           1          169.9011   
      2670:     80100.000000           1          169.8994   
      2671:     80130.000000           1          169.8972   
      2672:     80160.000000           1          169.8958   
      2673:     80190.000000           1          169.8922   
      2674:     80220.000000           1          169.8907   
      2675:     80250.000000           1          169.8860   
      2676:     80280.000000           1          169.8838   
      2677:     80310.000000           1          169.8800   
      2678:     80340.000000           1          169.8787   
      2679:     80370.000000           1          169.8758   
      2680:     80400.000000           1          169.8730   
      2681:     80430.000000           1          169.8704   
      2682:     80460.000000           1          169.8665   
      2683:     80490.000000           1          169.8654   
      2684:     80520.000000           1          169.8630   
      2685:     80550.000000           1          169.8607   
      2686:     80580.000000           1          169.8581   
      2687:     80610.000000           1          169.8539   
      2688:     80640.000000           1          169.8516   
      2689:     80670.000000           1          169.8497   
      2690:     80700.000000           1          169.8470   
      2691:     80730.000000           1          169.8450   
      2692:     80760.000000           1          169.8404   
      2693:     80790.000000           1          169.8326   
      2694:     80820.000000           1          169.8292   
      2695:     80850.000000           1          169.8206   
      2696:     80880.000000           1          169.8165   
      2697:     80910.000000           1          169.8145   
