         0:         0.000000           1           13.1471   
         1:        30.000000           1           26.2739   
         2:        60.000000           1           21.2537   
         3:        90.000000           1           25.4737   
         4:       120.000000           1           27.7162   
         5:       150.000000           1           28.5725   
         6:       180.000000           1           29.2474   
         7:       210.000000           1           31.4274   
         8:       240.000000           1           30.7449   
         9:       270.000000           1           31.3025   
        10:       300.000000           1           31.7154   
        11:       330.000000           1           31.5389   
        12:       360.000000           1           32.0135   
        13:       390.000000           1           31.6605   
        14:       420.000000           1           32.2095   
        15:       450.000000           1           32.8616   
        16:       480.000000           1           33.3602   
        17:       510.000000           1           33.5005   
        18:       540.000000           1           33.7488   
        19:       570.000000           1           33.8016   
        20:       600.000000           1           34.3060   
        21:       630.000000           1           34.9239   
        22:       660.000000           1           35.1971   
        23:       690.000000           1           35.3204   
        24:       720.000000           1           35.0207   
        25:       750.000000           1           34.8634   
        26:       780.000000           1           34.9307   
        27:       810.000000           1           34.6936   
        28:       840.000000           1           34.6534   
        29:       870.000000           1           34.6415   
        30:       900.000000           1           34.9010   
        31:       930.000000           1           34.9654   
        32:       960.000000           1           35.0707   
        33:       990.000000           1           35.0185   
        34:      1020.000000           1           35.1748   
        35:      1050.000000           1           35.2398   
        36:      1080.000000           1           35.1443   
        37:      1110.000000           1          -22.2515   
        38:      1140.000000           1           35.2265   
        39:      1170.000000           1           35.2474   
        40:      1200.000000           1           35.5419   
        41:      1230.000000           1           36.0021   
        42:      1260.000000           1           36.0674   
        43:      1290.000000           1           36.0166   
        44:      1320.000000           1           36.1138   
        45:      1350.000000           1          -20.7288   
        46:      1380.000000           1           35.6719   
        47:      1410.000000           1           35.7949   
        48:      1440.000000           1          -20.8850   
        49:      1470.000000           1           35.7894   
        50:      1500.000000           1           35.7570   
        51:      1530.000000           1           35.8604   
        52:      1560.000000           1           35.9490   
        53:      1590.000000           1           36.1531   
        54:      1620.000000           1           36.2963   
        55:      1650.000000           1           36.3807   
        56:      1680.000000           1           36.3549   
        57:      1710.000000           1           36.4332   
        58:      1740.000000           1           36.4132   
        59:      1770.000000           1           36.4549   
        60:      1800.000000           1           36.4512   
        61:      1830.000000           1           36.4218   
        62:      1860.000000           1           36.4369   
        63:      1890.000000           1           36.3784   
        64:      1920.000000           1           36.3573   
        65:      1950.000000           1           36.3655   
        66:      1980.000000           1           36.3259   
        67:      2010.000000           1           36.2785   
        68:      2040.000000           1           36.2461   
        69:      2070.000000           1           36.1470   
        70:      2100.000000           1           36.1219   
        71:      2130.000000           1           36.0706   
        72:      2160.000000           1           35.9524   
        73:      2190.000000           1           35.8816   
        74:      2220.000000           1           35.7569   
        75:      2250.000000           1           35.7765   
        76:      2280.000000           1           35.7830   
        77:      2310.000000           1           35.8344   
        78:      2340.000000           1           35.7644   
        79:      2370.000000           1           35.7479   
        80:      2400.000000           1           35.7202   
        81:      2430.000000           1           35.7482   
        82:      2460.000000           1           35.7666   
        83:      2490.000000           1           35.7473   
        84:      2520.000000           1           35.7767   
        85:      2550.000000           1           35.9252   
        86:      2580.000000           1           35.9911   
        87:      2610.000000           1           36.0743   
        88:      2640.000000           1           36.0225   
        89:      2670.000000           1           36.0945   
        90:      2700.000000           1           36.0649   
        91:      2730.000000           1           36.0831   
        92:      2760.000000           1           36.1008   
        93:      2790.000000           1           36.1148   
        94:      2820.000000           1           36.0462   
        95:      2850.000000           1           36.1123   
        96:      2880.000000           1           36.0987   
        97:      2910.000000           1           36.1045   
        98:      2940.000000           1           36.1076   
        99:      2970.000000           1           36.1052   
       100:      3000.000000           1           36.0069   
       101:      3030.000000           1           35.9682   
       102:      3060.000000           1           35.9742   
       103:      3090.000000           1           35.9558   
       104:      3120.000000           1           35.9680   
       105:      3150.000000           1           36.0106   
       106:      3180.000000           1           35.9941   
       107:      3210.000000           1           36.0145   
       108:      3240.000000           1           36.0229   
       109:      3270.000000           1           36.0120   
       110:      3300.000000           1           36.0220   
       111:      3330.000000           1           35.9955   
       112:      3360.000000           1           35.9549   
       113:      3390.000000           1           35.9204   
       114:      3420.000000           1           35.9250   
       115:      3450.000000           1           35.9515   
       116:      3480.000000           1           35.9490   
       117:      3510.000000           1           35.8857   
       118:      3540.000000           1           35.8712   
       119:      3570.000000           1           35.8991   
       120:      3600.000000           1           35.9216   
       121:      3630.000000           1           35.9855   
       122:      3660.000000           1           36.0605   
       123:      3690.000000           1           36.0141   
       124:      3720.000000           1           36.0250   
       125:      3750.000000           1           35.9892   
       126:      3780.000000           1           35.9829   
       127:      3810.000000           1           36.0022   
       128:      3840.000000           1           36.0531   
       129:      3870.000000           1           36.0866   
       130:      3900.000000           1           36.1542   
       131:      3930.000000           1           36.1855   
       132:      3960.000000           1           36.1638   
       133:      3990.000000           1           36.1310   
       134:      4020.000000           1           36.1430   
       135:      4050.000000           1           36.1521   
       136:      4080.000000           1           36.1175   
       137:      4110.000000           1           36.1282   
       138:      4140.000000           1           36.1556   
       139:      4170.000000           1           36.1884   
       140:      4200.000000           1           36.1877   
       141:      4230.000000           1           36.1748   
       142:      4260.000000           1           36.1881   
       143:      4290.000000           1           36.1868   
       144:      4320.000000           1           36.1740   
       145:      4350.000000           1           36.2102   
       146:      4380.000000           1           36.2213   
       147:      4410.000000           1           36.1914   
       148:      4440.000000           1           36.1598   
       149:      4470.000000           1           36.1417   
       150:      4500.000000           1           36.1552   
       151:      4530.000000           1           36.2414   
       152:      4560.000000           1           36.2791   
       153:      4590.000000           1           36.2646   
       154:      4620.000000           1           36.2348   
       155:      4650.000000           1           36.2361   
       156:      4680.000000           1           36.2812   
       157:      4710.000000           1           36.2790   
       158:      4740.000000           1           36.2619   
       159:      4770.000000           1           36.2609   
       160:      4800.000000           1           36.2455   
       161:      4830.000000           1           36.2601   
       162:      4860.000000           1           36.2519   
       163:      4890.000000           1           36.2668   
       164:      4920.000000           1           36.2714   
       165:      4950.000000           1           36.2533   
       166:      4980.000000           1           36.2072   
       167:      5010.000000           1           36.2040   
       168:      5040.000000           1           36.2058   
       169:      5070.000000           1           36.2264   
       170:      5100.000000           1           36.2669   
       171:      5130.000000           1           36.2997   
       172:      5160.000000           1           36.3447   
       173:      5190.000000           1           36.3679   
       174:      5220.000000           1           36.3978   
       175:      5250.000000           1           36.4199   
       176:      5280.000000           1           36.4235   
       177:      5310.000000           1           36.4292   
       178:      5340.000000           1           36.4247   
       179:      5370.000000           1           36.4093   
       180:      5400.000000           1           36.4380   
       181:      5430.000000           1           36.4640   
       182:      5460.000000           1           36.4680   
       183:      5490.000000           1           36.4689   
       184:      5520.000000           1           36.4535   
       185:      5550.000000           1           36.4332   
       186:      5580.000000           1           36.4284   
       187:      5610.000000           1           36.4038   
       188:      5640.000000           1           36.3730   
       189:      5670.000000           1           36.3479   
       190:      5700.000000           1           36.3376   
       191:      5730.000000           1           36.3154   
       192:      5760.000000           1           36.2982   
       193:      5790.000000           1           36.2922   
       194:      5820.000000           1           36.2701   
       195:      5850.000000           1           36.2569   
       196:      5880.000000           1           36.2513   
       197:      5910.000000           1           36.2415   
       198:      5940.000000           1           36.2097   
       199:      5970.000000           1           36.2540   
       200:      6000.000000           1           36.2474   
       201:      6030.000000           1           36.2563   
       202:      6060.000000           1           36.2791   
       203:      6090.000000           1           36.3186   
       204:      6120.000000           1           36.3189   
       205:      6150.000000           1           36.3356   
       206:      6180.000000           1           36.3140   
       207:      6210.000000           1           36.2887   
       208:      6240.000000           1           36.2507   
       209:      6270.000000           1           36.2327   
       210:      6300.000000           1           36.2223   
       211:      6330.000000           1           36.2413   
       212:      6360.000000           1           36.2689   
       213:      6390.000000           1           36.2705   
       214:      6420.000000           1           36.2886   
       215:      6450.000000           1           36.3017   
       216:      6480.000000           1           36.3111   
       217:      6510.000000           1           36.3254   
       218:      6540.000000           1           36.3228   
       219:      6570.000000           1           36.2912   
       220:      6600.000000           1           36.2830   
       221:      6630.000000           1           36.3093   
       222:      6660.000000           1           36.3103   
       223:      6690.000000           1           36.3199   
       224:      6720.000000           1           36.3237   
       225:      6750.000000           1           36.3312   
       226:      6780.000000           1           36.3140   
       227:      6810.000000           1           36.3025   
       228:      6840.000000           1           36.2991   
       229:      6870.000000           1           36.3039   
       230:      6900.000000           1           36.3115   
       231:      6930.000000           1           36.3000   
       232:      6960.000000           1           36.3059   
       233:      6990.000000           1           36.3017   
       234:      7020.000000           1           36.3062   
       235:      7050.000000           1           36.2905   
       236:      7080.000000           1           36.2803   
       237:      7110.000000           1           36.2680   
       238:      7140.000000           1           36.2485   
       239:      7170.000000           1           36.2350   
       240:      7200.000000           1           36.2411   
       241:      7230.000000           1           36.2719   
       242:      7260.000000           1           36.2865   
       243:      7290.000000           1           36.3316   
       244:      7320.000000           1           36.3328   
       245:      7350.000000           1           36.2910   
       246:      7380.000000           1           36.2661   
       247:      7410.000000           1           36.2190   
       248:      7440.000000           1           36.1736   
       249:      7470.000000           1           36.1630   
       250:      7500.000000           1           36.1666   
       251:      7530.000000           1           36.1521   
       252:      7560.000000           1           36.1558   
       253:      7590.000000           1           36.1760   
       254:      7620.000000           1           36.1708   
       255:      7650.000000           1           36.1421   
       256:      7680.000000           1           36.1304   
       257:      7710.000000           1           36.1126   
       258:      7740.000000           1           36.0945   
       259:      7770.000000           1           36.0821   
       260:      7800.000000           1           36.0679   
       261:      7830.000000           1           36.0506   
       262:      7860.000000           1           36.0540   
       263:      7890.000000           1           36.0559   
       264:      7920.000000           1           36.0579   
       265:      7950.000000           1           36.0445   
       266:      7980.000000           1           36.0552   
       267:      8010.000000           1           36.0588   
       268:      8040.000000           1           36.0610   
       269:      8070.000000           1           36.0624   
       270:      8100.000000           1           36.0413   
       271:      8130.000000           1           36.0410   
       272:      8160.000000           1           36.0660   
       273:      8190.000000           1           36.0952   
       274:      8220.000000           1           36.1096   
       275:      8250.000000           1           36.1224   
       276:      8280.000000           1           36.1514   
       277:      8310.000000           1           36.1699   
       278:      8340.000000           1           36.1839   
       279:      8370.000000           1           36.1768   
       280:      8400.000000           1           36.1749   
       281:      8430.000000           1           36.1796   
       282:      8460.000000           1           36.1933   
       283:      8490.000000           1           36.1906   
       284:      8520.000000           1           36.1785   
       285:      8550.000000           1           36.1681   
       286:      8580.000000           1           36.1597   
       287:      8610.000000           1           36.1594   
       288:      8640.000000           1           36.1691   
       289:      8670.000000           1           36.1838   
       290:      8700.000000           1           36.1898   
       291:      8730.000000           1           36.1963   
       292:      8760.000000           1           36.2162   
       293:      8790.000000           1           36.2259   
       294:      8820.000000           1           36.2258   
       295:      8850.000000           1           36.2310   
       296:      8880.000000           1           36.2035   
       297:      8910.000000           1           36.2046   
       298:      8940.000000           1           36.2152   
       299:      8970.000000           1           36.2160   
       300:      9000.000000           1           36.2085   
       301:      9030.000000           1           36.2073   
       302:      9060.000000           1           36.1935   
       303:      9090.000000           1           36.1844   
       304:      9120.000000           1           36.1965   
       305:      9150.000000           1           36.2009   
       306:      9180.000000           1           36.1965   
       307:      9210.000000           1           36.1904   
       308:      9240.000000           1           36.1827   
       309:      9270.000000           1           36.1680   
       310:      9300.000000           1           36.1461   
       311:      9330.000000           1           36.1248   
       312:      9360.000000           1           36.1064   
       313:      9390.000000           1           36.0930   
       314:      9420.000000           1           36.0796   
       315:      9450.000000           1           36.0944   
       316:      9480.000000           1           36.0806   
       317:      9510.000000           1           36.0799   
       318:      9540.000000           1           36.0741   
       319:      9570.000000           1           36.0776   
       320:      9600.000000           1           36.0872   
       321:      9630.000000           1           36.0901   
       322:      9660.000000           1           36.1070   
       323:      9690.000000           1           36.1147   
       324:      9720.000000           1           36.1260   
       325:      9750.000000           1           36.1401   
       326:      9780.000000           1           36.1338   
       327:      9810.000000           1           36.1239   
       328:      9840.000000           1           36.1287   
       329:      9870.000000           1           36.1422   
       330:      9900.000000           1           36.1520   
       331:      9930.000000           1           36.1487   
       332:      9960.000000           1           36.1342   
       333:      9990.000000           1           36.1262   
       334:     10020.000000           1           36.1192   
       335:     10050.000000           1           36.1234   
       336:     10080.000000           1           36.1233   
       337:     10110.000000           1           36.1314   
       338:     10140.000000           1           36.1352   
       339:     10170.000000           1           36.1348   
       340:     10200.000000           1           36.1263   
       341:     10230.000000           1           36.1153   
       342:     10260.000000           1           36.1224   
       343:     10290.000000           1           36.1196   
       344:     10320.000000           1           36.1263   
       345:     10350.000000           1           36.1252   
       346:     10380.000000           1           36.1376   
       347:     10410.000000           1           36.1532   
       348:     10440.000000           1           36.1684   
       349:     10470.000000           1           36.1707   
       350:     10500.000000           1           36.1830   
       351:     10530.000000           1           36.1872   
       352:     10560.000000           1           36.2088   
       353:     10590.000000           1           36.2002   
       354:     10620.000000           1           36.2118   
       355:     10650.000000           1           36.2153   
       356:     10680.000000           1           36.2000   
       357:     10710.000000           1           36.1756   
       358:     10740.000000           1           36.1645   
       359:     10770.000000           1           36.1553   
       360:     10800.000000           1           36.1451   
       361:     10830.000000           1           36.1534   
       362:     10860.000000           1           36.1633   
       363:     10890.000000           1           36.1554   
       364:     10920.000000           1           36.1549   
       365:     10950.000000           1           36.1516   
       366:     10980.000000           1           36.1419   
       367:     11010.000000           1           36.1238   
       368:     11040.000000           1           36.1214   
       369:     11070.000000           1           36.1190   
       370:     11100.000000           1           36.1061   
       371:     11130.000000           1           36.1199   
       372:     11160.000000           1           36.1168   
       373:     11190.000000           1           36.1175   
       374:     11220.000000           1           36.1171   
       375:     11250.000000           1           36.1443   
       376:     11280.000000           1           36.1834   
       377:     11310.000000           1           36.1790   
       378:     11340.000000           1          -20.4170   
       379:     11370.000000           1          -20.4120   
       380:     11400.000000           1           37.4345   
       381:     11430.000000           1           37.5506   
       382:     11460.000000           1           37.5868   
       383:     11490.000000           1           37.6495   
       384:     11520.000000           1           37.6834   
       385:     11550.000000           1           37.6929   
       386:     11580.000000           1           37.6868   
       387:     11610.000000           1          -20.3374   
       388:     11640.000000           1          768.4426   
       389:     11670.000000           1          768.3703   
       390:     11700.000000           1          768.4101   
       391:     11730.000000           1          768.4152   
       392:     11760.000000           1          768.3914   
       393:     11790.000000           1          768.3836   
       394:     11820.000000           1          768.4099   
       395:     11850.000000           1          -20.1113   
       396:     11880.000000           1          -20.1188   
       397:     11910.000000           1          -20.1148   
       398:     11940.000000           1          -20.1074   
       399:     11970.000000           1          -20.1022   
       400:     12000.000000           1          -20.0820   
       401:     12030.000000           1          -20.0636   
       402:     12060.000000           1          -20.0495   
       403:     12090.000000           1          -20.0332   
       404:     12120.000000           1          -20.0324   
       405:     12150.000000           1          -20.0140   
       406:     12180.000000           1         -167.9384   
       407:     12210.000000           1         -167.9401   
       408:     12240.000000           1         -167.9299   
       409:     12270.000000           1         -167.9150   
       410:     12300.000000           1         -167.8879   
       411:     12330.000000           1         -167.8800   
       412:     12360.000000           1         -167.8769   
       413:     12390.000000           1         -167.8793   
       414:     12420.000000           1         -167.8712   
       415:     12450.000000           1         -167.8580   
       416:     12480.000000           1         -167.8313   
       417:     12510.000000           1         -167.8189   
       418:     12540.000000           1         -167.8106   
       419:     12570.000000           1         -167.8124   
       420:     12600.000000           1         -167.8129   
       421:     12630.000000           1         -167.8031   
       422:     12660.000000           1         -167.7993   
       423:     12690.000000           1         -167.7893   
       424:     12720.000000           1         -167.7817   
       425:     12750.000000           1         -167.7867   
       426:     12780.000000           1         -167.7751   
       427:     12810.000000           1         -167.7709   
       428:     12840.000000           1         -167.7641   
       429:     12870.000000           1         -167.7584   
       430:     12900.000000           1         -167.7451   
       431:     12930.000000           1         -167.7332   
       432:     12960.000000           1         -167.7321   
       433:     12990.000000           1         -167.7070   
       434:     13020.000000           1         -167.7091   
       435:     13050.000000           1         -167.7102   
       437:     13110.000000           1         -167.6952   
       438:     13140.000000           1         -167.7006   
       439:     13170.000000           1         -167.6953   
       440:     13200.000000           1         -167.6714   
       890:     26700.000000           1         -307.1106   
       891:     26730.000000           1         -307.1555   
       892:     26760.000000           1         -307.2153   
       893:     26790.000000           1         -307.2052   
       894:     26820.000000           1         -307.2156   
       895:     26850.000000           1         -307.1710   
       896:     26880.000000           1         -307.1771   
       897:     26910.000000           1         -307.1410   
       898:     26940.000000           1         -307.1244   
       899:     26970.000000           1         -307.1293   
       900:     27000.000000           1         -307.1047   
       901:     27030.000000           1         -307.1035   
       902:     27060.000000           1         -307.0876   
       903:     27090.000000           1         -307.0780   
       904:     27120.000000           1         -307.0772   
       905:     27150.000000           1         -307.0570   
       906:     27180.000000           1         -307.0488   
       907:     27210.000000           1         -307.0328   
       908:     27240.000000           1         -307.0413   
       909:     27270.000000           1         -307.0623   
       910:     27300.000000           1         -307.0714   
       911:     27330.000000           1         -307.0852   
       912:     27360.000000           1         -307.0989   
       913:     27390.000000           1         -307.0924   
       914:     27420.000000           1         -307.0782   
       915:     27450.000000           1         -307.0674   
       916:     27480.000000           1         -307.0598   
       917:     27510.000000           1         -307.0452   
       918:     27540.000000           1         -307.0299   
       919:     27570.000000           1         -307.0035   
       920:     27600.000000           1         -306.9862   
       921:     27630.000000           1         -306.9794   
       922:     27660.000000           1         -306.9721   
       923:     27690.000000           1         -306.9523   
       924:     27720.000000           1         -306.9349   
       925:     27750.000000           1         -306.9109   
       926:     27780.000000           1         -306.9092   
       927:     27810.000000           1         -306.9079   
       928:     27840.000000           1         -306.8967   
       929:     27870.000000           1         -306.8951   
       930:     27900.000000           1         -306.8862   
       932:     27960.000000           1         -306.8561   
       933:     27990.000000           1         -306.8593   
      1015:     30450.000000           1         -306.2588   
      1016:     30480.000000           1         -306.2479   
      1017:     30510.000000           1         -306.2463   
      1018:     30540.000000           1         -306.2368   
      1019:     30570.000000           1         -306.2369   
      1020:     30600.000000           1         -306.2409   
      1021:     30630.000000           1         -306.2356   
      1022:     30660.000000           1         -306.2297   
      1023:     30690.000000           1         -306.2239   
      1024:     30720.000000           1         -306.2112   
      1025:     30750.000000           1         -306.2011   
      1026:     30780.000000           1         -306.1856   
      1027:     30810.000000           1         -306.1705   
      1028:     30840.000000           1         -306.1677   
      1029:     30870.000000           1         -306.1591   
      1030:     30900.000000           1         -306.1442   
      1031:     30930.000000           1         -306.1304   
      1032:     30960.000000           1         -306.1196   
      1033:     30990.000000           1         -306.1199   
      1034:     31020.000000           1         -306.1147   
      1035:     31050.000000           1         -306.1117   
      1037:     31110.000000           1         -306.0871   
      1038:     31140.000000           1         -306.0817   
      1039:     31170.000000           1         -306.0813   
      1040:     31200.000000           1         -306.0742   
      1041:     31230.000000           1         -306.0656   
      1042:     31260.000000           1         -306.0516   
      1043:     31290.000000           1         -306.0418   
      1044:     31320.000000           1         -306.0336   
      1045:     31350.000000           1         -306.0295   
      1046:     31380.000000           1         -306.0301   
      1047:     31410.000000           1         -306.0235   
      1048:     31440.000000           1         -306.0185   
      1049:     31470.000000           1         -306.0123   
      1050:     31500.000000           1         -306.0119   
      1051:     31530.000000           1         -306.0077   
      1052:     31560.000000           1         -305.9981   
      1053:     31590.000000           1         -305.9817   
      1054:     31620.000000           1         -305.9698   
      1055:     31650.000000           1         -305.9580   
      1056:     31680.000000           1         -305.9530   
      1057:     31710.000000           1         -305.9470   
      1058:     31740.000000           1         -305.9365   
      1059:     31770.000000           1         -305.9282   
      1060:     31800.000000           1         -305.9176   
      1061:     31830.000000           1         -305.9066   
      1062:     31860.000000           1         -305.8957   
      1063:     31890.000000           1         -305.8864   
      1064:     31920.000000           1         -305.8803   
      1065:     31950.000000           1         -305.8767   
      1066:     31980.000000           1         -305.8690   
      1067:     32010.000000           1         -305.8694   
      1068:     32040.000000           1         -305.8700   
      1069:     32070.000000           1         -305.8722   
      1070:     32100.000000           1         -305.8682   
      1071:     32130.000000           1         -305.8589   
      1072:     32160.000000           1         -305.8522   
      1073:     32190.000000           1         -305.8427   
      1074:     32220.000000           1         -305.8415   
      1075:     32250.000000           1         -305.8362   
      1165:     34950.000000           1         -305.2155   
      1166:     34980.000000           1         -305.2066   
      1167:     35010.000000           1         -305.2027   
      1168:     35040.000000           1         -305.1988   
      1169:     35070.000000           1         -305.1960   
      1171:     35130.000000           1         -305.1753   
      1173:     35190.000000           1         -305.1540   
      1174:     35220.000000           1         -305.1465   
      1201:     36030.000000           1         -304.9323   
      1374:     41220.000000           1         -304.3609   
      1376:     41280.000000           1         -304.3619   
      1378:     41340.000000           1         -304.3544   
      1380:     41400.000000           1         -304.3593   
      1381:     41430.000000           1         -304.3571   
      1383:     41490.000000           1         -304.3499   
      1384:     41520.000000           1         -304.3496   
      1387:     41610.000000           1         -304.3505   
      1388:     41640.000000           1         -304.3503   
      1439:     43170.000000           1         -304.3436   
      1440:     43200.000000           1         -304.3392   
      1441:     43230.000000           1         -304.3343   
      1472:     44160.000000           1         -304.3073   
      1473:     44190.000000           1         -304.3129   
      1474:     44220.000000           1         -304.3337   
      1475:     44250.000000           1         -304.3268   
      1476:     44280.000000           1         -304.3530   
      1477:     44310.000000           1         -304.3370   
      1478:     44340.000000           1         -304.3348   
      1479:     44370.000000           1         -304.3474   
      1480:     44400.000000           1         -304.3768   
      1481:     44430.000000           1         -304.4026   
      1482:     44460.000000           1         -304.4357   
      1483:     44490.000000           1         -304.4513   
      1484:     44520.000000           1         -304.4591   
      1485:     44550.000000           1         -304.4684   
      1487:     44610.000000           1         -304.4812   
      1488:     44640.000000           1         -304.4869   
      1489:     44670.000000           1         -304.4927   
      1490:     44700.000000           1         -304.5080   
      2819:     84570.000000           1           15.0412   
      2820:     84600.000000           1           15.0383   
      2822:     84660.000000           1           15.0322   
      2823:     84690.000000           1           15.0312   
      2824:     84720.000000           1           15.0295   
      2826:     84780.000000           1           15.0285   
      2827:     84810.000000           1           15.0277   
      2828:     84840.000000           1           15.0281   
      2830:     84900.000000           1           15.0253   
      2831:     84930.000000           1           15.0244   
      2832:     84960.000000           1           15.0223   
      2833:     84990.000000           1           15.0198   
      2834:     85020.000000           1           15.0144   
      2835:     85050.000000           1           15.0092   
      2836:     85080.000000           1           15.0066   
      2837:     85110.000000           1           15.0059   
      2838:     85140.000000           1           15.0035   
      2839:     85170.000000           1           15.0019   
      2840:     85200.000000           1           15.0011   
      2841:     85230.000000           1           14.9991   
      2842:     85260.000000           1           14.9972   
      2843:     85290.000000           1           14.9971   
      2844:     85320.000000           1           14.9985   
      2845:     85350.000000           1           14.9977   
      2846:     85380.000000           1           14.9946   
      2847:     85410.000000           1           14.9929   
      2848:     85440.000000           1           14.9904   
      2849:     85470.000000           1          184.4816   
      2850:     85500.000000           1          184.4097   
      2851:     85530.000000           1          184.3114   
      2852:     85560.000000           1          184.2840   
      2853:     85590.000000           1          184.2391   
      2854:     85620.000000           1          184.2055   
      2855:     85650.000000           1          184.1773   
      2856:     85680.000000           1          184.1178   
      2857:     85710.000000           1          184.0780   
      2858:     85740.000000           1          184.0443   
      2859:     85770.000000           1          184.0147   
      2860:     85800.000000           1          183.9879   
      2861:     85830.000000           1          183.9581   
      2862:     85860.000000           1          183.9427   
      2863:     85890.000000           1          183.9366   
      2864:     85920.000000           1          183.9292   
      2865:     85950.000000           1          183.9928   
      2866:     85980.000000           1          184.0694   
      2867:     86010.000000           1          184.1436   
      2868:     86040.000000           1           14.9538   
      2869:     86070.000000           1          184.8799   
      2870:     86100.000000           1          184.8448   
      2871:     86130.000000           1          184.9073   
      2872:     86160.000000           1          184.9236   
      2873:     86190.000000           1          184.8925   
      2874:     86220.000000           1          184.8739   
      2875:     86250.000000           1          184.8713   
      2876:     86280.000000           1          184.8771   
      2877:     86310.000000           1          184.8901   
      2878:     86340.000000           1          184.8969   
      2879:     86370.000000           1          184.8897   
