         0:         0.000000           1          -97.0752   
         1:        30.000000           1          -96.1108   
         2:        60.000000           1          -99.1820   
         3:        90.000000           1          -96.1020   
         4:       120.000000           1          -96.0230   
         5:       150.000000           1          -92.8541   
         6:       180.000000           1          -91.1273   
         7:       210.000000           1          -87.7413   
         8:       240.000000           1          -87.2452   
         9:       270.000000           1          -87.4828   
        10:       300.000000           1          -87.2911   
        11:       330.000000           1          -87.1932   
        12:       360.000000           1          -87.2267   
        13:       390.000000           1          -87.9992   
        14:       420.000000           1          -87.5640   
        15:       450.000000           1          -86.8210   
        16:       480.000000           1          -86.8044   
        17:       510.000000           1          -87.0241   
        18:       540.000000           1          -86.5767   
        19:       570.000000           1          -87.4567   
        20:       600.000000           1          -87.5879   
        21:       630.000000           1          -87.5626   
        22:       660.000000           1          -87.2624   
        23:       690.000000           1          -87.5461   
        24:       720.000000           1          -87.3067   
        25:       750.000000           1          -87.4606   
        26:       780.000000           1          -87.1970   
        27:       810.000000           1          -87.3839   
        28:       840.000000           1          -87.4981   
        29:       870.000000           1          -87.6732   
        30:       900.000000           1          -87.4302   
        31:       930.000000           1          -87.3940   
        32:       960.000000           1          -87.4033   
        33:       990.000000           1          -87.3805   
        34:      1020.000000           1          -87.5145   
        35:      1050.000000           1          -87.6052   
        36:      1080.000000           1          -87.8157   
        37:      1110.000000           1           52.6468   
        38:      1140.000000           1          -87.6473   
        39:      1170.000000           1          -87.5932   
        40:      1200.000000           1          -87.5887   
        41:      1230.000000           1          -87.1080   
        42:      1260.000000           1          -87.0025   
        43:      1290.000000           1          -87.0329   
        44:      1320.000000           1          -87.0381   
        45:      1350.000000           1          348.4448   
        46:      1380.000000           1          -87.0797   
        47:      1410.000000           1          -87.1465   
        48:      1440.000000           1          348.1514   
        49:      1470.000000           1          -87.0132   
        50:      1500.000000           1          -87.1760   
        51:      1530.000000           1          -87.1775   
        52:      1560.000000           1          -87.1310   
        53:      1590.000000           1          -87.0130   
        54:      1620.000000           1          -86.9326   
        55:      1650.000000           1          -86.9664   
        56:      1680.000000           1          -87.0863   
        57:      1710.000000           1          -87.0525   
        58:      1740.000000           1          -87.1704   
        59:      1770.000000           1          -87.0829   
        60:      1800.000000           1          -87.1492   
        61:      1830.000000           1          -87.2293   
        62:      1860.000000           1          -87.2344   
        63:      1890.000000           1          -87.3051   
        64:      1920.000000           1          -87.4083   
        65:      1950.000000           1          -87.3979   
        66:      1980.000000           1          -87.4852   
        67:      2010.000000           1          -87.5598   
        68:      2040.000000           1          -87.5962   
        69:      2070.000000           1          -87.7071   
        70:      2100.000000           1          -87.7034   
        71:      2130.000000           1          -87.7636   
        72:      2160.000000           1          -87.8160   
        73:      2190.000000           1          -87.8842   
        74:      2220.000000           1          -88.0200   
        75:      2250.000000           1          -88.0258   
        76:      2280.000000           1          -88.0924   
        77:      2310.000000           1          -88.0840   
        78:      2340.000000           1          -88.1802   
        79:      2370.000000           1          -88.2435   
        80:      2400.000000           1          347.8523   
        81:      2430.000000           1          347.8800   
        82:      2460.000000           1          347.8972   
        83:      2490.000000           1          347.8728   
        84:      2520.000000           1          347.9105   
        85:      2550.000000           1          348.0495   
        86:      2580.000000           1          348.1122   
        87:      2610.000000           1          348.1972   
        88:      2640.000000           1          348.1554   
        89:      2670.000000           1          348.2308   
        90:      2700.000000           1          348.2068   
        91:      2730.000000           1          348.2315   
        92:      2760.000000           1          348.2375   
        93:      2790.000000           1          348.2513   
        94:      2820.000000           1          348.1809   
        95:      2850.000000           1          348.2431   
        96:      2880.000000           1          348.2276   
        97:      2910.000000           1          348.2241   
        98:      2940.000000           1          348.2214   
        99:      2970.000000           1          348.2183   
       100:      3000.000000           1          348.1176   
       101:      3030.000000           1          348.0833   
       102:      3060.000000           1          348.0959   
       103:      3090.000000           1          348.0731   
       104:      3120.000000           1          348.0892   
       105:      3150.000000           1          348.1328   
       106:      3180.000000           1          348.1156   
      1407:     42210.000000           1          -76.8473   
      1408:     42240.000000           1          -76.8481   
      1409:     42270.000000           1          -76.8533   
      1410:     42300.000000           1          -76.8552   
      1411:     42330.000000           1          -76.8533   
      1413:     42390.000000           1          -76.8631   
      1415:     42450.000000           1          -76.8673   
      1416:     42480.000000           1          -76.8693   
      1417:     42510.000000           1          -76.8721   
      1418:     42540.000000           1          -76.8705   
      1419:     42570.000000           1          -76.8692   
      1420:     42600.000000           1          -76.8687   
      1421:     42630.000000           1          -76.8650   
      1422:     42660.000000           1          -76.8599   
      1423:     42690.000000           1          -76.8579   
      1424:     42720.000000           1          -76.8595   
      1425:     42750.000000           1          -76.8539   
      1426:     42780.000000           1          -76.8445   
      1427:     42810.000000           1          -76.8408   
      1428:     42840.000000           1          -76.8396   
      1429:     42870.000000           1          -76.8395   
      1430:     42900.000000           1          -76.8396   
      1431:     42930.000000           1          -76.8362   
      1432:     42960.000000           1          -76.8368   
      1433:     42990.000000           1          -76.8382   
      1434:     43020.000000           1          -76.8356   
      1435:     43050.000000           1          -76.8371   
      1436:     43080.000000           1          -76.8367   
      1437:     43110.000000           1          -76.8338   
      1438:     43140.000000           1           42.7672   
      1439:     43170.000000           1           42.8629   
      1440:     43200.000000           1           42.8982   
      1441:     43230.000000           1           42.9375   
      1442:     43260.000000           1           42.9416   
      1443:     43290.000000           1           42.9348   
      1444:     43320.000000           1           42.9256   
      1445:     43350.000000           1          -76.8606   
      1446:     43380.000000           1          -76.8536   
      1447:     43410.000000           1          -76.8397   
      1448:     43440.000000           1          -76.8400   
      1449:     43470.000000           1          -76.8358   
      1450:     43500.000000           1          -76.8375   
      1451:     43530.000000           1          -76.8258   
      1452:     43560.000000           1          -76.8120   
      1453:     43590.000000           1          -76.8038   
      1454:     43620.000000           1          -76.8024   
      1455:     43650.000000           1          -76.7987   
      1456:     43680.000000           1          -76.8012   
      1457:     43710.000000           1          -76.8018   
      1458:     43740.000000           1         -249.1541   
      1459:     43770.000000           1          -76.6036   
      1460:     43800.000000           1          -76.6469   
      1461:     43830.000000           1          -76.5911   
      1462:     43860.000000           1          -76.5992   
      1463:     43890.000000           1          -76.5964   
      1464:     43920.000000           1          -76.5773   
      1465:     43950.000000           1          -76.5741   
      1466:     43980.000000           1          -76.5574   
      1467:     44010.000000           1          -76.5337   
      1468:     44040.000000           1          -76.5375   
      1469:     44070.000000           1          -76.5410   
      1470:     44100.000000           1          -76.5346   
      1471:     44130.000000           1          -76.5213   
      1472:     44160.000000           1           42.8612   
      1473:     44190.000000           1           42.8575   
      1474:     44220.000000           1           42.8509   
      1475:     44250.000000           1           42.8476   
      1476:     44280.000000           1           42.8468   
      1477:     44310.000000           1           42.8482   
      1478:     44340.000000           1           42.8508   
      1479:     44370.000000           1           42.8526   
      1480:     44400.000000           1           42.8534   
      1481:     44430.000000           1           42.8491   
      1482:     44460.000000           1           42.8425   
      1483:     44490.000000           1           42.8409   
      1484:     44520.000000           1           42.8293   
      1485:     44550.000000           1           42.8260   
      1486:     44580.000000           1           42.8118   
      1487:     44610.000000           1           42.8103   
      1488:     44640.000000           1           42.8107   
      1489:     44670.000000           1           42.8121   
      1490:     44700.000000           1           42.8122   
      1491:     44730.000000           1           42.8023   
      1492:     44760.000000           1           42.7978   
      1493:     44790.000000           1           42.8085   
      1494:     44820.000000           1           42.8145   
      1495:     44850.000000           1           42.8196   
      1496:     44880.000000           1           42.8196   
      1497:     44910.000000           1           42.8229   
      1498:     44940.000000           1           42.8285   
      1499:     44970.000000           1           42.8240   
      1500:     45000.000000           1           42.8294   
      1501:     45030.000000           1           42.8192   
      1502:     45060.000000           1           42.8090   
      1503:     45090.000000           1           42.7974   
      1504:     45120.000000           1           42.7865   
      1505:     45150.000000           1           42.7762   
      1506:     45180.000000           1           42.7672   
      1507:     45210.000000           1           42.7632   
      1508:     45240.000000           1           42.7513   
      1509:     45270.000000           1           42.7527   
      1510:     45300.000000           1           42.7430   
      1511:     45330.000000           1           42.7373   
      1512:     45360.000000           1         -328.7690   
      1513:     45390.000000           1           42.6705   
      1514:     45420.000000           1           42.7067   
      1515:     45450.000000           1           42.7067   
      1516:     45480.000000           1           42.7091   
      1517:     45510.000000           1           42.7072   
      1518:     45540.000000           1           42.7126   
      1519:     45570.000000           1           42.7019   
      1520:     45600.000000           1           42.7012   
      1521:     45630.000000           1           42.7083   
      1522:     45660.000000           1           42.7181   
      1523:     45690.000000           1           42.7280   
      1524:     45720.000000           1           42.7297   
      1525:     45750.000000           1           42.7439   
      1526:     45780.000000           1           42.7470   
      1527:     45810.000000           1         -328.8111   
      1528:     45840.000000           1           42.7884   
      1529:     45870.000000           1         -328.8364   
      1530:     45900.000000           1           42.7977   
      1531:     45930.000000           1           42.8066   
      1532:     45960.000000           1           42.8180   
      1533:     45990.000000           1           42.8171   
      1534:     46020.000000           1           42.8166   
      1535:     46050.000000           1           42.8138   
      1536:     46080.000000           1           42.8096   
      1537:     46110.000000           1         -328.8368   
      1538:     46140.000000           1           42.8144   
      1539:     46170.000000           1           42.8148   
      1540:     46200.000000           1           42.8170   
      1541:     46230.000000           1           42.8182   
      1542:     46260.000000           1           42.8216   
      1543:     46290.000000           1           42.8183   
      1544:     46320.000000           1           42.8197   
      1545:     46350.000000           1         -328.8349   
      1546:     46380.000000           1           42.8027   
      1547:     46410.000000           1           42.7968   
      1548:     46440.000000           1           42.7874   
      1549:     46470.000000           1           42.7816   
      1550:     46500.000000           1           42.7775   
      1551:     46530.000000           1           42.7721   
      1552:     46560.000000           1           42.7618   
      1553:     46590.000000           1           42.7560   
      1554:     46620.000000           1           42.7487   
      1555:     46650.000000           1           42.7433   
      1556:     46680.000000           1           42.7342   
      1557:     46710.000000           1           42.7330   
      1558:     46740.000000           1           42.7298   
      1559:     46770.000000           1           42.7279   
      1560:     46800.000000           1         -328.9213   
      1561:     46830.000000           1           42.6897   
      1562:     46860.000000           1           42.6898   
      1563:     46890.000000           1           42.6811   
      1564:     46920.000000           1           42.6754   
      1565:     46950.000000           1           42.6680   
      1566:     46980.000000           1           42.6624   
      1567:     47010.000000           1           42.6602   
      1568:     47040.000000           1           42.6550   
      1569:     47070.000000           1           42.6546   
      1570:     47100.000000           1           42.6516   
      1571:     47130.000000           1           42.6493   
      1572:     47160.000000           1           42.6497   
      1573:     47190.000000           1           42.6474   
      1574:     47220.000000           1         -328.9679   
      1575:     47250.000000           1           42.6522   
      1576:     47280.000000           1           42.6452   
      1577:     47310.000000           1           42.6461   
      1578:     47340.000000           1           42.6452   
      1579:     47370.000000           1           42.6425   
      1580:     47400.000000           1           42.6407   
      1581:     47430.000000           1         -328.9895   
      1582:     47460.000000           1         -328.9963   
      1583:     47490.000000           1         -329.0030   
      1584:     47520.000000           1         -329.0080   
      1585:     47550.000000           1         -329.0176   
      1586:     47580.000000           1         -329.0233   
      1587:     47610.000000           1         -329.0265   
      1588:     47640.000000           1         -329.0330   
      1589:     47670.000000           1         -329.0379   
      1590:     47700.000000           1         -329.0384   
      1591:     47730.000000           1         -329.0437   
      1592:     47760.000000           1         -329.0469   
      1593:     47790.000000           1         -329.0473   
      1594:     47820.000000           1         -329.0447   
      1595:     47850.000000           1         -329.0434   
      1596:     47880.000000           1         -329.0434   
      1597:     47910.000000           1         -329.0447   
      1598:     47940.000000           1         -329.0408   
      1599:     47970.000000           1         -329.0411   
      1600:     48000.000000           1         -329.0386   
      1601:     48030.000000           1         -329.0357   
      1602:     48060.000000           1           42.5856   
      1603:     48090.000000           1         -329.0297   
      1604:     48120.000000           1         -329.0304   
      1605:     48150.000000           1         -329.0292   
      1606:     48180.000000           1         -329.0343   
      1607:     48210.000000           1         -329.0412   
      1608:     48240.000000           1           42.5708   
      1609:     48270.000000           1           42.5705   
      1610:     48300.000000           1           42.5706   
      1611:     48330.000000           1           42.5685   
      1612:     48360.000000           1         -329.0514   
      1613:     48390.000000           1         -329.0525   
      1614:     48420.000000           1         -329.0492   
      1615:     48450.000000           1         -329.0531   
      1616:     48480.000000           1         -329.0588   
      1617:     48510.000000           1         -329.0616   
      1618:     48540.000000           1         -329.0630   
      1619:     48570.000000           1         -329.0635   
      1620:     48600.000000           1         -329.0669   
      1621:     48630.000000           1         -329.0654   
      1622:     48660.000000           1         -329.0641   
      1623:     48690.000000           1         -329.0670   
      1624:     48720.000000           1         -329.0683   
      1625:     48750.000000           1         -329.0698   
      1626:     48780.000000           1         -329.0745   
      1627:     48810.000000           1         -329.0766   
      1628:     48840.000000           1         -329.0769   
      1629:     48870.000000           1         -329.0741   
      1630:     48900.000000           1         -329.0718   
      1631:     48930.000000           1         -329.0702   
      1632:     48960.000000           1         -329.0667   
      1633:     48990.000000           1         -329.0638   
      1634:     49020.000000           1         -329.0664   
      1635:     49050.000000           1         -329.0725   
      1636:     49080.000000           1         -329.0744   
      1637:     49110.000000           1         -329.0765   
      1638:     49140.000000           1         -329.0757   
      1639:     49170.000000           1         -329.0764   
      1640:     49200.000000           1           42.5413   
      1641:     49230.000000           1           42.5397   
      1642:     49260.000000           1           42.5427   
      1643:     49290.000000           1           42.5418   
      1644:     49320.000000           1           42.5425   
      1645:     49350.000000           1           42.5409   
      1646:     49380.000000           1           42.5385   
      1647:     49410.000000           1           42.5349   
      1648:     49440.000000           1           42.5298   
      1649:     49470.000000           1           42.5257   
      1650:     49500.000000           1           42.5258   
      1651:     49530.000000           1           42.5264   
      1652:     49560.000000           1           42.5241   
      1653:     49590.000000           1           42.5206   
      1654:     49620.000000           1           42.5170   
      1655:     49650.000000           1           42.5147   
      1656:     49680.000000           1           42.5118   
      1657:     49710.000000           1           42.5114   
      1658:     49740.000000           1           42.5093   
      1659:     49770.000000           1           42.5088   
      1660:     49800.000000           1           42.5109   
      1661:     49830.000000           1           42.5097   
      1662:     49860.000000           1           42.5100   
      1663:     49890.000000           1           42.5103   
      1664:     49920.000000           1           42.5079   
      1665:     49950.000000           1           42.5018   
      1666:     49980.000000           1           42.4980   
      1667:     50010.000000           1           42.4950   
      1668:     50040.000000           1           42.4940   
      1669:     50070.000000           1           42.4953   
      1670:     50100.000000           1           42.4972   
      1671:     50130.000000           1           42.5024   
      1672:     50160.000000           1           42.5069   
      1673:     50190.000000           1           42.5109   
      1674:     50220.000000           1           42.5093   
      1675:     50250.000000           1           42.5116   
      1676:     50280.000000           1           42.5086   
      1677:     50310.000000           1           42.5133   
      1678:     50340.000000           1           42.5103   
      1679:     50370.000000           1           42.5099   
      1680:     50400.000000           1           42.5194   
      1681:     50430.000000           1           42.5208   
      1682:     50460.000000           1           42.5235   
      1683:     50490.000000           1           42.5252   
      1684:     50520.000000           1           42.5239   
      1685:     50550.000000           1           42.5206   
      1686:     50580.000000           1           42.5250   
      1687:     50610.000000           1           42.5235   
      1688:     50640.000000           1           42.5187   
      1689:     50670.000000           1           42.5169   
      1690:     50700.000000           1           42.5207   
      1691:     50730.000000           1           42.5246   
      1692:     50760.000000           1           42.5236   
      1693:     50790.000000           1           42.5222   
      1694:     50820.000000           1           42.5229   
      1695:     50850.000000           1           42.5230   
      1696:     50880.000000           1           42.5231   
      1697:     50910.000000           1         -329.0632   
      1698:     50940.000000           1           42.5238   
      1699:     50970.000000           1           42.5255   
      1700:     51000.000000           1           42.5259   
      1701:     51030.000000           1           42.5255   
      1702:     51060.000000           1           42.5247   
      1703:     51090.000000           1           42.5208   
      1704:     51120.000000           1           42.5211   
      1705:     51150.000000           1           42.5208   
      1706:     51180.000000           1           42.5256   
      1707:     51210.000000           1           42.5280   
      1708:     51240.000000           1           42.5267   
      1709:     51270.000000           1           42.5297   
      1710:     51300.000000           1           42.5312   
      1711:     51330.000000           1           42.5303   
      1712:     51360.000000           1           42.5290   
      1713:     51390.000000           1           42.5294   
      1714:     51420.000000           1           42.5306   
      1715:     51450.000000           1           42.5295   
      1716:     51480.000000           1           42.5280   
      1717:     51510.000000           1           42.5267   
      1718:     51540.000000           1           42.5299   
      1719:     51570.000000           1           42.5321   
      1720:     51600.000000           1           42.5337   
      1721:     51630.000000           1           42.5379   
      1722:     51660.000000           1           42.5384   
      1723:     51690.000000           1           42.5465   
      1724:     51720.000000           1           42.5515   
      1725:     51750.000000           1           42.5492   
      1726:     51780.000000           1           42.5457   
      1727:     51810.000000           1           42.5427   
      1728:     51840.000000           1           42.5406   
      1729:     51870.000000           1           42.5443   
      1730:     51900.000000           1           42.5452   
      1731:     51930.000000           1           42.5467   
      1732:     51960.000000           1           42.5455   
      1733:     51990.000000           1           42.5470   
      1734:     52020.000000           1           42.5457   
      1735:     52050.000000           1           42.5433   
      1736:     52080.000000           1           42.5431   
      1737:     52110.000000           1           42.5443   
      1738:     52140.000000           1           42.5437   
      1739:     52170.000000           1           42.5441   
      1740:     52200.000000           1           42.5430   
      1741:     52230.000000           1           42.5421   
      1742:     52260.000000           1           42.5392   
      1743:     52290.000000           1           42.5387   
      1744:     52320.000000           1           42.5399   
      1745:     52350.000000           1           42.5379   
      1746:     52380.000000           1           42.5320   
      1747:     52410.000000           1           42.5347   
      1748:     52440.000000           1           42.5363   
      1749:     52470.000000           1           42.5358   
      1750:     52500.000000           1           42.5398   
      1751:     52530.000000           1           42.5441   
      1752:     52560.000000           1           42.5445   
      1753:     52590.000000           1           42.5463   
      1754:     52620.000000           1           42.5471   
      1755:     52650.000000           1           42.5491   
      1756:     52680.000000           1           42.5507   
      1757:     52710.000000           1           42.5492   
      1758:     52740.000000           1           42.5453   
      1759:     52770.000000           1           42.5433   
      1760:     52800.000000           1           42.5426   
      1761:     52830.000000           1           42.5438   
      1762:     52860.000000           1           42.5481   
      1763:     52890.000000           1           42.5484   
      1764:     52920.000000           1           42.5446   
      1765:     52950.000000           1           42.5465   
      1766:     52980.000000           1           42.5469   
      1767:     53010.000000           1           42.5453   
      1768:     53040.000000           1           42.5392   
      1769:     53070.000000           1           42.5332   
      1770:     53100.000000           1           42.5314   
      1771:     53130.000000           1           42.5315   
      1772:     53160.000000           1           42.5319   
      1773:     53190.000000           1           42.5324   
      1774:     53220.000000           1         -329.0902   
      1775:     53250.000000           1           42.5771   
      1776:     53280.000000           1           42.6094   
      1777:     53310.000000           1           42.5839   
      1778:     53340.000000           1         -249.5224   
      1779:     53370.000000           1         -329.1017   
      1780:     53400.000000           1         -329.1037   
      1781:     53430.000000           1         -329.1045   
      1782:     53460.000000           1         -329.1040   
      1783:     53490.000000           1         -329.1047   
      1784:     53520.000000           1         -329.1067   
      1785:     53550.000000           1         -329.1098   
      1786:     53580.000000           1         -329.1135   
      1787:     53610.000000           1         -329.1132   
      1788:     53640.000000           1         -329.1123   
      1789:     53670.000000           1         -329.1117   
      1790:     53700.000000           1         -329.1093   
      1791:     53730.000000           1         -329.1086   
      1792:     53760.000000           1         -329.1075   
      1793:     53790.000000           1         -329.1030   
      1794:     53820.000000           1         -329.1005   
      1795:     53850.000000           1         -329.1045   
      1796:     53880.000000           1         -329.1039   
      1797:     53910.000000           1         -329.1075   
      1798:     53940.000000           1         -329.1108   
      1799:     53970.000000           1         -329.1138   
      1800:     54000.000000           1         -329.1178   
      1801:     54030.000000           1           42.5457   
      1802:     54060.000000           1         -329.1334   
      1803:     54090.000000           1           42.5202   
      1804:     54120.000000           1           42.5167   
      1805:     54150.000000           1           42.5189   
      1806:     54180.000000           1         -329.1297   
      1807:     54210.000000           1           42.5131   
      1808:     54240.000000           1           42.5058   
      1809:     54270.000000           1           42.4994   
      1810:     54300.000000           1         -329.1288   
      1811:     54330.000000           1         -329.1293   
      1812:     54360.000000           1         -329.1290   
      1813:     54390.000000           1         -329.1293   
      1814:     54420.000000           1         -329.1373   
      1815:     54450.000000           1         -329.1444   
      1816:     54480.000000           1         -329.1478   
      1817:     54510.000000           1         -329.1522   
      1818:     54540.000000           1         -329.1581   
      1819:     54570.000000           1         -329.1584   
      1820:     54600.000000           1         -329.1583   
      1821:     54630.000000           1         -329.1566   
      1822:     54660.000000           1         -329.1539   
      1823:     54690.000000           1          -13.7842   
      1824:     54720.000000           1          -13.7840   
      1825:     54750.000000           1          -13.7832   
      1826:     54780.000000           1          -13.7866   
      1827:     54810.000000           1          -13.7892   
      1828:     54840.000000           1          -13.7903   
      1829:     54870.000000           1          -13.7960   
      1830:     54900.000000           1         -329.1699   
      1831:     54930.000000           1         -329.1695   
      1832:     54960.000000           1         -329.1708   
      1833:     54990.000000           1         -329.1719   
      1834:     55020.000000           1         -329.1681   
      1835:     55050.000000           1         -329.1699   
      1836:     55080.000000           1         -329.1692   
      1837:     55110.000000           1         -329.1676   
      1838:     55140.000000           1         -329.1685   
      1839:     55170.000000           1         -329.1703   
      1840:     55200.000000           1         -329.1744   
      1841:     55230.000000           1         -329.1791   
      1842:     55260.000000           1         -329.1834   
      1843:     55290.000000           1         -329.1842   
      1844:     55320.000000           1         -329.1867   
      1845:     55350.000000           1         -329.1898   
      1846:     55380.000000           1         -329.1944   
      1847:     55410.000000           1         -329.2045   
      1848:     55440.000000           1         -329.2063   
      1849:     55470.000000           1         -329.2060   
      1850:     55500.000000           1         -329.2056   
      1851:     55530.000000           1         -329.2079   
      1852:     55560.000000           1         -329.2107   
      1853:     55590.000000           1         -329.2129   
      1854:     55620.000000           1         -329.2170   
      1855:     55650.000000           1         -329.2182   
      1856:     55680.000000           1         -329.2230   
      1857:     55710.000000           1         -329.2263   
      1858:     55740.000000           1         -329.2259   
      1859:     55770.000000           1          -13.8505   
      1860:     55800.000000           1         -329.2268   
      1861:     55830.000000           1         -329.2309   
      1862:     55860.000000           1         -329.2330   
      1863:     55890.000000           1         -329.2324   
      1864:     55920.000000           1         -329.2326   
      1865:     55950.000000           1         -329.2340   
      1866:     55980.000000           1         -329.2366   
      2287:     68610.000000           1          -18.4018   
      2288:     68640.000000           1          -18.3974   
      2289:     68670.000000           1          -18.3977   
      2290:     68700.000000           1          -18.3998   
      2291:     68730.000000           1          -18.4034   
      2292:     68760.000000           1          -18.4038   
      2293:     68790.000000           1          -18.4032   
      2294:     68820.000000           1          -18.4022   
      2295:     68850.000000           1          -18.3998   
      2296:     68880.000000           1          -18.3988   
      2297:     68910.000000           1          -18.3967   
      2298:     68940.000000           1          -18.3966   
      2299:     68970.000000           1          -18.3957   
      2300:     69000.000000           1          -18.3938   
      2301:     69030.000000           1          -18.3897   
      2302:     69060.000000           1          -18.3860   
      2303:     69090.000000           1          -18.3819   
      2304:     69120.000000           1          -18.3813   
      2305:     69150.000000           1          -18.3842   
      2306:     69180.000000           1          -18.3882   
      2307:     69210.000000           1          -18.3903   
      2308:     69240.000000           1          -18.3903   
      2309:     69270.000000           1          -18.3905   
      2310:     69300.000000           1          -18.3908   
      2311:     69330.000000           1          -18.3900   
      2312:     69360.000000           1          -18.3898   
      2313:     69390.000000           1          -18.3898   
      2314:     69420.000000           1          -18.3912   
      2315:     69450.000000           1          -18.3938   
      2316:     69480.000000           1          -18.3950   
      2317:     69510.000000           1          -18.3934   
      2318:     69540.000000           1          -18.3930   
      2319:     69570.000000           1          -18.3942   
      2320:     69600.000000           1          -18.3941   
      2321:     69630.000000           1           15.9372   
      2322:     69660.000000           1           15.9894   
      2323:     69690.000000           1           15.9799   
      2324:     69720.000000           1           15.9238   
      2325:     69750.000000           1           15.9355   
      2326:     69780.000000           1           15.9445   
      2327:     69810.000000           1           15.9423   
      2328:     69840.000000           1           15.9609   
      2329:     69870.000000           1           15.9444   
      2330:     69900.000000           1           15.9207   
      2331:     69930.000000           1           15.8941   
      2332:     69960.000000           1           15.8826   
      2333:     69990.000000           1           15.8700   
      2334:     70020.000000           1           15.8515   
      2335:     70050.000000           1           15.8509   
      2336:     70080.000000           1           15.8321   
      2337:     70110.000000           1           15.8252   
      2338:     70140.000000           1          -18.3858   
      2339:     70170.000000           1           15.7037   
      2340:     70200.000000           1           15.7249   
      2341:     70230.000000           1           15.7450   
      2342:     70260.000000           1           15.7718   
      2343:     70290.000000           1           15.7580   
      2344:     70320.000000           1           15.7947   
      2345:     70350.000000           1           15.8437   
      2346:     70380.000000           1           15.8373   
      2347:     70410.000000           1           15.8442   
      2348:     70440.000000           1           15.8556   
      2349:     70470.000000           1           15.8416   
      2350:     70500.000000           1           15.8413   
      2351:     70530.000000           1           15.8405   
      2352:     70560.000000           1          -18.3963   
      2353:     70590.000000           1          -18.3962   
      2354:     70620.000000           1          -18.3947   
      2355:     70650.000000           1          -18.3929   
      2356:     70680.000000           1          -18.3902   
      2357:     70710.000000           1          -18.3890   
      2358:     70740.000000           1          -18.3877   
      2359:     70770.000000           1          -18.3875   
      2360:     70800.000000           1          -18.3889   
      2361:     70830.000000           1          -18.3898   
      2362:     70860.000000           1          -18.3942   
      2363:     70890.000000           1          -18.3951   
      2364:     70920.000000           1          -18.3966   
      2365:     70950.000000           1          -18.3969   
      2366:     70980.000000           1          -18.3978   
      2367:     71010.000000           1          -18.3962   
      2368:     71040.000000           1          -18.3991   
      2369:     71070.000000           1          -18.4004   
      2370:     71100.000000           1          -18.4023   
      2371:     71130.000000           1          -18.4023   
      2372:     71160.000000           1          -18.4007   
      2373:     71190.000000           1          -18.3986   
      2374:     71220.000000           1          -18.3968   
      2375:     71250.000000           1          -18.3941   
      2376:     71280.000000           1          -18.3917   
      2377:     71310.000000           1          -18.3917   
      2378:     71340.000000           1          -18.3898   
      2379:     71370.000000           1          -18.3878   
      2380:     71400.000000           1          -18.3895   
      2381:     71430.000000           1          -18.3906   
      2382:     71460.000000           1          -18.3932   
      2383:     71490.000000           1          -18.3942   
      2384:     71520.000000           1          -18.3943   
      2385:     71550.000000           1          -18.3951   
      2386:     71580.000000           1          -18.3971   
      2387:     71610.000000           1          -18.3956   
      2388:     71640.000000           1          -18.3964   
      2389:     71670.000000           1          -18.3937   
      2390:     71700.000000           1          -18.3932   
      2391:     71730.000000           1          -18.3937   
      2392:     71760.000000           1          -18.3919   
      2393:     71790.000000           1          -18.3891   
      2394:     71820.000000           1          -18.3862   
      2395:     71850.000000           1          -18.3834   
      2396:     71880.000000           1          -18.3801   
      2397:     71910.000000           1          -18.3798   
      2398:     71940.000000           1          -18.3805   
      2399:     71970.000000           1          -18.3801   
      2400:     72000.000000           1          -18.3817   
      2401:     72030.000000           1          -18.3815   
      2402:     72060.000000           1          -18.3828   
      2403:     72090.000000           1          -18.3839   
      2404:     72120.000000           1          -18.3849   
      2405:     72150.000000           1          -18.3867   
      2406:     72180.000000           1          -18.3865   
      2407:     72210.000000           1          -18.3876   
      2408:     72240.000000           1          -18.3893   
      2409:     72270.000000           1          -18.3893   
      2410:     72300.000000           1          -18.3901   
      2411:     72330.000000           1          -18.3877   
      2412:     72360.000000           1          -18.3876   
      2413:     72390.000000           1          -18.3871   
      2414:     72420.000000           1          -18.3873   
      2415:     72450.000000           1          -18.3855   
      2416:     72480.000000           1          -18.3846   
      2417:     72510.000000           1          -18.3860   
      2418:     72540.000000           1          -18.3866   
      2419:     72570.000000           1          -18.3912   
      2420:     72600.000000           1          -18.3931   
      2421:     72630.000000           1          -18.3942   
      2422:     72660.000000           1           15.8770   
      2423:     72690.000000           1           15.8784   
      2424:     72720.000000           1           15.8784   
      2425:     72750.000000           1           15.8778   
      2426:     72780.000000           1           15.8757   
      2427:     72810.000000           1           15.8756   
      2428:     72840.000000           1           15.8709   
      2429:     72870.000000           1           15.8674   
      2430:     72900.000000           1           15.8650   
      2431:     72930.000000           1           15.8612   
      2432:     72960.000000           1           15.8608   
      2433:     72990.000000           1           15.8624   
      2434:     73020.000000           1           15.8568   
      2435:     73050.000000           1           15.8546   
      2436:     73080.000000           1           15.8552   
      2437:     73110.000000           1           15.8553   
      2438:     73140.000000           1           15.8569   
      2439:     73170.000000           1           15.8561   
      2440:     73200.000000           1           15.8559   
      2441:     73230.000000           1           15.8577   
      2442:     73260.000000           1           15.8582   
      2443:     73290.000000           1           15.8606   
      2444:     73320.000000           1           15.8595   
      2445:     73350.000000           1           15.8590   
      2446:     73380.000000           1           15.8571   
      2447:     73410.000000           1           15.8560   
      2448:     73440.000000           1           15.8551   
      2449:     73470.000000           1           15.8556   
      2450:     73500.000000           1           15.8582   
      2451:     73530.000000           1           15.8623   
      2452:     73560.000000           1           15.8611   
      2453:     73590.000000           1           15.8590   
      2454:     73620.000000           1           15.8576   
      2455:     73650.000000           1           15.8583   
      2456:     73680.000000           1           15.8590   
      2457:     73710.000000           1           15.8587   
      2458:     73740.000000           1           15.8579   
      2459:     73770.000000           1           15.8539   
      2460:     73800.000000           1           15.8532   
      2461:     73830.000000           1           15.8513   
      2462:     73860.000000           1           15.8445   
      2463:     73890.000000           1           15.8417   
      2464:     73920.000000           1           15.8365   
      2465:     73950.000000           1           15.8321   
      2466:     73980.000000           1           15.8295   
      2467:     74010.000000           1           15.8289   
      2468:     74040.000000           1           15.8315   
      2469:     74070.000000           1           15.8340   
      2470:     74100.000000           1           15.8351   
      2471:     74130.000000           1           15.8348   
      2472:     74160.000000           1           15.8347   
      2473:     74190.000000           1           15.8334   
      2474:     74220.000000           1           15.8336   
      2475:     74250.000000           1           15.8364   
      2476:     74280.000000           1           15.8359   
      2477:     74310.000000           1           15.8378   
      2478:     74340.000000           1           15.8353   
      2479:     74370.000000           1           15.8350   
      2480:     74400.000000           1           15.8294   
      2481:     74430.000000           1           15.8262   
      2482:     74460.000000           1           15.8231   
      2483:     74490.000000           1           15.8241   
      2484:     74520.000000           1           15.8247   
      2485:     74550.000000           1           15.8274   
      2486:     74580.000000           1           15.8252   
      2487:     74610.000000           1           15.8230   
      2488:     74640.000000           1           15.8183   
      2489:     74670.000000           1           15.8169   
      2490:     74700.000000           1           15.8151   
      2491:     74730.000000           1           15.8154   
      2492:     74760.000000           1           15.8141   
      2493:     74790.000000           1           15.8120   
      2494:     74820.000000           1           15.8115   
      2495:     74850.000000           1           15.8122   
      2496:     74880.000000           1           15.8125   
      2497:     74910.000000           1           15.8105   
      2498:     74940.000000           1           15.8082   
      2499:     74970.000000           1           15.8091   
      2500:     75000.000000           1           15.8100   
      2501:     75030.000000           1           15.8089   
      2502:     75060.000000           1           15.8089   
      2503:     75090.000000           1           15.8078   
      2504:     75120.000000           1           15.8046   
      2505:     75150.000000           1           15.8051   
      2506:     75180.000000           1           15.8045   
      2507:     75210.000000           1           15.8041   
      2508:     75240.000000           1           15.8073   
      2509:     75270.000000           1           15.8072   
      2510:     75300.000000           1           15.8022   
      2511:     75330.000000           1           15.7995   
      2512:     75360.000000           1           15.8031   
      2513:     75390.000000           1          -18.5332   
      2514:     75420.000000           1           15.7902   
      2515:     75450.000000           1           15.8255   
      2516:     75480.000000           1           15.8528   
      2517:     75510.000000           1           15.8249   
      2518:     75540.000000           1           15.8267   
      2519:     75570.000000           1           15.8372   
      2520:     75600.000000           1           15.8220   
      2521:     75630.000000           1           15.8204   
      2522:     75660.000000           1           15.8254   
      2523:     75690.000000           1           15.8184   
      2524:     75720.000000           1           15.8231   
      2525:     75750.000000           1           15.8274   
      2526:     75780.000000           1           15.8263   
      2527:     75810.000000           1           15.8280   
      2528:     75840.000000           1           15.8367   
      2529:     75870.000000           1           15.8366   
      2530:     75900.000000           1           15.8445   
      2531:     75930.000000           1           15.8464   
      2532:     75960.000000           1           15.8508   
      2533:     75990.000000           1           15.8604   
      2534:     76020.000000           1           15.8581   
      2535:     76050.000000           1           15.8633   
      2536:     76080.000000           1           15.8613   
      2537:     76110.000000           1           15.8604   
      2538:     76140.000000           1           15.8595   
      2539:     76170.000000           1           15.8612   
      2540:     76200.000000           1           15.8621   
      2541:     76230.000000           1           15.8549   
      2542:     76260.000000           1           15.8539   
      2543:     76290.000000           1           15.8517   
      2544:     76320.000000           1           15.8508   
      2545:     76350.000000           1           15.8484   
      2546:     76380.000000           1           15.8450   
      2547:     76410.000000           1           15.8411   
      2548:     76440.000000           1           15.8378   
      2549:     76470.000000           1           15.8327   
      2550:     76500.000000           1           15.8267   
      2551:     76530.000000           1           15.8258   
      2552:     76560.000000           1           15.8249   
      2553:     76590.000000           1           15.8250   
      2554:     76620.000000           1           15.8242   
      2555:     76650.000000           1           15.8235   
      2556:     76680.000000           1           15.8216   
      2557:     76710.000000           1           15.8235   
      2558:     76740.000000           1           15.8235   
      2559:     76770.000000           1           15.8258   
      2560:     76800.000000           1           15.8237   
      2561:     76830.000000           1           15.8232   
      2562:     76860.000000           1           15.8210   
      2563:     76890.000000           1           15.8234   
      2564:     76920.000000           1           15.8210   
      2565:     76950.000000           1           15.8202   
      2566:     76980.000000           1           15.8165   
      2567:     77010.000000           1           15.8179   
      2568:     77040.000000           1           15.8129   
      2569:     77070.000000           1           15.8109   
      2570:     77100.000000           1           15.8080   
      2571:     77130.000000           1           15.8043   
      2572:     77160.000000           1           15.8019   
      2573:     77190.000000           1           15.7974   
      2574:     77220.000000           1           15.7950   
      2575:     77250.000000           1           15.7924   
      2576:     77280.000000           1           15.7894   
      2577:     77310.000000           1           15.7845   
      2578:     77340.000000           1           15.7772   
      2579:     77370.000000           1           15.7708   
      2580:     77400.000000           1           15.7644   
      2581:     77430.000000           1           15.7603   
      2582:     77460.000000           1           15.7555   
      2583:     77490.000000           1           15.7501   
      2584:     77520.000000           1           15.7448   
      2585:     77550.000000           1           15.7424   
      2586:     77580.000000           1           15.7406   
      2587:     77610.000000           1           15.7397   
      2588:     77640.000000           1           15.7399   
      2589:     77670.000000           1           15.7381   
      2590:     77700.000000           1           15.7390   
      2591:     77730.000000           1           15.7393   
      2592:     77760.000000           1           15.7375   
      2593:     77790.000000           1           15.7348   
      2594:     77820.000000           1           15.7336   
      2595:     77850.000000           1           15.7324   
      2596:     77880.000000           1           15.7331   
      2597:     77910.000000           1           15.7311   
      2598:     77940.000000           1           15.7291   
      2599:     77970.000000           1           15.7263   
      2600:     78000.000000           1           15.7237   
      2601:     78030.000000           1           15.7201   
      2602:     78060.000000           1           15.7176   
      2603:     78090.000000           1           15.7137   
      2604:     78120.000000           1           15.7116   
      2605:     78150.000000           1           15.7062   
      2606:     78180.000000           1           15.7008   
      2607:     78210.000000           1           15.6958   
      2608:     78240.000000           1           15.6930   
      2609:     78270.000000           1           15.6908   
      2610:     78300.000000           1           15.6867   
      2611:     78330.000000           1           15.6831   
      2612:     78360.000000           1           15.6808   
      2613:     78390.000000           1           15.6806   
      2614:     78420.000000           1           15.6804   
      2615:     78450.000000           1           15.6803   
      2616:     78480.000000           1           15.6785   
      2617:     78510.000000           1           15.6775   
      2618:     78540.000000           1           15.6764   
      2619:     78570.000000           1           15.6751   
      2620:     78600.000000           1           15.6710   
      2621:     78630.000000           1           15.6672   
      2622:     78660.000000           1           15.6629   
      2623:     78690.000000           1           15.6598   
      2624:     78720.000000           1           15.6551   
      2625:     78750.000000           1           15.6504   
      2626:     78780.000000           1           15.6465   
      2627:     78810.000000           1           15.6423   
      2628:     78840.000000           1           15.6397   
      2629:     78870.000000           1           15.6361   
      2630:     78900.000000           1           15.6324   
      2631:     78930.000000           1           15.6299   
      2632:     78960.000000           1           15.6281   
      2633:     78990.000000           1           15.6273   
      2634:     79020.000000           1           15.6269   
      2635:     79050.000000           1           15.6251   
      2636:     79080.000000           1           15.6241   
      2637:     79110.000000           1           15.6223   
      2638:     79140.000000           1           15.6213   
      2639:     79170.000000           1           15.6184   
      2640:     79200.000000           1           15.6134   
      2641:     79230.000000           1           15.6105   
      2642:     79260.000000           1           15.6062   
      2643:     79290.000000           1           15.6011   
      2644:     79320.000000           1           15.5977   
      2645:     79350.000000           1           15.5937   
      2646:     79380.000000           1           15.5901   
      2647:     79410.000000           1           15.5870   
      2648:     79440.000000           1           15.5836   
      2649:     79470.000000           1           15.5796   
      2650:     79500.000000           1           15.5772   
      2651:     79530.000000           1           15.5739   
      2652:     79560.000000           1           15.5708   
      2653:     79590.000000           1           15.5680   
      2654:     79620.000000           1           15.5608   
      2655:     79650.000000           1           15.5563   
      2656:     79680.000000           1           15.5526   
      2657:     79710.000000           1           15.5468   
      2658:     79740.000000           1           15.5455   
      2659:     79770.000000           1           15.5397   
      2660:     79800.000000           1           15.5381   
      2661:     79830.000000           1           15.5300   
      2662:     79860.000000           1           15.5247   
      2663:     79890.000000           1           15.5191   
      2664:     79920.000000           1           15.5158   
      2665:     79950.000000           1           15.5134   
      2666:     79980.000000           1           15.5108   
      2667:     80010.000000           1           15.5039   
      2668:     80040.000000           1           15.4995   
      2669:     80070.000000           1           15.4955   
      2670:     80100.000000           1           15.4942   
      2671:     80130.000000           1           15.4923   
      2672:     80160.000000           1           15.4912   
      2673:     80190.000000           1           15.4873   
      2674:     80220.000000           1           15.4859   
      2675:     80250.000000           1           15.4810   
      2676:     80280.000000           1           15.4781   
      2677:     80310.000000           1           15.4741   
      2678:     80340.000000           1           15.4725   
      2679:     80370.000000           1           15.4691   
      2680:     80400.000000           1           15.4657   
      2681:     80430.000000           1           15.4627   
      2682:     80460.000000           1           15.4583   
      2683:     80490.000000           1           15.4569   
      2684:     80520.000000           1           15.4540   
      2685:     80550.000000           1           15.4512   
      2686:     80580.000000           1           15.4481   
      2687:     80610.000000           1           15.4435   
      2688:     80640.000000           1           15.4409   
      2689:     80670.000000           1           15.4386   
      2690:     80700.000000           1           15.4357   
      2691:     80730.000000           1           15.4336   
      2692:     80760.000000           1           15.4289   
      2693:     80790.000000           1           15.4205   
      2694:     80820.000000           1           15.4171   
      2695:     80850.000000           1           15.4085   
      2696:     80880.000000           1           15.4044   
      2697:     80910.000000           1           15.4026   
      2698:     80940.000000           1           15.4002   
      2699:     80970.000000           1           15.3962   
      2700:     81000.000000           1           15.3959   
      2701:     81030.000000           1           15.3939   
      2702:     81060.000000           1           15.3902   
      2703:     81090.000000           1           15.3868   
      2704:     81120.000000           1           15.3826   
      2705:     81150.000000           1           15.3801   
      2706:     81180.000000           1           15.3785   
      2707:     81210.000000           1           15.3769   
      2708:     81240.000000           1           15.3724   
      2709:     81270.000000           1           15.3699   
      2710:     81300.000000           1           15.3693   
      2711:     81330.000000           1           15.3643   
      2712:     81360.000000           1           15.3613   
      2713:     81390.000000           1           15.3579   
      2714:     81420.000000           1           15.3546   
      2715:     81450.000000           1           15.3499   
      2716:     81480.000000           1           15.3465   
      2717:     81510.000000           1           15.3389   
      2718:     81540.000000           1           15.3358   
      2719:     81570.000000           1           15.3329   
      2720:     81600.000000           1           15.3293   
      2721:     81630.000000           1           15.3263   
      2722:     81660.000000           1           15.3236   
      2723:     81690.000000           1           15.3202   
      2724:     81720.000000           1           15.3156   
      2725:     81750.000000           1           15.3109   
      2726:     81780.000000           1           15.3092   
      2727:     81810.000000           1           15.3062   
      2728:     81840.000000           1           15.3032   
      2729:     81870.000000           1           15.3003   
      2730:     81900.000000           1           15.2991   
      2731:     81930.000000           1           15.2959   
      2732:     81960.000000           1           15.2939   
      2733:     81990.000000           1           15.2911   
      2734:     82020.000000           1           15.2860   
      2735:     82050.000000           1           15.2820   
      2736:     82080.000000           1           15.2792   
      2737:     82110.000000           1           15.2776   
      2738:     82140.000000           1           15.2758   
      2739:     82170.000000           1           15.2714   
      2740:     82200.000000           1           15.2680   
      2741:     82230.000000           1           15.2615   
      2742:     82260.000000           1           15.2593   
      2743:     82290.000000           1           15.2594   
      2744:     82320.000000           1           15.2587   
      2745:     82350.000000           1           15.2580   
      2746:     82380.000000           1           15.2564   
      2747:     82410.000000           1           15.2548   
      2748:     82440.000000           1           15.2540   
      2749:     82470.000000           1           15.2488   
      2750:     82500.000000           1           15.2462   
      2751:     82530.000000           1           15.2417   
      2752:     82560.000000           1           15.2344   
      2753:     82590.000000           1           15.2304   
      2754:     82620.000000           1           15.2286   
      2755:     82650.000000           1           15.2259   
      2756:     82680.000000           1           15.2242   
      2757:     82710.000000           1           15.2231   
      2758:     82740.000000           1           15.2206   
      2759:     82770.000000           1           15.2188   
      2760:     82800.000000           1           15.2151   
      2761:     82830.000000           1           15.2131   
      2762:     82860.000000           1           15.2103   
      2763:     82890.000000           1           15.2062   
      2764:     82920.000000           1           15.2047   
      2765:     82950.000000           1           15.1987   
      2766:     82980.000000           1           15.1956   
      2767:     83010.000000           1          -30.5336   
      2768:     83040.000000           1          -30.5369   
      2769:     83070.000000           1          -30.5398   
      2770:     83100.000000           1          -30.5459   
      2771:     83130.000000           1          -30.5488   
      2772:     83160.000000           1          -30.5547   
      2773:     83190.000000           1          -30.5576   
      2774:     83220.000000           1          -30.5641   
      2775:     83250.000000           1          -30.5693   
      2776:     83280.000000           1          -30.5725   
      2777:     83310.000000           1          -30.5796   
      2778:     83340.000000           1          -30.5844   
      2779:     83370.000000           1          -30.5855   
      2780:     83400.000000           1          -30.5909   
      2781:     83430.000000           1          -30.5941   
      2782:     83460.000000           1          -30.5972   
      2783:     83490.000000           1          -30.6004   
      2784:     83520.000000           1          -30.6087   
      2785:     83550.000000           1          -30.6124   
      2786:     83580.000000           1          -30.6170   
      2787:     83610.000000           1          -30.6191   
      2788:     83640.000000           1          -30.6245   
      2789:     83670.000000           1          -30.6263   
      2790:     83700.000000           1          -30.6296   
      2791:     83730.000000           1          -30.6308   
      2792:     83760.000000           1          -30.6405   
      2793:     83790.000000           1          -30.6447   
      2794:     83820.000000           1          -30.6460   
      2795:     83850.000000           1          -30.6493   
      2796:     83880.000000           1          -30.6531   
      2797:     83910.000000           1          -30.6572   
      2798:     83940.000000           1          -30.6579   
      2799:     83970.000000           1           15.0818   
      2800:     84000.000000           1           15.0753   
      2801:     84030.000000           1           15.0750   
      2802:     84060.000000           1           15.0739   
      2803:     84090.000000           1           15.0738   
      2804:     84120.000000           1           15.0697   
      2805:     84150.000000           1           15.0675   
      2806:     84180.000000           1           15.0666   
      2807:     84210.000000           1           15.0648   
      2808:     84240.000000           1           15.0633   
      2809:     84270.000000           1           15.0611   
      2810:     84300.000000           1           15.0591   
      2811:     84330.000000           1           15.0591   
      2812:     84360.000000           1           15.0575   
      2813:     84390.000000           1           15.0556   
      2814:     84420.000000           1           15.0538   
      2815:     84450.000000           1           15.0501   
      2816:     84480.000000           1           15.0493   
      2817:     84510.000000           1           15.0470   
      2818:     84540.000000           1           15.0430   
      2819:     84570.000000           1          -30.7083   
      2820:     84600.000000           1          -30.7113   
      2821:     84630.000000           1           15.0349   
      2822:     84660.000000           1          -30.7178   
      2823:     84690.000000           1          -30.7188   
      2824:     84720.000000           1          -30.7205   
      2825:     84750.000000           1           15.0275   
      2826:     84780.000000           1          -30.7219   
      2827:     84810.000000           1          -30.7231   
      2828:     84840.000000           1          -30.7231   
      2829:     84870.000000           1           15.0280   
      2830:     84900.000000           1          -30.7267   
      2831:     84930.000000           1          -30.7282   
      2832:     84960.000000           1          -30.7310   
      2833:     84990.000000           1          -30.7340   
      2834:     85020.000000           1          -30.7402   
      2835:     85050.000000           1          -30.7460   
      2836:     85080.000000           1          -30.7489   
      2837:     85110.000000           1          -30.7499   
      2838:     85140.000000           1          -30.7529   
      2839:     85170.000000           1          -30.7553   
      2840:     85200.000000           1          -30.7565   
      2841:     85230.000000           1          -30.7590   
      2842:     85260.000000           1          -30.7614   
      2843:     85290.000000           1          -30.7619   
      2844:     85320.000000           1          -30.7608   
      2845:     85350.000000           1          -30.7620   
      2846:     85380.000000           1          -30.7652   
      2847:     85410.000000           1          -30.7672   
      2848:     85440.000000           1          -30.7700   
      2849:     85470.000000           1           14.9874   
      2850:     85500.000000           1           14.9864   
      2851:     85530.000000           1           14.9850   
      2852:     85560.000000           1           14.9843   
      2853:     85590.000000           1           14.9844   
      2854:     85620.000000           1           14.9828   
      2855:     85650.000000           1           14.9813   
      2856:     85680.000000           1           14.9782   
      2857:     85710.000000           1           14.9768   
      2858:     85740.000000           1           14.9756   
      2859:     85770.000000           1           14.9739   
      2860:     85800.000000           1           14.9720   
      2861:     85830.000000           1           14.9711   
      2862:     85860.000000           1           14.9696   
      2863:     85890.000000           1           14.9689   
      2864:     85920.000000           1           14.9682   
      2865:     85950.000000           1           14.9658   
      2866:     85980.000000           1           14.9640   
      2867:     86010.000000           1           14.9618   
      2868:     86040.000000           1          -30.8157   
      2869:     86070.000000           1           14.9470   
      2870:     86100.000000           1           14.9428   
      2871:     86130.000000           1           14.9398   
      2872:     86160.000000           1           14.9371   
      2873:     86190.000000           1           14.9350   
      2874:     86220.000000           1           14.9326   
      2875:     86250.000000           1           14.9312   
      2876:     86280.000000           1           14.9285   
      2877:     86310.000000           1           14.9256   
      2878:     86340.000000           1           14.9250   
      2879:     86370.000000           1           14.9237   
