       442:     13260.000000           1         -167.6646   
       444:     13320.000000           1         -167.6728   
       445:     13350.000000           1         -167.6708   
       446:     13380.000000           1         -167.6658   
       447:     13410.000000           1         -167.6791   
       448:     13440.000000           1         -167.6807   
       449:     13470.000000           1         -167.6794   
       450:     13500.000000           1         -167.6777   
       451:     13530.000000           1         -167.6673   
       452:     13560.000000           1         -167.6729   
       453:     13590.000000           1         -167.6857   
       454:     13620.000000           1         -167.6845   
       455:     13650.000000           1         -167.6889   
       456:     13680.000000           1         -167.6972   
       457:     13710.000000           1         -167.7109   
       458:     13740.000000           1         -167.7309   
       459:     13770.000000           1         -167.7364   
       460:     13800.000000           1         -167.7283   
       461:     13830.000000           1         -167.7271   
       462:     13860.000000           1         -167.7208   
       463:     13890.000000           1         -167.7134   
       464:     13920.000000           1         -167.7081   
       465:     13950.000000           1         -167.7096   
       466:     13980.000000           1         -167.7203   
       467:     14010.000000           1         -167.7114   
       468:     14040.000000           1         -167.6974   
       469:     14070.000000           1         -167.7052   
       470:     14100.000000           1         -167.6907   
       471:     14130.000000           1         -167.6551   
       472:     14160.000000           1         -167.6613   
       473:     14190.000000           1         -167.6635   
       474:     14220.000000           1         -167.6650   
       475:     14250.000000           1         -167.6698   
       476:     14280.000000           1         -167.6596   
       477:     14310.000000           1         -167.6620   
       478:     14340.000000           1         -167.6655   
       479:     14370.000000           1         -167.6625   
       480:     14400.000000           1        -1052.8358   
       481:     14430.000000           1         -167.6942   
       482:     14460.000000           1        -1052.7388   
       483:     14490.000000           1         -167.7343   
       484:     14520.000000           1        -1039.2348   
       485:     14550.000000           1        -1039.4134   
       486:     14580.000000           1        -1039.3834   
       487:     14610.000000           1        -1039.3595   
       488:     14640.000000           1        -1039.4013   
       489:     14670.000000           1         -167.7525   
       490:     14700.000000           1         -167.7459   
       491:     14730.000000           1        -1138.2483   
       492:     14760.000000           1        -1138.3652   
       493:     14790.000000           1        -1138.4125   
       494:     14820.000000           1        -1138.3884   
       495:     14850.000000           1        -1138.4257   
       496:     14880.000000           1        -1138.4531   
       497:     14910.000000           1        -1138.4847   
       498:     14940.000000           1        -1138.5299   
       499:     14970.000000           1        -1138.5495   
       500:     15000.000000           1        -1138.5594   
       501:     15030.000000           1        -1138.5727   
       502:     15060.000000           1        -1138.5927   
       503:     15090.000000           1        -1138.6197   
       504:     15120.000000           1         -167.7529   
       505:     15150.000000           1          157.7674   
       506:     15180.000000           1          157.7628   
       507:     15210.000000           1          157.7309   
       508:     15240.000000           1          157.7291   
       509:     15270.000000           1          157.7100   
       510:     15300.000000           1          157.7015   
       511:     15330.000000           1          157.6897   
       512:     15360.000000           1          157.6432   
       513:     15390.000000           1          157.6200   
       514:     15420.000000           1          157.6284   
       515:     15450.000000           1          157.6065   
       516:     15480.000000           1          157.5905   
       517:     15510.000000           1          157.5993   
       518:     15540.000000           1          157.5975   
       519:     15570.000000           1          157.5939   
       520:     15600.000000           1          157.5811   
       521:     15630.000000           1          157.5737   
       522:     15660.000000           1          157.5869   
       523:     15690.000000           1          157.5819   
       524:     15720.000000           1          157.5876   
       525:     15750.000000           1          157.5883   
       526:     15780.000000           1          157.6120   
       527:     15810.000000           1          157.6098   
       528:     15840.000000           1          157.6310   
       529:     15870.000000           1          157.6485   
       530:     15900.000000           1          157.6543   
       531:     15930.000000           1          157.6476   
       532:     15960.000000           1          157.6393   
       533:     15990.000000           1          157.6376   
       534:     16020.000000           1          157.6261   
       535:     16050.000000           1          157.6228   
       536:     16080.000000           1          157.6271   
       537:     16110.000000           1          157.6057   
       538:     16140.000000           1          157.6027   
       539:     16170.000000           1          157.5863   
       540:     16200.000000           1          157.5927   
       541:     16230.000000           1          157.5830   
       542:     16260.000000           1          157.5751   
       543:     16290.000000           1          157.5584   
       544:     16320.000000           1          157.5344   
       545:     16350.000000           1          157.5311   
       546:     16380.000000           1          157.5267   
       547:     16410.000000           1          157.5207   
       548:     16440.000000           1          157.5388   
       549:     16470.000000           1          157.5379   
       550:     16500.000000           1          157.5531   
       551:     16530.000000           1          157.5555   
       552:     16560.000000           1          157.5552   
       553:     16590.000000           1          157.5524   
       554:     16620.000000           1          157.5603   
       555:     16650.000000           1          157.5581   
       556:     16680.000000           1          157.5656   
       557:     16710.000000           1          157.5720   
       558:     16740.000000           1          157.5718   
       559:     16770.000000           1          157.5686   
       560:     16800.000000           1          157.5675   
       561:     16830.000000           1          157.5679   
       562:     16860.000000           1          157.5795   
       563:     16890.000000           1          157.5679   
       564:     16920.000000           1          157.5727   
       565:     16950.000000           1          157.5667   
       566:     16980.000000           1          157.5666   
       567:     17010.000000           1          157.5682   
       568:     17040.000000           1          157.5661   
       569:     17070.000000           1          157.5735   
       570:     17100.000000           1          157.5695   
       571:     17130.000000           1          157.5661   
       572:     17160.000000           1          157.5685   
       573:     17190.000000           1          157.5650   
       574:     17220.000000           1          157.5663   
       575:     17250.000000           1          157.5627   
       576:     17280.000000           1          157.5601   
       577:     17310.000000           1          157.5635   
       578:     17340.000000           1          157.5644   
       579:     17370.000000           1          157.5634   
       580:     17400.000000           1          157.5599   
       581:     17430.000000           1          157.5520   
       582:     17460.000000           1          157.5463   
       583:     17490.000000           1          157.5446   
       584:     17520.000000           1          157.5510   
       585:     17550.000000           1          157.5561   
       586:     17580.000000           1          157.5618   
       587:     17610.000000           1          157.5726   
       588:     17640.000000           1          157.5657   
       589:     17670.000000           1          157.5447   
       590:     17700.000000           1          157.5359   
       591:     17730.000000           1          157.5245   
       592:     17760.000000           1          157.5257   
       593:     17790.000000           1          157.5221   
       594:     17820.000000           1          157.5140   
       595:     17850.000000           1          157.5081   
       596:     17880.000000           1          157.5158   
       597:     17910.000000           1          157.5216   
       598:     17940.000000           1          157.5178   
       599:     17970.000000           1          157.5349   
       600:     18000.000000           1          157.5623   
       601:     18030.000000           1          157.5712   
       602:     18060.000000           1          157.5826   
       603:     18090.000000           1          157.5885   
       604:     18120.000000           1          157.5910   
       605:     18150.000000           1          157.5979   
       606:     18180.000000           1          157.5992   
       607:     18210.000000           1          157.5947   
       608:     18240.000000           1          157.5909   
       609:     18270.000000           1          157.5893   
       610:     18300.000000           1          157.5918   
       611:     18330.000000           1          157.5833   
       612:     18360.000000           1          157.5772   
       613:     18390.000000           1          157.5723   
       614:     18420.000000           1          157.5687   
       615:     18450.000000           1          157.5685   
       616:     18480.000000           1          157.5788   
       617:     18510.000000           1          157.5829   
       618:     18540.000000           1          157.5627   
       619:     18570.000000           1          157.5721   
       620:     18600.000000           1          157.5789   
       621:     18630.000000           1          157.5877   
       622:     18660.000000           1          157.5811   
       623:     18690.000000           1          157.5876   
       624:     18720.000000           1          157.5917   
       625:     18750.000000           1          157.6192   
       626:     18780.000000           1          157.6422   
       627:     18810.000000           1          157.6549   
       628:     18840.000000           1          157.6641   
       629:     18870.000000           1          157.6706   
       630:     18900.000000           1          157.6699   
       631:     18930.000000           1          157.6632   
       632:     18960.000000           1          157.6675   
       633:     18990.000000           1          157.6825   
       634:     19020.000000           1          157.6953   
       635:     19050.000000           1          157.6940   
       636:     19080.000000           1          157.7005   
       637:     19110.000000           1          157.7034   
       638:     19140.000000           1          157.7140   
       639:     19170.000000           1          157.7147   
       640:     19200.000000           1          157.7150   
       641:     19230.000000           1          157.7144   
       642:     19260.000000           1          157.7089   
       643:     19290.000000           1          157.7101   
       644:     19320.000000           1          157.7124   
       645:     19350.000000           1          157.7206   
       646:     19380.000000           1          157.7160   
       647:     19410.000000           1          157.7200   
       648:     19440.000000           1          157.7235   
       649:     19470.000000           1          157.7364   
       650:     19500.000000           1          157.7397   
       651:     19530.000000           1          157.7421   
       652:     19560.000000           1          157.7369   
       653:     19590.000000           1          157.7431   
       654:     19620.000000           1          157.7582   
       655:     19650.000000           1          157.7643   
       656:     19680.000000           1          157.7691   
       657:     19710.000000           1          157.7934   
       658:     19740.000000           1          157.8082   
       659:     19770.000000           1          157.8185   
       660:     19800.000000           1          157.8166   
       661:     19830.000000           1          157.8192   
       662:     19860.000000           1          157.8282   
       663:     19890.000000           1          157.8372   
       664:     19920.000000           1          157.8429   
       665:     19950.000000           1          157.8522   
       666:     19980.000000           1          157.8614   
       667:     20010.000000           1          157.8696   
       668:     20040.000000           1          157.8719   
       669:     20070.000000           1          157.8742   
       670:     20100.000000           1          157.8755   
       671:     20130.000000           1          157.8842   
       672:     20160.000000           1          157.8903   
       673:     20190.000000           1          157.8936   
       674:     20220.000000           1          157.8975   
       675:     20250.000000           1          157.9003   
       676:     20280.000000           1          157.9072   
       677:     20310.000000           1          157.9078   
       678:     20340.000000           1          157.9148   
       679:     20370.000000           1          157.9328   
       680:     20400.000000           1          157.9320   
       681:     20430.000000           1          157.9291   
       682:     20460.000000           1          157.9337   
       683:     20490.000000           1          157.9377   
       684:     20520.000000           1          157.9452   
       685:     20550.000000           1          157.9648   
       686:     20580.000000           1          157.9702   
       687:     20610.000000           1          157.9754   
       688:     20640.000000           1          157.9702   
       689:     20670.000000           1          157.9711   
       690:     20700.000000           1          157.9750   
       691:     20730.000000           1          157.9713   
       692:     20760.000000           1          157.9813   
       693:     20790.000000           1          157.9797   
       694:     20820.000000           1          157.9767   
       695:     20850.000000           1          157.9719   
       696:     20880.000000           1          157.9679   
       697:     20910.000000           1          157.9727   
       698:     20940.000000           1          157.9828   
       699:     20970.000000           1          157.9921   
       700:     21000.000000           1          158.0003   
       701:     21030.000000           1          158.0101   
       702:     21060.000000           1          158.0239   
       703:     21090.000000           1          158.0468   
       704:     21120.000000           1          158.0737   
       705:     21150.000000           1          158.0839   
       706:     21180.000000           1          158.0874   
       707:     21210.000000           1          158.1000   
       708:     21240.000000           1          158.1015   
       709:     21270.000000           1          158.1082   
       710:     21300.000000           1          158.1096   
       711:     21330.000000           1          158.1039   
       712:     21360.000000           1          158.1121   
       713:     21390.000000           1          158.1100   
       714:     21420.000000           1          158.1255   
       715:     21450.000000           1          158.1353   
       716:     21480.000000           1          158.1404   
       717:     21510.000000           1          158.1555   
       718:     21540.000000           1          158.1541   
       719:     21570.000000           1          158.1620   
       720:     21600.000000           1          158.1674   
       721:     21630.000000           1          158.1755   
       722:     21660.000000           1          158.1842   
       723:     21690.000000           1          158.1901   
       724:     21720.000000           1          158.1977   
       725:     21750.000000           1          158.2034   
       726:     21780.000000           1          158.2091   
       727:     21810.000000           1          158.2187   
       728:     21840.000000           1          158.2264   
       729:     21870.000000           1          158.2404   
       730:     21900.000000           1          158.2696   
       731:     21930.000000           1          158.2917   
       732:     21960.000000           1          158.2934   
       733:     21990.000000           1          158.2929   
       734:     22020.000000           1          158.3054   
       735:     22050.000000           1          158.3060   
       736:     22080.000000           1          158.3123   
       737:     22110.000000           1          158.3198   
       738:     22140.000000           1          158.3239   
       739:     22170.000000           1          158.3407   
       740:     22200.000000           1          158.3496   
       741:     22230.000000           1          158.3591   
       742:     22260.000000           1          158.3666   
       743:     22290.000000           1          158.3705   
       744:     22320.000000           1          158.3756   
       745:     22350.000000           1          158.3839   
       746:     22380.000000           1          158.3880   
       747:     22410.000000           1          158.3923   
       748:     22440.000000           1          158.4016   
       749:     22470.000000           1          158.4142   
       750:     22500.000000           1          158.4227   
       751:     22530.000000           1          158.4322   
       752:     22560.000000           1          158.4379   
       753:     22590.000000           1          158.4506   
       754:     22620.000000           1          158.4622   
       755:     22650.000000           1          158.4699   
       756:     22680.000000           1          158.4769   
       757:     22710.000000           1          158.4896   
       758:     22740.000000           1          158.4938   
       759:     22770.000000           1          158.4999   
       760:     22800.000000           1          158.5039   
       761:     22830.000000           1          158.5076   
       762:     22860.000000           1          158.4999   
       763:     22890.000000           1          158.5222   
       764:     22920.000000           1          158.5417   
       765:     22950.000000           1          158.5535   
       766:     22980.000000           1          158.5557   
       767:     23010.000000           1          158.5631   
       768:     23040.000000           1          158.5778   
       769:     23070.000000           1          158.5867   
       770:     23100.000000           1          158.5891   
       771:     23130.000000           1          158.5942   
       772:     23160.000000           1          158.5990   
       773:     23190.000000           1          158.5979   
       774:     23220.000000           1          158.6287   
       775:     23250.000000           1          158.6394   
       776:     23280.000000           1          158.6585   
       777:     23310.000000           1          158.6812   
       778:     23340.000000           1          158.6856   
       779:     23370.000000           1          158.6900   
       780:     23400.000000           1          158.6962   
       781:     23430.000000           1          158.6982   
       782:     23460.000000           1          158.7066   
       783:     23490.000000           1          158.7213   
       784:     23520.000000           1          158.7346   
       785:     23550.000000           1          158.7494   
       786:     23580.000000           1          158.7629   
       787:     23610.000000           1          158.7786   
       788:     23640.000000           1          158.8129   
       789:     23670.000000           1          158.8232   
       790:     23700.000000           1          158.8255   
       791:     23730.000000           1          158.8303   
       792:     23760.000000           1          158.8402   
       793:     23790.000000           1          158.8573   
       794:     23820.000000           1          158.8650   
       795:     23850.000000           1          158.8655   
       796:     23880.000000           1          158.8710   
       797:     23910.000000           1          158.8768   
       798:     23940.000000           1          158.8916   
       799:     23970.000000           1          158.9066   
       800:     24000.000000           1          158.9101   
       801:     24030.000000           1          158.9092   
       802:     24060.000000           1          158.9181   
       803:     24090.000000           1          158.9306   
       804:     24120.000000           1          158.9332   
       805:     24150.000000           1          158.9383   
       806:     24180.000000           1          158.9450   
       807:     24210.000000           1          158.9599   
       808:     24240.000000           1          158.9638   
       809:     24270.000000           1          158.9644   
       810:     24300.000000           1          158.9707   
       811:     24330.000000           1          158.9752   
       812:     24360.000000           1          158.9871   
       813:     24390.000000           1          158.9854   
       814:     24420.000000           1          159.0045   
       815:     24450.000000           1          159.0181   
       816:     24480.000000           1          159.0314   
       817:     24510.000000           1          159.0410   
       818:     24540.000000           1          159.0541   
       819:     24570.000000           1          159.0646   
       820:     24600.000000           1          159.0725   
       821:     24630.000000           1          159.0800   
       822:     24660.000000           1          159.0940   
       823:     24690.000000           1          159.0951   
       824:     24720.000000           1          159.0973   
       825:     24750.000000           1          159.1041   
       826:     24780.000000           1          159.1130   
       827:     24810.000000           1          159.1180   
       828:     24840.000000           1          159.1348   
       829:     24870.000000           1          159.1439   
       830:     24900.000000           1          159.1468   
       831:     24930.000000           1          159.1571   
       832:     24960.000000           1          159.1664   
       833:     24990.000000           1          159.1692   
       834:     25020.000000           1          159.1804   
       835:     25050.000000           1          159.2000   
       836:     25080.000000           1          159.2059   
       837:     25110.000000           1          159.2173   
       838:     25140.000000           1          159.2257   
       839:     25170.000000           1          159.2286   
       840:     25200.000000           1          159.2360   
       841:     25230.000000           1          159.2425   
       842:     25260.000000           1          159.2634   
       843:     25290.000000           1          159.2943   
       844:     25320.000000           1          159.3120   
       845:     25350.000000           1          159.3305   
       846:     25380.000000           1          159.3422   
       847:     25410.000000           1          159.3561   
       848:     25440.000000           1          159.3628   
       849:     25470.000000           1          159.3685   
       850:     25500.000000           1          159.3795   
       851:     25530.000000           1          159.3835   
       852:     25560.000000           1          159.3953   
       853:     25590.000000           1          159.4023   
       854:     25620.000000           1          159.4051   
       855:     25650.000000           1          159.4191   
       856:     25680.000000           1          159.4237   
       857:     25710.000000           1          159.4272   
       858:     25740.000000           1          159.4223   
       859:     25770.000000           1          159.4270   
       860:     25800.000000           1          159.4270   
       861:     25830.000000           1          159.4375   
       862:     25860.000000           1          159.4433   
       863:     25890.000000           1          159.4545   
       864:     25920.000000           1          159.4715   
       865:     25950.000000           1          159.4723   
       866:     25980.000000           1          159.4828   
       867:     26010.000000           1          159.4922   
       868:     26040.000000           1          159.4874   
       869:     26070.000000           1          159.4948   
       870:     26100.000000           1          159.4977   
       871:     26130.000000           1          159.5017   
       872:     26160.000000           1          159.5041   
       873:     26190.000000           1          159.5108   
       874:     26220.000000           1          159.5146   
       875:     26250.000000           1          159.5159   
       876:     26280.000000           1          159.5211   
       877:     26310.000000           1          159.5271   
       878:     26340.000000           1          159.5329   
       879:     26370.000000           1          159.5423   
       880:     26400.000000           1          159.5490   
       881:     26430.000000           1          159.5626   
       882:     26460.000000           1          159.5799   
       883:     26490.000000           1          159.5897   
       884:     26520.000000           1          159.5997   
       885:     26550.000000           1          159.6070   
       886:     26580.000000           1          159.6084   
       887:     26610.000000           1          159.6222   
       888:     26640.000000           1          159.6444   
       889:     26670.000000           1          159.6496   
       890:     26700.000000           1          159.6534   
       891:     26730.000000           1          159.6612   
       892:     26760.000000           1          159.6724   
       893:     26790.000000           1          159.6842   
       894:     26820.000000           1          159.6985   
       895:     26850.000000           1          159.7009   
       896:     26880.000000           1          159.7142   
       897:     26910.000000           1          159.7295   
       898:     26940.000000           1          159.7353   
       899:     26970.000000           1          159.7468   
       900:     27000.000000           1          159.7550   
       901:     27030.000000           1          159.7611   
       902:     27060.000000           1          159.7597   
       903:     27090.000000           1          159.7633   
       904:     27120.000000           1          159.7744   
       905:     27150.000000           1          159.7927   
       906:     27180.000000           1          159.8104   
       907:     27210.000000           1          159.8277   
       908:     27240.000000           1          159.8373   
       909:     27270.000000           1          159.8393   
       910:     27300.000000           1          159.8414   
       911:     27330.000000           1          159.8412   
       912:     27360.000000           1          159.8412   
       913:     27390.000000           1          159.8485   
       914:     27420.000000           1          159.8572   
       915:     27450.000000           1          159.8670   
       916:     27480.000000           1          159.8771   
       917:     27510.000000           1          159.8809   
       918:     27540.000000           1          159.8928   
       919:     27570.000000           1          159.9065   
       920:     27600.000000           1          159.9150   
       921:     27630.000000           1          159.9201   
       922:     27660.000000           1          159.9253   
       923:     27690.000000           1          159.9371   
       924:     27720.000000           1          159.9480   
       925:     27750.000000           1          159.9628   
       926:     27780.000000           1          159.9748   
       927:     27810.000000           1          159.9786   
       928:     27840.000000           1          159.9874   
       929:     27870.000000           1          159.9933   
       930:     27900.000000           1          159.9999   
       931:     27930.000000           1          160.0170   
       932:     27960.000000           1          160.0324   
       933:     27990.000000           1          160.0323   
       934:     28020.000000           1          160.0410   
       935:     28050.000000           1          160.0459   
       936:     28080.000000           1          160.0493   
       937:     28110.000000           1          160.0543   
       938:     28140.000000           1          160.0684   
       939:     28170.000000           1          160.0855   
       940:     28200.000000           1          160.1051   
       941:     28230.000000           1          160.1303   
       942:     28260.000000           1         -126.1493   
       943:     28290.000000           1          160.1394   
       944:     28320.000000           1         -126.1394   
       945:     28350.000000           1         -126.1379   
       946:     28380.000000           1         -126.1386   
       947:     28410.000000           1         -126.1422   
       948:     28440.000000           1         -126.1360   
       949:     28470.000000           1         -126.1317   
       950:     28500.000000           1         -126.1308   
       951:     28530.000000           1         -126.1181   
       952:     28560.000000           1         -126.1286   
       953:     28590.000000           1         -126.1251   
       954:     28620.000000           1         -126.1438   
       955:     28650.000000           1         -126.1383   
       956:     28680.000000           1         -126.1395   
       957:     28710.000000           1         -126.1397   
       958:     28740.000000           1         -126.1432   
       959:     28770.000000           1         -126.1393   
       960:     28800.000000           1         -126.1307   
       961:     28830.000000           1         -126.1245   
       962:     28860.000000           1         -126.1158   
       963:     28890.000000           1         -126.1026   
       964:     28920.000000           1         -126.0948   
       965:     28950.000000           1         -126.0813   
       966:     28980.000000           1         -126.0808   
       967:     29010.000000           1         -126.0698   
       968:     29040.000000           1         -126.0611   
       969:     29070.000000           1          160.3633   
       970:     29100.000000           1          160.3688   
       971:     29130.000000           1          160.3857   
       972:     29160.000000           1          160.3925   
       973:     29190.000000           1          160.3981   
       974:     29220.000000           1          160.4026   
       975:     29250.000000           1          160.4111   
       976:     29280.000000           1          160.4197   
       977:     29310.000000           1          160.4326   
       978:     29340.000000           1          160.4416   
       979:     29370.000000           1          160.4532   
       980:     29400.000000           1          160.4516   
       981:     29430.000000           1          160.4621   
       982:     29460.000000           1          160.4688   
       983:     29490.000000           1          160.4727   
       984:     29520.000000           1          160.4802   
       985:     29550.000000           1          160.4875   
       986:     29580.000000           1          160.4909   
       987:     29610.000000           1          160.4990   
       988:     29640.000000           1          160.5024   
       989:     29670.000000           1          160.5070   
       990:     29700.000000           1          160.5182   
       991:     29730.000000           1          160.5263   
       992:     29760.000000           1          160.5410   
       993:     29790.000000           1          160.5489   
       994:     29820.000000           1          160.5503   
       995:     29850.000000           1          160.5532   
       996:     29880.000000           1          160.5527   
       997:     29910.000000           1          160.5561   
       998:     29940.000000           1          160.5558   
       999:     29970.000000           1          160.5626   
      1000:     30000.000000           1          160.5646   
      1001:     30030.000000           1          160.5726   
      1002:     30060.000000           1          160.5728   
      1003:     30090.000000           1          160.5814   
      1004:     30120.000000           1          160.5833   
      1005:     30150.000000           1          160.5874   
      1006:     30180.000000           1          160.5799   
      1007:     30210.000000           1          160.5786   
      1008:     30240.000000           1          160.5848   
      1009:     30270.000000           1          160.5909   
      1010:     30300.000000           1          160.5934   
      1011:     30330.000000           1          160.6002   
      1012:     30360.000000           1          160.6018   
      1013:     30390.000000           1          160.6086   
      1014:     30420.000000           1          160.6213   
      1015:     30450.000000           1          160.6241   
      1016:     30480.000000           1          160.6346   
      1017:     30510.000000           1          160.6402   
      1018:     30540.000000           1          160.6517   
      1019:     30570.000000           1          160.6551   
      1020:     30600.000000           1          160.6564   
      1021:     30630.000000           1          160.6653   
      1022:     30660.000000           1          160.6704   
      1023:     30690.000000           1          160.6749   
      1024:     30720.000000           1          160.6861   
      1025:     30750.000000           1          160.6953   
      1026:     30780.000000           1          160.7073   
      1027:     30810.000000           1          160.7205   
      1028:     30840.000000           1          160.7235   
      1029:     30870.000000           1          160.7319   
      1030:     30900.000000           1          160.7449   
      1031:     30930.000000           1          160.7553   
      1032:     30960.000000           1          160.7631   
      1033:     30990.000000           1          160.7587   
      1034:     31020.000000           1          160.7604   
      1035:     31050.000000           1          160.7604   
      1036:     31080.000000           1          160.7688   
      1037:     31110.000000           1          160.7815   
      1038:     31140.000000           1          160.7847   
      1039:     31170.000000           1          160.7833   
      1040:     31200.000000           1          160.7886   
      1041:     31230.000000           1          160.7955   
      1042:     31260.000000           1          160.8070   
      1043:     31290.000000           1          160.8144   
      1044:     31320.000000           1          160.8211   
      1045:     31350.000000           1          160.8227   
      1046:     31380.000000           1          160.8203   
      1047:     31410.000000           1          160.8255   
      1048:     31440.000000           1          160.8306   
      1049:     31470.000000           1          160.8342   
      1050:     31500.000000           1          160.8347   
      1051:     31530.000000           1          160.8387   
      1052:     31560.000000           1          160.8462   
      1053:     31590.000000           1          160.8603   
      1054:     31620.000000           1          160.8701   
      1055:     31650.000000           1          160.8804   
      1056:     31680.000000           1          160.8845   
      1057:     31710.000000           1          160.8884   
      1058:     31740.000000           1          160.8966   
      1059:     31770.000000           1          160.9014   
      1060:     31800.000000           1          160.9096   
      1061:     31830.000000           1          160.9185   
      1062:     31860.000000           1          160.9286   
      1063:     31890.000000           1          160.9359   
      1064:     31920.000000           1          160.9398   
      1065:     31950.000000           1          160.9427   
      1066:     31980.000000           1          160.9487   
      1067:     32010.000000           1          160.9468   
      1068:     32040.000000           1          160.9446   
      1069:     32070.000000           1          160.9412   
      1070:     32100.000000           1          160.9432   
      1071:     32130.000000           1          160.9513   
      1072:     32160.000000           1          160.9565   
      1073:     32190.000000           1          160.9661   
      1074:     32220.000000           1          160.9680   
      1075:     32250.000000           1          160.9735   
      1076:     32280.000000           1          160.9816   
      1077:     32310.000000           1          160.9843   
      1078:     32340.000000           1          160.9993   
      1079:     32370.000000           1          161.0057   
      1080:     32400.000000           1          161.0091   
      1081:     32430.000000           1          161.0013   
      1082:     32460.000000           1          161.0069   
      1083:     32490.000000           1          161.0098   
      1084:     32520.000000           1          161.0154   
      1085:     32550.000000           1          161.0208   
      1086:     32580.000000           1          161.0284   
      1087:     32610.000000           1          161.0291   
      1088:     32640.000000           1          161.0349   
      1089:     32670.000000           1          161.0396   
      1090:     32700.000000           1          161.0489   
      1091:     32730.000000           1          161.0515   
      1092:     32760.000000           1          161.0632   
      1093:     32790.000000           1          161.0613   
      1094:     32820.000000           1          161.0586   
      1095:     32850.000000           1          161.0600   
      1096:     32880.000000           1          161.0683   
      1097:     32910.000000           1          161.0664   
      1098:     32940.000000           1          161.0827   
      1099:     32970.000000           1          161.0866   
      1100:     33000.000000           1          161.0938   
      1101:     33030.000000           1          161.1061   
      1102:     33060.000000           1          161.1083   
      1103:     33090.000000           1          161.1144   
      1104:     33120.000000           1          161.1163   
      1105:     33150.000000           1          161.1205   
      1106:     33180.000000           1          161.1279   
      1107:     33210.000000           1          161.1338   
      1108:     33240.000000           1          161.1403   
      1109:     33270.000000           1          161.1486   
      1110:     33300.000000           1          161.1561   
      1111:     33330.000000           1          161.1712   
      1112:     33360.000000           1          161.1768   
      1113:     33390.000000           1          161.1846   
      1114:     33420.000000           1          161.1962   
      1115:     33450.000000           1          161.2058   
      1116:     33480.000000           1          161.2170   
      1117:     33510.000000           1          161.2287   
      1118:     33540.000000           1          161.2352   
      1119:     33570.000000           1          161.2451   
      1120:     33600.000000           1          161.2531   
      1121:     33630.000000           1          161.2602   
      1122:     33660.000000           1          161.2594   
      1123:     33690.000000           1          161.2545   
      1124:     33720.000000           1          161.2612   
      1125:     33750.000000           1          161.2680   
      1126:     33780.000000           1          161.2767   
      1127:     33810.000000           1          161.2824   
      1128:     33840.000000           1          161.2807   
      1129:     33870.000000           1          161.2947   
      1130:     33900.000000           1          161.2959   
      1131:     33930.000000           1          161.2985   
      1132:     33960.000000           1          161.3093   
      1133:     33990.000000           1          161.3153   
      1134:     34020.000000           1          161.3368   
      1135:     34050.000000           1          161.3508   
      1136:     34080.000000           1          161.3652   
      1137:     34110.000000           1          161.3694   
      1138:     34140.000000           1          161.3727   
      1139:     34170.000000           1          161.3882   
      1140:     34200.000000           1          161.3963   
      1141:     34230.000000           1          161.3953   
      1142:     34260.000000           1          161.3969   
      1143:     34290.000000           1          161.3969   
      1144:     34320.000000           1          161.4051   
      1145:     34350.000000           1          161.4134   
      1146:     34380.000000           1          161.4206   
      1147:     34410.000000           1          161.4199   
      1148:     34440.000000           1          161.4229   
      1149:     34470.000000           1          161.4303   
      1150:     34500.000000           1          161.4458   
      1151:     34530.000000           1          161.4487   
      1152:     34560.000000           1          161.4610   
      1153:     34590.000000           1          161.4756   
      1154:     34620.000000           1          161.4802   
      1155:     34650.000000           1          161.4823   
      1156:     34680.000000           1          161.4877   
      1157:     34710.000000           1          161.4917   
      1158:     34740.000000           1          161.4928   
      1159:     34770.000000           1          161.4947   
      1160:     34800.000000           1          161.4993   
      1161:     34830.000000           1          161.5052   
      1162:     34860.000000           1          161.5084   
      1163:     34890.000000           1          161.5158   
      1164:     34920.000000           1          161.5210   
      1165:     34950.000000           1          161.5337   
      1166:     34980.000000           1          161.5418   
      1167:     35010.000000           1          161.5452   
      1168:     35040.000000           1          161.5486   
      1169:     35070.000000           1          161.5511   
      1170:     35100.000000           1           33.7237   
      1171:     35130.000000           1          161.4107   
      1172:     35160.000000           1           33.7097   
      1173:     35190.000000           1         -655.3439   
      1174:     35220.000000           1         -655.1466   
      1175:     35250.000000           1           33.7416   
      1176:     35280.000000           1           33.7508   
      1177:     35310.000000           1           33.7688   
      1178:     35340.000000           1           33.7764   
      1179:     35370.000000           1           33.7849   
      1180:     35400.000000           1           33.8117   
      1181:     35430.000000           1           33.8201   
      1182:     35460.000000           1           33.8228   
      1183:     35490.000000           1           33.8437   
      1184:     35520.000000           1           33.8638   
      1185:     35550.000000           1           33.8870   
      1186:     35580.000000           1           33.9000   
      1187:     35610.000000           1           33.9154   
      1188:     35640.000000           1           33.9341   
      1189:     35670.000000           1           33.9355   
      1190:     35700.000000           1           33.9344   
      1191:     35730.000000           1           33.9384   
      1192:     35760.000000           1           33.9505   
      1193:     35790.000000           1           33.9506   
      1194:     35820.000000           1           33.9544   
      1195:     35850.000000           1           33.9593   
      1196:     35880.000000           1           33.9609   
      1197:     35910.000000           1           33.9503   
      1198:     35940.000000           1           33.9572   
      1199:     35970.000000           1           33.9580   
      1200:     36000.000000           1           33.9619   
      1202:     36060.000000           1           33.9522   
      1203:     36090.000000           1           33.9475   
      1204:     36120.000000           1           33.9487   
      2511:     75330.000000           1           12.9782   
      2514:     75420.000000           1         -370.6680   
      2515:     75450.000000           1         -370.6703   
      2516:     75480.000000           1         -370.6727   
      2517:     75510.000000           1         -370.6734   
      2518:     75540.000000           1         -370.6725   
      2519:     75570.000000           1         -370.6752   
      2520:     75600.000000           1         -370.6774   
      2521:     75630.000000           1         -370.6778   
      2522:     75660.000000           1         -370.6786   
      2523:     75690.000000           1         -370.6807   
      2524:     75720.000000           1         -370.6827   
      2525:     75750.000000           1         -370.6856   
      2526:     75780.000000           1         -370.6878   
      2527:     75810.000000           1         -370.6888   
      2528:     75840.000000           1         -370.6903   
      2529:     75870.000000           1         -370.6935   
      2530:     75900.000000           1         -370.6937   
      2531:     75930.000000           1         -370.6972   
      2532:     75960.000000           1         -370.6972   
      2533:     75990.000000           1         -370.6977   
      2534:     76020.000000           1         -370.7020   
      2535:     76050.000000           1         -370.7031   
      2536:     76080.000000           1         -370.7056   
      2537:     76110.000000           1         -370.7067   
      2538:     76140.000000           1         -370.7092   
      2539:     76170.000000           1         -370.7083   
      2540:     76200.000000           1         -370.7104   
      2541:     76230.000000           1         -370.7168   
      2542:     76260.000000           1         -370.7187   
      2543:     76290.000000           1         -370.7214   
      2544:     76320.000000           1         -370.7220   
      2545:     76350.000000           1         -370.7241   
      2546:     76380.000000           1         -370.7259   
      2547:     76410.000000           1         -370.7267   
      2548:     76440.000000           1         -370.7268   
      2549:     76470.000000           1         -370.7300   
      2550:     76500.000000           1         -370.7332   
      2551:     76530.000000           1           12.9303   
      2552:     76560.000000           1           12.9317   
      2553:     76590.000000           1           12.9313   
      2554:     76620.000000           1           12.9292   
      2555:     76650.000000           1           12.9276   
      2556:     76680.000000           1           12.9257   
      2557:     76710.000000           1           12.9260   
      2558:     76740.000000           1           12.9239   
      2559:     76770.000000           1           12.9215   
      2560:     76800.000000           1           12.9183   
      2561:     76830.000000           1           12.9150   
      2562:     76860.000000           1           12.9112   
      2563:     76890.000000           1           12.9107   
      2564:     76920.000000           1           12.9068   
      2565:     76950.000000           1           12.9043   
      2566:     76980.000000           1         -296.9666   
      2567:     77010.000000           1           12.8954   
      2568:     77040.000000           1         -318.4911   
      2569:     77070.000000           1         -318.4823   
      2570:     77100.000000           1         -318.4602   
      2571:     77130.000000           1         -318.4200   
      2572:     77160.000000           1         -318.4483   
      2573:     77190.000000           1         -318.4619   
      2574:     77220.000000           1         -318.4705   
      2575:     77250.000000           1         -318.4540   
      2576:     77280.000000           1         -318.4393   
      2577:     77310.000000           1         -318.4239   
      2578:     77340.000000           1         -318.4176   
      2579:     77370.000000           1         -318.4146   
      2580:     77400.000000           1         -318.4022   
      2581:     77430.000000           1         -318.4029   
      2582:     77460.000000           1         -318.4117   
      2583:     77490.000000           1         -318.4048   
      2584:     77520.000000           1         -318.4003   
      2585:     77550.000000           1         -318.3987   
      2586:     77580.000000           1         -318.4071   
      2587:     77610.000000           1         -318.4221   
      2588:     77640.000000           1         -318.4360   
      2589:     77670.000000           1         -318.4431   
      2590:     77700.000000           1         -318.4459   
      2591:     77730.000000           1         -318.4525   
      2592:     77760.000000           1         -318.4656   
      2593:     77790.000000           1         -318.4793   
      2594:     77820.000000           1         -318.4831   
      2595:     77850.000000           1         -318.4927   
      2596:     77880.000000           1         -318.5020   
      2597:     77910.000000           1         -318.5205   
      2598:     77940.000000           1         -318.5276   
      2599:     77970.000000           1         -318.5386   
      2600:     78000.000000           1         -318.5464   
      2601:     78030.000000           1         -318.5525   
      2602:     78060.000000           1         -318.5644   
      2603:     78090.000000           1         -318.5765   
      2604:     78120.000000           1         -318.5824   
      2605:     78150.000000           1         -318.5926   
      2606:     78180.000000           1         -318.6014   
      2607:     78210.000000           1         -318.6094   
      2608:     78240.000000           1         -318.6140   
      2609:     78270.000000           1           12.7812   
      2610:     78300.000000           1           12.7783   
      2611:     78330.000000           1           12.7753   
      2612:     78360.000000           1           12.7733   
      2613:     78390.000000           1           12.7733   
      2614:     78420.000000           1           12.7739   
      2615:     78450.000000           1           12.7746   
      2616:     78480.000000           1           12.7729   
      2617:     78510.000000           1           12.7715   
      2618:     78540.000000           1           12.7703   
      2619:     78570.000000           1           12.7688   
      2620:     78600.000000           1           12.7643   
      2621:     78630.000000           1           12.7600   
      2622:     78660.000000           1           12.7551   
      2623:     78690.000000           1           12.7511   
      2624:     78720.000000           1           12.7454   
      2625:     78750.000000           1           12.7399   
      2626:     78780.000000           1           12.7349   
      2627:     78810.000000           1           12.7301   
      2628:     78840.000000           1           12.7270   
      2629:     78870.000000           1           12.7226   
      2630:     78900.000000           1           12.7185   
      2631:     78930.000000           1           12.7160   
      2632:     78960.000000           1           12.7143   
      2633:     78990.000000           1           12.7135   
      2634:     79020.000000           1           12.7133   
      2635:     79050.000000           1           12.7114   
      2636:     79080.000000           1           12.7106   
      2637:     79110.000000           1           12.7087   
      2638:     79140.000000           1           12.7081   
      2639:     79170.000000           1           12.7055   
      2640:     79200.000000           1           12.7005   
      2641:     79230.000000           1           12.6982   
      2642:     79260.000000           1           12.6937   
      2643:     79290.000000           1           12.6884   
      2644:     79320.000000           1           12.6854   
      2645:     79350.000000           1           12.6819   
      2646:     79380.000000           1           12.6790   
      2647:     79410.000000           1           12.6766   
      2648:     79440.000000           1           12.6738   
      2649:     79470.000000           1           12.6702   
      2650:     79500.000000           1           12.6684   
      2651:     79530.000000           1           12.6657   
      2652:     79560.000000           1           12.6630   
      2653:     79590.000000           1           12.6603   
      2654:     79620.000000           1         -318.8758   
      2655:     79650.000000           1         -318.8783   
      2656:     79680.000000           1         -318.8817   
      2657:     79710.000000           1         -318.8870   
      2658:     79740.000000           1         -318.8860   
      2659:     79770.000000           1           12.6352   
      2660:     79800.000000           1           12.6339   
      2661:     79830.000000           1          -30.8091   
      2662:     79860.000000           1           12.6201   
      2663:     79890.000000           1           12.6144   
      2664:     79920.000000           1           12.6110   
      2665:     79950.000000           1           12.6084   
      2666:     79980.000000           1           12.6058   
      2667:     80010.000000           1           12.5979   
      2668:     80040.000000           1           12.5941   
      2669:     80070.000000           1           12.5901   
      2670:     80100.000000           1           12.5887   
      2671:     80130.000000           1           12.5866   
      2672:     80160.000000           1           12.5854   
      2673:     80190.000000           1           12.5819   
      2674:     80220.000000           1           12.5806   
      2675:     80250.000000           1           12.5759   
      2676:     80280.000000           1           12.5735   
      2677:     80310.000000           1           12.5697   
      2678:     80340.000000           1           12.5683   
      2679:     80370.000000           1           12.5654   
      2680:     80400.000000           1           12.5625   
      2681:     80430.000000           1           12.5600   
      2682:     80460.000000           1           12.5559   
      2683:     80490.000000           1           12.5546   
      2684:     80520.000000           1           12.5523   
      2685:     80550.000000           1           12.5500   
      2686:     80580.000000           1           12.5471   
      2687:     80610.000000           1           12.5427   
      2688:     80640.000000           1           12.5401   
      2689:     80670.000000           1           12.5380   
      2690:     80700.000000           1           12.5348   
      2691:     80730.000000           1           12.5327   
      2692:     80760.000000           1           12.5282   
      2693:     80790.000000           1          -30.9104   
      2694:     80820.000000           1           12.5160   
      2695:     80850.000000           1          -30.9193   
      2696:     80880.000000           1           12.5022   
      2697:     80910.000000           1           12.5005   
      2698:     80940.000000           1         -272.5743   
      2699:     80970.000000           1         -272.5801   
      2700:     81000.000000           1         -272.5840   
      2701:     81030.000000           1         -272.5764   
      2702:     81060.000000           1         -272.5932   
      2703:     81090.000000           1         -272.5708   
      2704:     81120.000000           1         -272.5549   
      2705:     81150.000000           1         -272.5441   
      2706:     81180.000000           1         -272.5464   
      2707:     81210.000000           1         -272.5579   
      2708:     81240.000000           1         -272.5601   
      2709:     81270.000000           1         -272.5502   
      2710:     81300.000000           1         -272.5445   
      2711:     81330.000000           1         -272.5435   
      2712:     81360.000000           1         -272.5410   
      2713:     81390.000000           1         -272.5461   
      2714:     81420.000000           1         -272.5595   
      2715:     81450.000000           1         -272.5614   
      2716:     81480.000000           1         -272.5710   
      2717:     81510.000000           1           12.4422   
      2718:     81540.000000           1         -272.5826   
      2719:     81570.000000           1         -272.5876   
      2720:     81600.000000           1         -272.5945   
      2721:     81630.000000           1         -272.5950   
      2722:     81660.000000           1         -272.5913   
      2723:     81690.000000           1         -272.6008   
      2724:     81720.000000           1         -272.6081   
      2725:     81750.000000           1         -272.6103   
      2726:     81780.000000           1         -272.6082   
      2727:     81810.000000           1         -272.6154   
      2728:     81840.000000           1         -272.6230   
      2729:     81870.000000           1         -272.6246   
      2730:     81900.000000           1         -272.6267   
      2731:     81930.000000           1         -272.6281   
      2732:     81960.000000           1         -272.6283   
      2733:     81990.000000           1         -272.6296   
      2734:     82020.000000           1           12.3881   
      2735:     82050.000000           1           12.3840   
      2736:     82080.000000           1           12.3815   
      2737:     82110.000000           1           12.3799   
      2738:     82140.000000           1           12.3783   
      2739:     82170.000000           1           12.3742   
      2740:     82200.000000           1           12.3711   
      2741:     82230.000000           1           12.3654   
      2742:     82260.000000           1          -31.0075   
      2743:     82290.000000           1          -31.0063   
      2744:     82320.000000           1          -31.0053   
      2745:     82350.000000           1          -31.0046   
      2746:     82380.000000           1          -31.0046   
      2747:     82410.000000           1          -31.0043   
      2748:     82440.000000           1          -31.0032   
      2749:     82470.000000           1          -31.0082   
      2750:     82500.000000           1          -31.0107   
      2751:     82530.000000           1          -31.0152   
      2752:     82560.000000           1          -31.0213   
      2753:     82590.000000           1          -31.0235   
      2754:     82620.000000           1          -31.0241   
      2755:     82650.000000           1          -31.0258   
      2756:     82680.000000           1          -31.0276   
      2757:     82710.000000           1          -31.0287   
      2758:     82740.000000           1          -31.0316   
      2759:     82770.000000           1          -31.0338   
      2760:     82800.000000           1          -31.0373   
      2761:     82830.000000           1          -31.0383   
      2762:     82860.000000           1          -31.0404   
      2763:     82890.000000           1          -31.0442   
      2764:     82920.000000           1          -31.0460   
      2765:     82950.000000           1          -31.0530   
      2766:     82980.000000           1          -31.0564   
      2767:     83010.000000           1            9.9168   
      2768:     83040.000000           1            9.9249   
      2769:     83070.000000           1            9.9253   
      2770:     83100.000000           1            9.9184   
      2771:     83130.000000           1            9.9193   
      2772:     83160.000000           1            9.9178   
      2773:     83190.000000           1            9.9128   
      2774:     83220.000000           1          -31.0864   
      2775:     83250.000000           1          -31.0898   
      2776:     83280.000000           1          -31.0909   
      2777:     83310.000000           1          -31.0943   
      2778:     83340.000000           1          -31.0977   
      2779:     83370.000000           1          -31.0981   
      2780:     83400.000000           1          -31.1033   
      2781:     83430.000000           1          -31.1063   
      2782:     83460.000000           1          -31.1094   
      2783:     83490.000000           1          -31.1118   
      2784:     83520.000000           1          -31.1200   
      2785:     83550.000000           1          -31.1238   
      2786:     83580.000000           1          -31.1287   
      2787:     83610.000000           1          -31.1312   
      2788:     83640.000000           1          -31.1372   
      2789:     83670.000000           1          -31.1393   
      2790:     83700.000000           1          -31.1424   
      2791:     83730.000000           1          -31.1434   
      2792:     83760.000000           1          -31.1522   
      2793:     83790.000000           1          -31.1558   
      2794:     83820.000000           1          -31.1570   
      2795:     83850.000000           1          -31.1602   
      2797:     83910.000000           1          -31.1670   
      2798:     83940.000000           1          -31.1670   
      2799:     83970.000000           1           12.1759   
      2800:     84000.000000           1           12.1697   
      2801:     84030.000000           1           12.1698   
      2802:     84060.000000           1           12.1688   
