       831:     24930.000000           1          350.5248   
       832:     24960.000000           1          350.5337   
       834:     25020.000000           1          350.5471   
       835:     25050.000000           1          350.5664   
       836:     25080.000000           1          350.5720   
       837:     25110.000000           1          350.5829   
       838:     25140.000000           1          350.5911   
       839:     25170.000000           1          350.5938   
       840:     25200.000000           1          350.6009   
       841:     25230.000000           1          350.6074   
       842:     25260.000000           1          350.6280   
       843:     25290.000000           1          -37.5546   
       844:     25320.000000           1          350.5442   
       845:     25350.000000           1          350.6121   
       846:     25380.000000           1          350.6162   
       847:     25410.000000           1          350.6388   
       848:     25440.000000           1          350.6509   
       849:     25470.000000           1          350.6671   
       850:     25500.000000           1          350.6833   
       851:     25530.000000           1          350.6830   
       852:     25560.000000           1          350.6998   
       853:     25590.000000           1          350.7063   
       854:     25620.000000           1          350.7139   
       855:     25650.000000           1          350.7262   
       856:     25680.000000           1          350.7300   
       857:     25710.000000           1          350.7349   
       858:     25740.000000           1          350.7297   
       859:     25770.000000           1          350.7371   
       860:     25800.000000           1          350.7337   
       861:     25830.000000           1          350.7432   
       862:     25860.000000           1          350.7479   
       863:     25890.000000           1          350.7548   
       864:     25920.000000           1         -125.4377   
       865:     25950.000000           1         -125.5855   
       866:     25980.000000           1         -125.7100   
       867:     26010.000000           1         -125.7379   
       868:     26040.000000           1         -125.7592   
       869:     26070.000000           1         -125.7659   
       870:     26100.000000           1         -125.8019   
       871:     26130.000000           1         -125.8130   
       872:     26160.000000           1         -125.8373   
       873:     26190.000000           1         -125.8555   
       874:     26220.000000           1         -125.8750   
       875:     26250.000000           1         -125.9036   
       876:     26280.000000           1         -125.9204   
       877:     26310.000000           1         -125.9496   
       878:     26340.000000           1         -125.9819   
       879:     26370.000000           1         -125.9950   
       880:     26400.000000           1         -126.0125   
       881:     26430.000000           1         -126.0174   
       882:     26460.000000           1         -126.0325   
       883:     26490.000000           1         -126.0401   
       884:     26520.000000           1         -126.0437   
       885:     26550.000000           1         -126.0603   
       886:     26580.000000           1         -126.0764   
       887:     26610.000000           1         -126.0963   
       888:     26640.000000           1         -126.1103   
       889:     26670.000000           1         -126.1264   
       890:     26700.000000           1         -126.1779   
       891:     26730.000000           1         -126.1998   
       892:     26760.000000           1         -126.2063   
       893:     26790.000000           1         -126.2142   
       894:     26820.000000           1         -126.2114   
       895:     26850.000000           1         -126.2244   
       896:     26880.000000           1         -126.2217   
       897:     26910.000000           1         -126.2208   
       898:     26940.000000           1         -126.2265   
       899:     26970.000000           1         -126.2251   
       900:     27000.000000           1         -126.2202   
       901:     27030.000000           1         -126.2203   
       902:     27060.000000           1         -126.2293   
       903:     27090.000000           1         -126.2313   
       904:     27120.000000           1         -126.2252   
       905:     27150.000000           1         -126.2069   
       906:     27180.000000           1         -126.1933   
       907:     27210.000000           1         -126.1873   
       908:     27240.000000           1         -126.1843   
       909:     27270.000000           1         -126.1905   
       910:     27300.000000           1         -126.2003   
       911:     27330.000000           1         -126.2087   
       912:     27360.000000           1         -126.2209   
       913:     27390.000000           1         -126.2227   
       914:     27420.000000           1         -126.2145   
       915:     27450.000000           1         -126.2111   
       916:     27480.000000           1         -126.2090   
       917:     27510.000000           1         -126.2137   
       918:     27540.000000           1         -126.2127   
       919:     27570.000000           1         -126.2056   
       920:     27600.000000           1         -126.2023   
       921:     27630.000000           1         -126.2049   
       922:     27660.000000           1         -126.2115   
       923:     27690.000000           1         -126.2048   
       924:     27720.000000           1         -126.2065   
       925:     27750.000000           1         -126.2012   
       926:     27780.000000           1         -126.1993   
       927:     27810.000000           1         -126.2030   
       928:     27840.000000           1         -126.2009   
       929:     27870.000000           1         -126.2035   
       930:     27900.000000           1         -126.1976   
       931:     27930.000000           1         -126.1791   
       932:     27960.000000           1         -126.1673   
       933:     27990.000000           1         -126.1747   
       934:     28020.000000           1         -126.1724   
       935:     28050.000000           1         -126.1723   
       936:     28080.000000           1         -126.1710   
       937:     28110.000000           1         -126.1700   
       938:     28140.000000           1         -126.1644   
       939:     28170.000000           1         -126.1559   
       940:     28200.000000           1         -126.1565   
       941:     28230.000000           1         -126.1460   
       942:     28260.000000           1          -36.7910   
       943:     28290.000000           1         -126.1466   
       944:     28320.000000           1          -36.7760   
       945:     28350.000000           1          -36.7699   
       946:     28380.000000           1          -36.7636   
       947:     28410.000000           1          -36.7641   
       948:     28440.000000           1          -36.7575   
       949:     28470.000000           1          -36.7496   
       950:     28500.000000           1          -36.7420   
       951:     28530.000000           1          -36.7208   
       952:     28560.000000           1          -36.7208   
       953:     28590.000000           1          -36.7068   
       954:     28620.000000           1          -36.7077   
       955:     28650.000000           1          -36.6979   
       956:     28680.000000           1          -36.6957   
       957:     28710.000000           1          -36.6900   
       958:     28740.000000           1          -36.6856   
       959:     28770.000000           1          -36.6778   
       960:     28800.000000           1          -36.6670   
       961:     28830.000000           1          -36.6598   
       962:     28860.000000           1          -36.6503   
       963:     28890.000000           1          -36.6367   
       964:     28920.000000           1          -36.6270   
       965:     28950.000000           1          -36.6100   
       966:     28980.000000           1          -36.6083   
       967:     29010.000000           1          -36.5975   
       968:     29040.000000           1          -36.5885   
       969:     29070.000000           1         -126.0470   
       970:     29100.000000           1         -126.0445   
       971:     29130.000000           1         -126.0393   
       972:     29160.000000           1         -126.0374   
       973:     29190.000000           1         -126.0367   
       974:     29220.000000           1         -126.0370   
       975:     29250.000000           1         -126.0341   
       976:     29280.000000           1         -126.0306   
       977:     29310.000000           1         -126.0235   
       978:     29340.000000           1         -126.0209   
       979:     29370.000000           1         -126.0126   
       980:     29400.000000           1         -126.0184   
       981:     29430.000000           1         -126.0106   
       982:     29460.000000           1         -126.0074   
       983:     29490.000000           1         -126.0059   
       984:     29520.000000           1         -126.0009   
       985:     29550.000000           1         -125.9958   
       986:     29580.000000           1         -125.9943   
       987:     29610.000000           1         -125.9867   
       988:     29640.000000           1         -125.9841   
       989:     29670.000000           1         -125.9809   
       990:     29700.000000           1         -125.9703   
       991:     29730.000000           1         -125.9636   
       992:     29760.000000           1         -125.9513   
       993:     29790.000000           1         -125.9468   
       994:     29820.000000           1         -125.9494   
       995:     29850.000000           1         -125.9509   
       996:     29880.000000           1         -125.9554   
       997:     29910.000000           1         -125.9553   
       998:     29940.000000           1         -125.9609   
       999:     29970.000000           1         -125.9580   
      1000:     30000.000000           1         -125.9614   
      1001:     30030.000000           1         -125.9596   
      1002:     30060.000000           1         -125.9646   
      1003:     30090.000000           1         -125.9618   
      1004:     30120.000000           1         -125.9657   
      1005:     30150.000000           1         -125.9666   
      1006:     30180.000000           1         -125.9784   
      1007:     30210.000000           1         -125.9837   
      1008:     30240.000000           1         -125.9813   
      1009:     30270.000000           1         -125.9773   
      1010:     30300.000000           1         -125.9784   
      1011:     30330.000000           1         -125.9725   
      1012:     30360.000000           1         -125.9749   
      1013:     30390.000000           1         -125.9702   
      1014:     30420.000000           1         -125.9629   
      1015:     30450.000000           1         -125.9580   
      1016:     30480.000000           1         -125.9465   
      1017:     30510.000000           1         -125.9373   
      1018:     30540.000000           1         -125.9234   
      1019:     30570.000000           1         -125.9184   
      1020:     30600.000000           1         -125.9166   
      1021:     30630.000000           1         -125.9062   
      1022:     30660.000000           1         -125.9015   
      1023:     30690.000000           1         -125.8982   
      1024:     30720.000000           1         -125.8872   
      1025:     30750.000000           1         -125.8810   
      1026:     30780.000000           1         -125.8721   
      1027:     30810.000000           1         -125.8613   
      1028:     30840.000000           1         -125.8618   
      1029:     30870.000000           1         -125.8570   
      1030:     30900.000000           1         -125.8472   
      1031:     30930.000000           1         -125.8397   
      1032:     30960.000000           1         -125.8343   
      1033:     30990.000000           1         -125.8431   
      1034:     31020.000000           1         -125.8447   
      1035:     31050.000000           1         -125.8476   
      1036:     31080.000000           1         -125.8437   
      1037:     31110.000000           1         -125.8361   
      1038:     31140.000000           1         -125.8347   
      1039:     31170.000000           1         -125.8381   
      1040:     31200.000000           1         -125.8337   
      1041:     31230.000000           1         -125.8265   
      1042:     31260.000000           1         -125.8149   
      1043:     31290.000000           1         -125.8071   
      1044:     31320.000000           1         -125.8006   
      1045:     31350.000000           1         -125.7984   
      1046:     31380.000000           1         -125.8006   
      1047:     31410.000000           1         -125.7950   
      1048:     31440.000000           1         -125.7892   
      1049:     31470.000000           1         -125.7844   
      1050:     31500.000000           1         -125.7837   
      1051:     31530.000000           1         -125.7789   
      1052:     31560.000000           1         -125.7697   
      1053:     31590.000000           1         -125.7543   
      1054:     31620.000000           1         -125.7442   
      1055:     31650.000000           1         -125.7352   
      1056:     31680.000000           1         -125.7329   
      1057:     31710.000000           1         -125.7299   
      1058:     31740.000000           1         -125.7215   
      1059:     31770.000000           1         -125.7162   
      1060:     31800.000000           1         -125.7081   
      1061:     31830.000000           1         -125.6997   
      1062:     31860.000000           1         -125.6907   
      1063:     31890.000000           1         -125.6846   
      1064:     31920.000000           1         -125.6822   
      1065:     31950.000000           1         -125.6808   
      1066:     31980.000000           1         -125.6762   
      1067:     32010.000000           1         -125.6791   
      1068:     32040.000000           1         -125.6815   
      1069:     32070.000000           1         -125.6847   
      1070:     32100.000000           1         -125.6826   
      1071:     32130.000000           1         -125.6752   
      1072:     32160.000000           1         -125.6705   
      1073:     32190.000000           1         -125.6617   
      1074:     32220.000000           1         -125.6605   
      1075:     32250.000000           1         -125.6554   
      1076:     32280.000000           1         -125.6481   
      1077:     32310.000000           1         -125.6461   
      1078:     32340.000000           1         -125.6314   
      1079:     32370.000000           1         -125.6254   
      1080:     32400.000000           1         -125.6233   
      1081:     32430.000000           1         -125.6326   
      1082:     32460.000000           1         -125.6281   
      1083:     32490.000000           1         -125.6261   
      1084:     32520.000000           1         -125.6213   
      1085:     32550.000000           1         -125.6172   
      1086:     32580.000000           1         -125.6102   
      1087:     32610.000000           1         -125.6105   
      1088:     32640.000000           1         -125.6055   
      1089:     32670.000000           1         -125.6022   
      1090:     32700.000000           1         -125.5937   
      1091:     32730.000000           1         -125.5927   
      1092:     32760.000000           1         -125.5819   
      1093:     32790.000000           1         -125.5853   
      1094:     32820.000000           1         -125.5893   
      1095:     32850.000000           1         -125.5885   
      1096:     32880.000000           1         -125.5806   
      1097:     32910.000000           1         -125.5833   
      1098:     32940.000000           1         -125.5670   
      1099:     32970.000000           1         -125.5643   
      1100:     33000.000000           1         -125.5575   
      1101:     33030.000000           1         -125.5460   
      1102:     33060.000000           1         -125.5446   
      1103:     33090.000000           1         -125.5391   
      1104:     33120.000000           1         -125.5378   
      1105:     33150.000000           1         -125.5339   
      1106:     33180.000000           1         -125.5264   
      1107:     33210.000000           1         -125.5204   
      1108:     33240.000000           1         -125.5134   
      1109:     33270.000000           1         -125.5044   
      1110:     33300.000000           1         -125.4967   
      1111:     33330.000000           1         -125.4806   
      1112:     33360.000000           1         -125.4746   
      1113:     33390.000000           1         -125.4666   
      1114:     33420.000000           1         -125.4552   
      1115:     33450.000000           1         -125.4458   
      1116:     33480.000000           1         -125.4350   
      1117:     33510.000000           1         -125.4239   
      1118:     33540.000000           1         -125.4183   
      1119:     33570.000000           1         -125.4091   
      1120:     33600.000000           1         -125.4025   
      1121:     33630.000000           1         -125.3965   
      1122:     33660.000000           1         -125.4000   
      1123:     33690.000000           1         -125.4076   
      1124:     33720.000000           1         -125.4020   
      1125:     33750.000000           1         -125.3960   
      1126:     33780.000000           1         -125.3890   
      1127:     33810.000000           1         -125.3844   
      1128:     33840.000000           1         -125.3870   
      1129:     33870.000000           1         -125.3739   
      1130:     33900.000000           1         -125.3730   
      1131:     33930.000000           1         -125.3705   
      1132:     33960.000000           1          -35.6403   
      1133:     33990.000000           1          -35.6344   
      1134:     34020.000000           1          -35.6127   
      1135:     34050.000000           1          -35.5986   
      1136:     34080.000000           1          -35.5842   
      1137:     34110.000000           1          -35.5802   
      1138:     34140.000000           1          -35.5771   
      1139:     34170.000000           1          -35.5617   
      1140:     34200.000000           1          -35.5534   
      1141:     34230.000000           1          -35.5545   
      1142:     34260.000000           1          -35.5530   
      1143:     34290.000000           1          -35.5531   
      1144:     34320.000000           1          -35.5447   
      1145:     34350.000000           1          -35.5362   
      1146:     34380.000000           1          -35.5289   
      1147:     34410.000000           1          -35.5296   
      1148:     34440.000000           1          -35.5266   
      1149:     34470.000000           1          -35.5190   
      1150:     34500.000000           1          -35.5029   
      1151:     34530.000000           1          -35.4998   
      1152:     34560.000000           1          -35.4870   
      1153:     34590.000000           1          -35.4719   
      1154:     34620.000000           1          -35.4671   
      1155:     34650.000000           1          -35.4646   
      1156:     34680.000000           1          -35.4588   
      1157:     34710.000000           1          -35.4544   
      1158:     34740.000000           1          -35.4531   
      1159:     34770.000000           1          -35.4510   
      1160:     34800.000000           1          -35.4460   
      1161:     34830.000000           1          -35.4401   
      1162:     34860.000000           1          -35.4369   
      1163:     34890.000000           1          -35.4294   
      1164:     34920.000000           1          -35.4243   
      1165:     34950.000000           1         -125.1451   
      1166:     34980.000000           1         -125.1368   
      1167:     35010.000000           1         -125.1339   
      1168:     35040.000000           1         -125.1305   
      1169:     35070.000000           1         -125.1283   
      1170:     35100.000000           1          -35.3944   
      1171:     35130.000000           1         -125.1086   
      1172:     35160.000000           1          -35.3605   
      1173:     35190.000000           1         -125.0879   
      1174:     35220.000000           1         -125.0806   
      1175:     35250.000000           1          -35.3378   
      1176:     35280.000000           1          -35.3308   
      1177:     35310.000000           1          -35.3210   
      1178:     35340.000000           1          -35.3178   
      1179:     35370.000000           1          -35.3110   
      1180:     35400.000000           1          -35.3000   
      1181:     35430.000000           1          -35.2957   
      1182:     35460.000000           1          -35.2875   
      1183:     35490.000000           1          -35.2795   
      1184:     35520.000000           1          -35.2697   
      1185:     35550.000000           1          -35.2612   
      1186:     35580.000000           1          -35.2540   
      1187:     35610.000000           1          -35.2472   
      1188:     35640.000000           1          -35.2391   
      1189:     35670.000000           1          -35.2319   
      1190:     35700.000000           1          -35.2292   
      1191:     35730.000000           1          -35.2225   
      1192:     35760.000000           1          -35.2151   
      1193:     35790.000000           1          -35.2073   
      1194:     35820.000000           1          -35.1965   
      1195:     35850.000000           1          -35.1833   
      1196:     35880.000000           1          -35.1712   
      1197:     35910.000000           1          -35.1610   
      1198:     35940.000000           1          -35.1494   
      1199:     35970.000000           1          -35.1444   
      1200:     36000.000000           1          -35.1327   
      1201:     36030.000000           1         -124.8608   
      1202:     36060.000000           1          -35.1274   
      1203:     36090.000000           1          -35.1301   
      1204:     36120.000000           1          -35.1297   
      1205:     36150.000000           1         -124.8489   
      1206:     36180.000000           1         -124.8501   
      1207:     36210.000000           1         -124.8541   
      1208:     36240.000000           1         -124.8470   
      1209:     36270.000000           1         -124.8575   
      1210:     36300.000000           1         -124.8485   
      1211:     36330.000000           1         -124.8464   
      1212:     36360.000000           1         -124.8487   
      1213:     36390.000000           1         -124.8445   
      1214:     36420.000000           1         -124.8376   
      1215:     36450.000000           1         -124.8329   
      1216:     36480.000000           1          -35.1048   
      1217:     36510.000000           1          -35.0999   
      1218:     36540.000000           1         -124.8237   
      1219:     36570.000000           1          -35.0967   
      1220:     36600.000000           1          -35.0904   
      1221:     36630.000000           1          -35.0828   
      1222:     36660.000000           1          -35.0824   
      1223:     36690.000000           1          -35.0711   
      1224:     36720.000000           1          -35.0707   
      1225:     36750.000000           1          -35.0643   
      1226:     36780.000000           1          -35.0589   
      1227:     36810.000000           1          -35.0550   
      1228:     36840.000000           1          -35.0535   
      1229:     36870.000000           1          -35.0492   
      1230:     36900.000000           1          -35.0420   
      1231:     36930.000000           1          -35.0417   
      1232:     36960.000000           1          -35.0400   
      1233:     36990.000000           1          -35.0354   
      1234:     37020.000000           1          -35.0307   
      1235:     37050.000000           1          -35.0295   
      1236:     37080.000000           1          -35.0267   
      1237:     37110.000000           1          -35.0213   
      1238:     37140.000000           1          -35.0208   
      1239:     37170.000000           1          -35.0211   
      1240:     37200.000000           1          -35.0267   
      1241:     37230.000000           1          -35.0275   
      1242:     37260.000000           1          -35.0243   
      1243:     37290.000000           1          -35.0167   
      1244:     37320.000000           1          -35.0149   
      1245:     37350.000000           1          -35.0054   
      1246:     37380.000000           1          -34.9997   
      1247:     37410.000000           1          -34.9919   
      1248:     37440.000000           1          -34.9917   
      1249:     37470.000000           1          -34.9839   
      1250:     37500.000000           1          -34.9747   
      1251:     37530.000000           1          -34.9705   
      1252:     37560.000000           1          -34.9717   
      1253:     37590.000000           1          -34.9646   
      1254:     37620.000000           1          -34.9607   
      1255:     37650.000000           1          -34.9563   
      1256:     37680.000000           1         -124.6705   
      1257:     37710.000000           1         -124.6691   
      1258:     37740.000000           1          -34.9384   
      1259:     37770.000000           1         -124.6420   
      1260:     37800.000000           1         -124.6330   
      1261:     37830.000000           1         -124.6272   
      1262:     37860.000000           1         -124.6220   
      1263:     37890.000000           1         -124.6158   
      1264:     37920.000000           1          -34.8934   
      1265:     37950.000000           1         -124.5917   
      1266:     37980.000000           1         -124.5863   
      1267:     38010.000000           1         -124.5852   
      1268:     38040.000000           1         -124.5786   
      1269:     38070.000000           1         -124.5768   
      1270:     38100.000000           1         -124.5659   
      1271:     38130.000000           1         -124.5612   
      1272:     38160.000000           1         -124.5644   
      1273:     38190.000000           1         -124.5573   
      1274:     38220.000000           1         -124.5568   
      1275:     38250.000000           1         -124.5559   
      1276:     38280.000000           1         -124.5514   
      1277:     38310.000000           1         -124.5439   
      1278:     38340.000000           1         -124.5409   
      1279:     38370.000000           1         -124.5384   
      1280:     38400.000000           1         -124.5443   
      1281:     38430.000000           1         -124.5420   
      1282:     38460.000000           1         -124.5424   
      1283:     38490.000000           1         -124.5412   
      1284:     38520.000000           1         -124.5378   
      1285:     38550.000000           1         -124.5269   
      1286:     38580.000000           1         -124.5233   
      1287:     38610.000000           1         -124.5228   
      1288:     38640.000000           1         -124.5172   
      1289:     38670.000000           1         -124.5180   
      1290:     38700.000000           1         -124.5181   
      1291:     38730.000000           1         -124.5103   
      1292:     38760.000000           1         -124.5062   
      1293:     38790.000000           1         -124.5054   
      1294:     38820.000000           1         -124.5111   
      1295:     38850.000000           1         -124.5052   
      1296:     38880.000000           1         -124.4985   
      1297:     38910.000000           1         -124.4951   
      1298:     38940.000000           1         -124.4919   
      1299:     38970.000000           1         -124.4870   
      1300:     39000.000000           1         -124.4828   
      1301:     39030.000000           1         -124.4817   
      1302:     39060.000000           1         -124.4765   
      1303:     39090.000000           1         -124.4736   
      1304:     39120.000000           1         -124.4601   
      1305:     39150.000000           1         -124.4571   
      1306:     39180.000000           1         -124.4588   
      1307:     39210.000000           1         -124.4588   
      1308:     39240.000000           1         -124.4529   
      1309:     39270.000000           1         -124.4550   
      1310:     39300.000000           1         -124.4544   
      1311:     39330.000000           1         -124.4522   
      1312:     39360.000000           1         -124.4490   
      1313:     39390.000000           1         -124.4493   
      1314:     39420.000000           1         -124.4492   
      1315:     39450.000000           1         -124.4469   
      1316:     39480.000000           1         -124.4474   
      1317:     39510.000000           1         -124.4406   
      1318:     39540.000000           1         -124.4401   
      1319:     39570.000000           1         -124.4343   
      1320:     39600.000000           1         -124.4323   
      1321:     39630.000000           1         -124.4252   
      1322:     39660.000000           1         -124.4231   
      1323:     39690.000000           1         -124.4215   
      1324:     39720.000000           1         -124.4224   
      1325:     39750.000000           1         -124.4196   
      1326:     39780.000000           1         -124.4168   
      1327:     39810.000000           1         -124.4114   
      1328:     39840.000000           1         -124.4068   
      1329:     39870.000000           1         -124.4047   
      1330:     39900.000000           1         -124.4032   
      1331:     39930.000000           1         -124.3997   
      1332:     39960.000000           1         -124.3951   
      1333:     39990.000000           1         -124.3978   
      1334:     40020.000000           1         -124.4021   
      1335:     40050.000000           1         -124.3971   
      1336:     40080.000000           1         -124.3958   
      1337:     40110.000000           1         -124.3878   
      1338:     40140.000000           1         -124.3903   
      1339:     40170.000000           1         -124.3897   
      1340:     40200.000000           1         -124.3861   
      1341:     40230.000000           1         -124.3820   
      1342:     40260.000000           1         -124.3763   
      1343:     40290.000000           1         -124.3755   
      1344:     40320.000000           1         -124.3703   
      1345:     40350.000000           1         -124.3684   
      1346:     40380.000000           1         -124.3660   
      1347:     40410.000000           1         -124.3595   
      1348:     40440.000000           1         -124.3608   
      1349:     40470.000000           1         -124.3572   
      1350:     40500.000000           1         -124.3530   
      1351:     40530.000000           1         -124.3479   
      1352:     40560.000000           1         -124.3435   
      1353:     40590.000000           1         -124.3431   
      1354:     40620.000000           1         -124.3392   
      1355:     40650.000000           1         -124.3340   
      1356:     40680.000000           1         -124.3304   
      1357:     40710.000000           1         -124.3241   
      1358:     40740.000000           1         -124.3211   
      1359:     40770.000000           1         -124.3235   
      1360:     40800.000000           1         -124.3164   
      1361:     40830.000000           1         -124.3165   
      1362:     40860.000000           1         -124.3153   
      1363:     40890.000000           1         -124.3125   
      1364:     40920.000000           1         -124.3106   
      1365:     40950.000000           1         -124.3072   
      1366:     40980.000000           1         -124.3047   
      1367:     41010.000000           1         -124.2994   
      1368:     41040.000000           1         -124.2967   
      1369:     41070.000000           1         -124.2939   
      1370:     41100.000000           1         -124.2923   
      1371:     41130.000000           1         -124.2874   
      1372:     41160.000000           1         -124.2855   
      1373:     41190.000000           1         -124.2822   
      1374:     41220.000000           1         -124.2852   
      1375:     41250.000000           1         -124.2858   
      1376:     41280.000000           1         -124.2868   
      1377:     41310.000000           1         -124.2792   
      1378:     41340.000000           1         -124.2805   
      1379:     41370.000000           1         -124.2843   
      1380:     41400.000000           1         -124.2865   
      1381:     41430.000000           1         -124.2843   
      1382:     41460.000000           1         -124.2829   
      1383:     41490.000000           1         -124.2769   
      1384:     41520.000000           1         -124.2768   
      1385:     41550.000000           1         -124.2765   
      1386:     41580.000000           1         -124.2776   
      1387:     41610.000000           1         -124.2779   
      1388:     41640.000000           1         -124.2773   
      1389:     41670.000000           1         -124.2757   
      1390:     41700.000000           1         -124.2740   
      1391:     41730.000000           1         -124.2792   
      1392:     41760.000000           1         -124.2829   
      1393:     41790.000000           1         -124.2857   
      1394:     41820.000000           1         -124.2839   
      1395:     41850.000000           1         -124.2873   
      1396:     41880.000000           1         -124.2884   
      1397:     41910.000000           1         -124.2861   
      1398:     41940.000000           1         -124.2842   
      1399:     41970.000000           1         -124.2867   
      1400:     42000.000000           1         -124.2849   
      1401:     42030.000000           1         -124.2827   
      1402:     42060.000000           1         -124.2828   
      1403:     42090.000000           1         -124.2836   
      1404:     42120.000000           1         -124.2849   
      1405:     42150.000000           1         -124.2897   
      1406:     42180.000000           1         -124.2908   
      1407:     42210.000000           1         -124.2921   
      1408:     42240.000000           1         -124.2931   
      1409:     42270.000000           1         -124.2985   
      1410:     42300.000000           1         -124.3005   
      1411:     42330.000000           1         -124.2987   
      1412:     42360.000000           1         -124.3010   
      1413:     42390.000000           1         -124.3087   
      1414:     42420.000000           1         -124.3106   
      1415:     42450.000000           1         -124.3130   
      1416:     42480.000000           1         -124.3150   
      1417:     42510.000000           1         -124.3178   
      1418:     42540.000000           1         -124.3162   
      1419:     42570.000000           1         -124.3150   
      1420:     42600.000000           1         -124.3146   
      1421:     42630.000000           1         -124.3108   
      1422:     42660.000000           1         -124.3057   
      1423:     42690.000000           1         -124.3036   
      1424:     42720.000000           1         -124.3052   
      1425:     42750.000000           1         -124.2995   
      1426:     42780.000000           1         -124.2900   
      1427:     42810.000000           1         -124.2862   
      1428:     42840.000000           1         -124.2850   
      1429:     42870.000000           1         -124.2850   
      1430:     42900.000000           1         -124.2851   
      1431:     42930.000000           1         -124.2818   
      1432:     42960.000000           1         -124.2826   
      1433:     42990.000000           1         -124.2841   
      1434:     43020.000000           1         -124.2816   
      1435:     43050.000000           1         -124.2832   
      1436:     43080.000000           1         -124.2829   
      1437:     43110.000000           1         -124.2801   
      1438:     43140.000000           1         -124.2750   
      1439:     43170.000000           1         -124.2704   
      1440:     43200.000000           1         -124.2656   
      1441:     43230.000000           1         -124.2604   
      1442:     43260.000000           1         -124.2593   
      1443:     43290.000000           1         -124.2561   
      1444:     43320.000000           1         -124.2565   
      1445:     43350.000000           1         -124.2564   
      1446:     43380.000000           1         -124.2542   
      1447:     43410.000000           1         -124.2493   
      1448:     43440.000000           1         -124.2465   
      1449:     43470.000000           1         -124.2479   
      1450:     43500.000000           1         -124.2475   
      1451:     43530.000000           1         -124.2463   
      1452:     43560.000000           1         -124.2424   
      1453:     43590.000000           1         -124.2415   
      1454:     43620.000000           1         -124.2393   
      1455:     43650.000000           1         -124.2350   
      1456:     43680.000000           1         -124.2353   
      1457:     43710.000000           1         -124.2374   
      1458:     43740.000000           1         -124.2470   
      1459:     43770.000000           1         -124.2549   
      1460:     43800.000000           1         -124.2568   
      1461:     43830.000000           1         -124.2560   
      1462:     43860.000000           1         -124.2567   
      1463:     43890.000000           1         -124.2564   
      1464:     43920.000000           1         -124.2570   
      1465:     43950.000000           1         -124.2548   
      1466:     43980.000000           1         -124.2537   
      1467:     44010.000000           1         -124.2463   
      1468:     44040.000000           1         -124.2432   
      1469:     44070.000000           1         -124.2409   
      1470:     44100.000000           1         -124.2335   
      1471:     44130.000000           1         -124.2314   
      1472:     44160.000000           1         -124.2354   
      1473:     44190.000000           1         -124.2402   
      1474:     44220.000000           1         -124.2461   
      1475:     44250.000000           1         -124.2462   
      1476:     44280.000000           1         -124.2451   
      1477:     44310.000000           1         -124.2470   
      1478:     44340.000000           1         -124.2462   
      1479:     44370.000000           1         -124.2462   
      1480:     44400.000000           1         -124.2462   
      1481:     44430.000000           1         -124.2484   
      1482:     44460.000000           1         -124.2533   
      1483:     44490.000000           1         -124.2549   
      1484:     44520.000000           1         -124.2597   
      1485:     44550.000000           1         -124.2639   
      1486:     44580.000000           1         -124.2707   
      1487:     44610.000000           1         -124.2744   
      1488:     44640.000000           1         -124.2729   
      1489:     44670.000000           1         -124.2705   
      1490:     44700.000000           1         -124.2717   
      1491:     44730.000000           1         -124.2763   
      1492:     44760.000000           1         -124.2774   
      1493:     44790.000000           1         -124.2727   
      1494:     44820.000000           1         -124.2673   
      1495:     44850.000000           1         -124.2635   
      1496:     44880.000000           1         -124.2576   
      1497:     44910.000000           1         -124.2535   
      1498:     44940.000000           1         -124.2499   
      1499:     44970.000000           1         -124.2485   
      1500:     45000.000000           1         -124.2435   
      1501:     45030.000000           1         -124.2467   
      1502:     45060.000000           1         -124.2527   
      1503:     45090.000000           1         -124.2578   
      1504:     45120.000000           1         -124.2659   
      1505:     45150.000000           1         -124.2740   
      1506:     45180.000000           1         -124.2762   
      1507:     45210.000000           1         -124.2812   
      1508:     45240.000000           1         -124.2879   
      1509:     45270.000000           1         -124.2874   
      1510:     45300.000000           1         -124.2904   
      1511:     45330.000000           1         -124.2951   
      1512:     45360.000000           1         -124.2955   
      1513:     45390.000000           1         -124.2950   
      1514:     45420.000000           1         -124.2958   
      1515:     45450.000000           1         -124.2946   
      1516:     45480.000000           1         -124.2940   
      1517:     45510.000000           1         -124.2951   
      1518:     45540.000000           1         -124.2952   
      1519:     45570.000000           1         -124.2943   
      1520:     45600.000000           1         -124.2938   
      1521:     45630.000000           1         -124.2925   
      1522:     45660.000000           1         -124.2873   
      1523:     45690.000000           1         -124.2865   
      1524:     45720.000000           1         -124.2879   
      1525:     45750.000000           1         -124.2897   
      1526:     45780.000000           1         -124.2931   
      1527:     45810.000000           1           42.7629   
      1528:     45840.000000           1         -124.1580   
      1529:     45870.000000           1           42.7791   
      1530:     45900.000000           1         -124.5172   
      1531:     45930.000000           1         -124.4528   
      1532:     45960.000000           1         -124.3534   
      1533:     45990.000000           1         -124.3989   
      1534:     46020.000000           1         -124.4242   
      1535:     46050.000000           1         -124.4244   
      1536:     46080.000000           1         -124.4218   
      1537:     46110.000000           1           42.8115   
      1538:     46140.000000           1         -124.3333   
      1539:     46170.000000           1         -124.3297   
      1540:     46200.000000           1         -124.2859   
      1541:     46230.000000           1         -124.3244   
      1542:     46260.000000           1         -124.3764   
      1543:     46290.000000           1         -124.3931   
      1544:     46320.000000           1         -124.3928   
      1545:     46350.000000           1           42.8115   
      1546:     46380.000000           1         -124.4256   
      1547:     46410.000000           1         -124.4560   
      1548:     46440.000000           1         -124.4335   
      1549:     46470.000000           1         -124.3869   
      1550:     46500.000000           1         -124.3967   
      1551:     46530.000000           1         -124.3902   
      1552:     46560.000000           1         -124.4005   
      1553:     46590.000000           1         -124.3708   
      1554:     46620.000000           1         -124.3712   
      1555:     46650.000000           1         -124.3602   
      1556:     46680.000000           1         -124.3787   
      1557:     46710.000000           1         -124.3812   
      1558:     46740.000000           1         -124.3970   
      1559:     46770.000000           1         -124.4024   
      1560:     46800.000000           1           42.7125   
      1561:     46830.000000           1         -124.6555   
      1562:     46860.000000           1         -124.6154   
      1563:     46890.000000           1         -124.6285   
      1564:     46920.000000           1         -124.5931   
      1565:     46950.000000           1         -124.5619   
      1566:     46980.000000           1         -124.5722   
      1567:     47010.000000           1         -124.5355   
      1568:     47040.000000           1         -124.5177   
      1569:     47070.000000           1         -124.5113   
      1570:     47100.000000           1         -124.5188   
      1571:     47130.000000           1         -124.5231   
      1572:     47160.000000           1         -124.5384   
      1573:     47190.000000           1         -124.5452   
      1574:     47220.000000           1           42.6498   
      1575:     47250.000000           1         -707.1478   
      1576:     47280.000000           1         -707.0645   
      1577:     47310.000000           1         -706.9976   
      1578:     47340.000000           1         -706.8903   
      1579:     47370.000000           1         -706.9019   
      1580:     47400.000000           1         -706.8891   
      1581:     47430.000000           1           42.6365   
      1582:     47460.000000           1           42.6308   
      1583:     47490.000000           1           42.6246   
      1584:     47520.000000           1           42.6192   
      1585:     47550.000000           1           42.6098   
      1586:     47580.000000           1           42.6046   
      1587:     47610.000000           1           42.6006   
      1588:     47640.000000           1           42.5947   
      1589:     47670.000000           1           42.5894   
      1590:     47700.000000           1           42.5889   
      1591:     47730.000000           1           42.5848   
      1592:     47760.000000           1           42.5807   
      1593:     47790.000000           1           42.5795   
      1594:     47820.000000           1           42.5821   
      1595:     47850.000000           1           42.5811   
      1596:     47880.000000           1           42.5798   
      1597:     47910.000000           1           42.5781   
      1598:     47940.000000           1           42.5807   
      1599:     47970.000000           1           42.5799   
      1600:     48000.000000           1           42.5799   
      1601:     48030.000000           1           42.5828   
      1603:     48090.000000           1           42.5865   
      1604:     48120.000000           1           42.5857   
      1605:     48150.000000           1           42.5866   
      1606:     48180.000000           1           42.5814   
      1607:     48210.000000           1           42.5755   
      2169:     65070.000000           1          148.1303   
      2170:     65100.000000           1          148.1334   
      2172:     65160.000000           1          148.1377   
      2173:     65190.000000           1          148.1365   
      2174:     65220.000000           1          148.1376   
      2175:     65250.000000           1          148.1361   
      2176:     65280.000000           1          148.1331   
      2177:     65310.000000           1          148.1325   
      2178:     65340.000000           1          148.1315   
      2179:     65370.000000           1          148.1297   
      2180:     65400.000000           1          148.1319   
      2181:     65430.000000           1          148.1339   
      2182:     65460.000000           1          148.1386   
      2183:     65490.000000           1          148.1400   
      2184:     65520.000000           1          148.1445   
      2185:     65550.000000           1          148.1482   
      2186:     65580.000000           1          148.1490   
      2187:     65610.000000           1          148.1518   
      2188:     65640.000000           1          148.1549   
      2189:     65670.000000           1          -18.5201   
      2190:     65700.000000           1          148.3822   
      2191:     65730.000000           1          148.2949   
      2192:     65760.000000           1          148.2851   
      2193:     65790.000000           1          148.2988   
      2194:     65820.000000           1          148.2852   
      2195:     65850.000000           1          148.2879   
      2196:     65880.000000           1          148.3113   
      2197:     65910.000000           1          148.3085   
      2198:     65940.000000           1          148.3032   
      2199:     65970.000000           1          148.3160   
      2200:     66000.000000           1          148.3329   
      2201:     66030.000000           1          148.3067   
      2202:     66060.000000           1          148.3150   
      2203:     66090.000000           1          148.3114   
      2204:     66120.000000           1          148.3123   
      2205:     66150.000000           1          148.3108   
      2206:     66180.000000           1          148.3178   
      2207:     66210.000000           1          148.3183   
      2208:     66240.000000           1          148.3153   
      2209:     66270.000000           1          148.3130   
      2210:     66300.000000           1          148.3146   
      2211:     66330.000000           1          148.3179   
      2212:     66360.000000           1          148.3169   
      2213:     66390.000000           1          148.3143   
      2214:     66420.000000           1          148.3111   
      2215:     66450.000000           1          148.3072   
      2216:     66480.000000           1          148.3060   
      2217:     66510.000000           1          148.3063   
      2218:     66540.000000           1          148.3094   
      2219:     66570.000000           1          -18.4673   
      2220:     66600.000000           1          -18.4638   
      2221:     66630.000000           1          -18.4624   
      2222:     66660.000000           1          -18.4597   
      2223:     66690.000000           1          -18.4567   
      2224:     66720.000000           1          -18.4558   
      2225:     66750.000000           1          -18.4549   
      2226:     66780.000000           1          -18.4568   
      2227:     66810.000000           1          -18.4538   
      2228:     66840.000000           1          -18.4556   
      2229:     66870.000000           1          -18.4540   
      2230:     66900.000000           1          -18.4513   
      2231:     66930.000000           1          -18.4494   
      2232:     66960.000000           1          -18.4488   
      2233:     66990.000000           1          -18.4444   
      2234:     67020.000000           1          -18.4437   
      2235:     67050.000000           1          -18.4476   
      2236:     67080.000000           1          -18.4478   
      2237:     67110.000000           1          -18.4486   
      2238:     67140.000000           1          -18.4480   
      2239:     67170.000000           1          -18.4481   
      2240:     67200.000000           1          -18.4476   
      2241:     67230.000000           1          -18.4446   
      2242:     67260.000000           1          -18.4449   
      2243:     67290.000000           1          -18.4440   
      2244:     67320.000000           1          -18.4412   
      2245:     67350.000000           1          303.0644   
      2246:     67380.000000           1          303.0682   
      2247:     67410.000000           1          303.0683   
      2248:     67440.000000           1          303.0873   
      2249:     67470.000000           1          303.0654   
      2250:     67500.000000           1          303.0515   
      2251:     67530.000000           1          303.0387   
      2252:     67560.000000           1          303.0395   
      2253:     67590.000000           1          303.0570   
      2254:     67620.000000           1          303.0676   
      2255:     67650.000000           1          303.0719   
      2256:     67680.000000           1          303.0660   
      2257:     67710.000000           1          303.0705   
      2258:     67740.000000           1          303.0679   
      2259:     67770.000000           1          303.0711   
      2260:     67800.000000           1          303.0762   
      2261:     67830.000000           1          303.0904   
      2262:     67860.000000           1          303.1030   
      2263:     67890.000000           1          303.1130   
      2264:     67920.000000           1          303.1243   
      2265:     67950.000000           1          303.1340   
      2266:     67980.000000           1          303.1439   
      2267:     68010.000000           1          303.1433   
      2268:     68040.000000           1          303.1395   
      2269:     68070.000000           1          303.1468   
      2270:     68100.000000           1          303.1508   
      2271:     68130.000000           1          303.1570   
      2272:     68160.000000           1          303.1764   
      2273:     68190.000000           1          303.1810   
      2274:     68220.000000           1          303.1925   
      2275:     68250.000000           1          303.1984   
      2276:     68280.000000           1          303.2045   
      2277:     68310.000000           1          303.2052   
      2278:     68340.000000           1          303.2148   
      2279:     68370.000000           1          303.2182   
      2280:     68400.000000           1          303.2191   
      2281:     68430.000000           1          303.2246   
      2282:     68460.000000           1          303.2290   
      2283:     68490.000000           1          303.2361   
      2284:     68520.000000           1          303.2449   
      2285:     68550.000000           1          303.2489   
      2286:     68580.000000           1          303.2545   
      2287:     68610.000000           1          303.2621   
      2288:     68640.000000           1          303.2675   
      2289:     68670.000000           1          303.2705   
      2290:     68700.000000           1          303.2743   
      2291:     68730.000000           1          303.2715   
      2292:     68760.000000           1          303.2754   
      2293:     68790.000000           1          303.2824   
      2294:     68820.000000           1          303.2854   
      2295:     68850.000000           1          303.2883   
      2296:     68880.000000           1          303.2918   
      2297:     68910.000000           1          303.2957   
      2298:     68940.000000           1          303.3027   
      2299:     68970.000000           1          303.3044   
      2300:     69000.000000           1          303.3103   
      2301:     69030.000000           1          303.3163   
      2302:     69060.000000           1          303.3254   
      2303:     69090.000000           1          303.3372   
      2304:     69120.000000           1          303.3492   
      2305:     69150.000000           1          303.3546   
      2306:     69180.000000           1          303.3526   
      2307:     69210.000000           1          303.3559   
      2308:     69240.000000           1          303.3633   
      2309:     69270.000000           1          303.3692   
      2310:     69300.000000           1          303.3746   
      2311:     69330.000000           1          303.3806   
      2312:     69360.000000           1          303.3891   
      2313:     69390.000000           1          303.3966   
      2314:     69420.000000           1          303.4004   
      2315:     69450.000000           1          303.4066   
      2316:     69480.000000           1          303.4135   
      2317:     69510.000000           1          303.4164   
      2318:     69540.000000           1          303.4202   
      2319:     69570.000000           1          303.4241   
      2320:     69600.000000           1          303.4303   
      2321:     69630.000000           1          303.4340   
      2322:     69660.000000           1          303.4489   
      2323:     69690.000000           1          303.4478   
      2324:     69720.000000           1          303.4467   
      2325:     69750.000000           1          303.4489   
      2326:     69780.000000           1          303.4527   
      2327:     69810.000000           1          303.4543   
      2328:     69840.000000           1          303.4610   
      2329:     69870.000000           1          303.4639   
      2330:     69900.000000           1          303.4668   
      2331:     69930.000000           1          303.4691   
      2332:     69960.000000           1          303.4688   
      2333:     69990.000000           1          303.4730   
      2334:     70020.000000           1          303.4759   
      2335:     70050.000000           1          303.4785   
      2336:     70080.000000           1          303.4798   
      2337:     70110.000000           1          303.4845   
      2338:     70140.000000           1          303.4868   
      2339:     70170.000000           1          303.4947   
      2340:     70200.000000           1          303.4993   
      2341:     70230.000000           1          303.5038   
      2342:     70260.000000           1          303.5095   
      2343:     70290.000000           1          303.5100   
      2344:     70320.000000           1          303.5160   
      2345:     70350.000000           1          303.5201   
      2346:     70380.000000           1          303.5214   
      2347:     70410.000000           1          303.5204   
      2348:     70440.000000           1          303.5172   
      2349:     70470.000000           1          303.5129   
      2350:     70500.000000           1          303.5129   
      2351:     70530.000000           1          303.5099   
      2352:     70560.000000           1           15.8545   
      2353:     70590.000000           1           15.8587   
      2354:     70620.000000           1           15.8668   
      2355:     70650.000000           1           15.8773   
      2356:     70680.000000           1           15.9006   
      2357:     70710.000000           1           15.9167   
      2358:     70740.000000           1           15.9272   
      2359:     70770.000000           1           15.9200   
      2360:     70800.000000           1           15.9048   
      2361:     70830.000000           1           15.8967   
      2362:     70860.000000           1           15.8932   
      2363:     70890.000000           1           15.8889   
      2364:     70920.000000           1           15.8816   
      2365:     70950.000000           1           15.8748   
      2366:     70980.000000           1           15.8737   
      2367:     71010.000000           1           15.8748   
      2368:     71040.000000           1           15.8730   
      2369:     71070.000000           1           15.8683   
      2370:     71100.000000           1           15.8760   
      2371:     71130.000000           1           15.8847   
      2372:     71160.000000           1           15.8958   
      2373:     71190.000000           1           15.9041   
      2374:     71220.000000           1           15.9094   
      2375:     71250.000000           1           15.9138   
      2376:     71280.000000           1           15.9142   
      2377:     71310.000000           1           15.9130   
      2378:     71340.000000           1           15.9135   
      2379:     71370.000000           1           15.9114   
      2380:     71400.000000           1           15.9102   
      2381:     71430.000000           1           15.9116   
      2382:     71460.000000           1           15.9104   
      2383:     71490.000000           1           15.9077   
      2384:     71520.000000           1           15.9125   
      2385:     71550.000000           1           15.9121   
      2386:     71580.000000           1           15.9132   
      2387:     71610.000000           1           15.9145   
      2388:     71640.000000           1           15.9090   
      2389:     71670.000000           1           15.9100   
      2390:     71700.000000           1           15.9094   
      2391:     71730.000000           1           15.9066   
      2392:     71760.000000           1           15.9040   
      2393:     71790.000000           1           15.8987   
      2394:     71820.000000           1           15.8970   
      2395:     71850.000000           1           15.8949   
      2396:     71880.000000           1           15.8958   
      2397:     71910.000000           1           15.8949   
      2398:     71940.000000           1           15.8944   
      2399:     71970.000000           1           15.8962   
      2400:     72000.000000           1           15.8948   
      2401:     72030.000000           1           15.8980   
      2402:     72060.000000           1           15.8969   
      2403:     72090.000000           1           15.8931   
      2404:     72120.000000           1           15.8890   
      2405:     72150.000000           1           15.8836   
      2406:     72180.000000           1           15.8797   
      2407:     72210.000000           1           15.8765   
      2408:     72240.000000           1           15.8725   
      2409:     72270.000000           1           15.8720   
      2410:     72300.000000           1           15.8694   
      2411:     72330.000000           1           15.8699   
      2412:     72360.000000           1           15.8710   
      2413:     72390.000000           1           15.8724   
      2414:     72420.000000           1           15.8758   
      2415:     72450.000000           1           15.8801   
      2416:     72480.000000           1           15.8843   
      2417:     72510.000000           1           15.8818   
      2418:     72540.000000           1           15.8839   
      2419:     72570.000000           1           15.8802   
      2420:     72600.000000           1           15.8800   
      2421:     72630.000000           1           15.8808   
