      1132:     33960.000000           1         -125.3597   
      1133:     33990.000000           1         -125.3535   
      1134:     34020.000000           1         -125.3315   
      1135:     34050.000000           1         -125.3178   
      1136:     34080.000000           1         -125.3044   
      1137:     34110.000000           1         -125.3012   
      1138:     34140.000000           1         -125.2984   
      1139:     34170.000000           1         -125.2829   
      1140:     34200.000000           1         -125.2746   
      1141:     34230.000000           1         -125.2759   
      1142:     34260.000000           1         -125.2744   
      1143:     34290.000000           1         -125.2749   
      1144:     34320.000000           1         -125.2666   
      1145:     34350.000000           1         -125.2585   
      1146:     34380.000000           1         -125.2517   
      1147:     34410.000000           1         -125.2531   
      1148:     34440.000000           1         -125.2508   
      1149:     34470.000000           1         -125.2434   
      1150:     34500.000000           1         -125.2279   
      1151:     34530.000000           1         -125.2256   
      1152:     34560.000000           1         -125.2136   
      1153:     34590.000000           1         -125.1990   
      1154:     34620.000000           1         -125.1952   
      1155:     34650.000000           1         -125.1937   
      1156:     34680.000000           1         -125.1886   
      1157:     34710.000000           1         -125.1850   
      1158:     34740.000000           1         -125.1845   
      1159:     34770.000000           1         -125.1834   
      1160:     34800.000000           1         -125.1789   
      1161:     34830.000000           1         -125.1731   
      1162:     34860.000000           1         -125.1700   
      1163:     34890.000000           1         -125.1624   
      1164:     34920.000000           1         -125.1575   
      1165:     34950.000000           1           33.6542   
      1166:     34980.000000           1           33.7808   
      1167:     35010.000000           1           33.6771   
      1168:     35040.000000           1           33.6518   
      1169:     35070.000000           1           33.7044   
      1170:     35100.000000           1         -125.1282   
      1171:     35130.000000           1           33.7419   
      1172:     35160.000000           1         -125.0952   
      1173:     35190.000000           1           33.7139   
      1174:     35220.000000           1           33.7505   
      1175:     35250.000000           1         -125.0725   
      1176:     35280.000000           1         -125.0657   
      1177:     35310.000000           1         -125.0559   
      1178:     35340.000000           1         -125.0529   
      1179:     35370.000000           1         -125.0463   
      1180:     35400.000000           1         -125.0356   
      1181:     35430.000000           1         -125.0316   
      1182:     35460.000000           1         -125.0240   
      1183:     35490.000000           1         -125.0161   
      1184:     35520.000000           1         -125.0068   
      1185:     35550.000000           1         -124.9986   
      1186:     35580.000000           1         -124.9915   
      1187:     35610.000000           1         -124.9848   
      1188:     35640.000000           1         -124.9767   
      1189:     35670.000000           1         -124.9694   
      1190:     35700.000000           1         -124.9667   
      1191:     35730.000000           1         -124.9596   
      1192:     35760.000000           1         -124.9520   
      1193:     35790.000000           1         -124.9439   
      1194:     35820.000000           1         -124.9325   
      1195:     35850.000000           1         -124.9187   
      1196:     35880.000000           1         -124.9059   
      1197:     35910.000000           1         -124.8945   
      1198:     35940.000000           1         -124.8816   
      1199:     35970.000000           1         -124.8761   
      1200:     36000.000000           1         -124.8638   
      1201:     36030.000000           1           33.9551   
      1202:     36060.000000           1         -124.8579   
      1203:     36090.000000           1         -124.8601   
      1204:     36120.000000           1         -124.8595   
      1205:     36150.000000           1           33.9590   
      1206:     36180.000000           1           33.9574   
      1207:     36210.000000           1           33.9516   
      1208:     36240.000000           1           33.9588   
      1209:     36270.000000           1           33.9572   
      1210:     36300.000000           1           33.9616   
      1211:     36330.000000           1           33.9627   
      1212:     36360.000000           1           33.9598   
      1213:     36390.000000           1           33.9637   
      1214:     36420.000000           1           33.9697   
      1215:     36450.000000           1           33.9671   
      1216:     36480.000000           1         -124.8328   
      1217:     36510.000000           1         -124.8282   
      1218:     36540.000000           1           33.9592   
      1219:     36570.000000           1         -124.8246   
      1220:     36600.000000           1         -124.8181   
      1221:     36630.000000           1         -124.8103   
      1222:     36660.000000           1         -124.8098   
      1223:     36690.000000           1         -124.7984   
      1224:     36720.000000           1         -124.7977   
      1225:     36750.000000           1         -124.7910   
      1226:     36780.000000           1         -124.7856   
      1227:     36810.000000           1         -124.7815   
      1228:     36840.000000           1         -124.7797   
      1229:     36870.000000           1         -124.7754   
      1230:     36900.000000           1         -124.7678   
      1231:     36930.000000           1         -124.7674   
      1232:     36960.000000           1         -124.7657   
      1233:     36990.000000           1         -124.7610   
      1234:     37020.000000           1         -124.7563   
      1235:     37050.000000           1         -124.7550   
      1236:     37080.000000           1         -124.7522   
      1237:     37110.000000           1         -124.7467   
      1238:     37140.000000           1         -124.7461   
      1239:     37170.000000           1         -124.7463   
      1240:     37200.000000           1         -124.7520   
      1241:     37230.000000           1         -124.7528   
      1242:     37260.000000           1         -124.7495   
      1243:     37290.000000           1         -124.7417   
      1244:     37320.000000           1         -124.7398   
      1245:     37350.000000           1         -124.7300   
      1246:     37380.000000           1         -124.7239   
      1247:     37410.000000           1         -124.7160   
      1248:     37440.000000           1         -124.7158   
      1249:     37470.000000           1         -124.7078   
      1250:     37500.000000           1         -124.6983   
      1251:     37530.000000           1         -124.6939   
      1252:     37560.000000           1         -124.6950   
      1253:     37590.000000           1         -124.6879   
      1254:     37620.000000           1         -124.6838   
      1255:     37650.000000           1         -124.6792   
      1256:     37680.000000           1           34.0583   
      1257:     37710.000000           1           34.0609   
      1258:     37740.000000           1         -124.6604   
      1259:     37770.000000           1           33.9734   
      1260:     37800.000000           1           34.0664   
      1261:     37830.000000           1           34.1073   
      1262:     37860.000000           1           34.1307   
      1263:     37890.000000           1           34.1185   
      1264:     37920.000000           1         -124.6125   
      1265:     37950.000000           1           34.0821   
      1266:     37980.000000           1           34.0746   
      1267:     38010.000000           1           34.1432   
      1268:     38040.000000           1           34.1271   
      1269:     38070.000000           1           34.1301   
      1270:     38100.000000           1           34.1240   
      1271:     38130.000000           1           34.1456   
      1272:     38160.000000           1           34.1366   
      1273:     38190.000000           1           34.1429   
      1274:     38220.000000           1           34.1444   
      1275:     38250.000000           1           34.1489   
      1276:     38280.000000           1           34.1498   
      1277:     38310.000000           1           34.1542   
      1278:     38340.000000           1           34.1617   
      1279:     38370.000000           1           34.1680   
      1280:     38400.000000           1           34.1652   
      1281:     38430.000000           1           34.1662   
      1282:     38460.000000           1           34.1627   
      1283:     38490.000000           1           34.1585   
      1284:     38520.000000           1           34.1573   
      1285:     38550.000000           1           34.1691   
      1286:     38580.000000           1           34.1744   
      1287:     38610.000000           1           34.1750   
      1288:     38640.000000           1           34.1766   
      1289:     38670.000000           1           34.1736   
      1290:     38700.000000           1           34.1709   
      1291:     38730.000000           1           34.1761   
      1292:     38760.000000           1           34.1762   
      1293:     38790.000000           1           34.1745   
      1294:     38820.000000           1           34.1682   
      1295:     38850.000000           1           34.1748   
      1296:     38880.000000           1           34.1815   
      1297:     38910.000000           1           34.1838   
      1298:     38940.000000           1           34.1844   
      1299:     38970.000000           1           34.1855   
      1300:     39000.000000           1           34.1885   
      1301:     39030.000000           1           34.1869   
      1302:     39060.000000           1           34.1906   
      1303:     39090.000000           1           34.1941   
      1304:     39120.000000           1           34.2071   
      1305:     39150.000000           1           34.2112   
      1306:     39180.000000           1           34.2098   
      1307:     39210.000000           1           34.2073   
      1308:     39240.000000           1           34.2112   
      1309:     39270.000000           1           34.2087   
      1310:     39300.000000           1           34.2080   
      1311:     39330.000000           1           34.2088   
      1312:     39360.000000           1           34.2128   
      1313:     39390.000000           1           34.2122   
      1314:     39420.000000           1           34.2128   
      1315:     39450.000000           1           34.2106   
      1316:     39480.000000           1           34.2089   
      1317:     39510.000000           1           34.2156   
      1318:     39540.000000           1           34.2159   
      1319:     39570.000000           1           34.2235   
      1320:     39600.000000           1           34.2262   
      1321:     39630.000000           1           34.2323   
      1322:     39660.000000           1           34.2319   
      1323:     39690.000000           1           34.2326   
      1324:     39720.000000           1           34.2320   
      1325:     39750.000000           1           34.2354   
      1326:     39780.000000           1           34.2396   
      1327:     39810.000000           1           34.2466   
      1328:     39840.000000           1           34.2530   
      1329:     39870.000000           1           34.2556   
      1330:     39900.000000           1           34.2583   
      1331:     39930.000000           1           34.2612   
      1332:     39960.000000           1           34.2679   
      1333:     39990.000000           1           34.2665   
      1334:     40020.000000           1           34.2622   
      1335:     40050.000000           1           34.2671   
      1336:     40080.000000           1           34.2669   
      1337:     40110.000000           1           34.2747   
      1338:     40140.000000           1           34.2712   
      1339:     40170.000000           1           34.2706   
      1340:     40200.000000           1           34.2737   
      1341:     40230.000000           1           34.2768   
      1342:     40260.000000           1           34.2818   
      1343:     40290.000000           1           34.2822   
      1344:     40320.000000           1           34.2871   
      1345:     40350.000000           1           34.2891   
      1346:     40380.000000           1           34.2926   
      1347:     40410.000000           1           34.3001   
      1348:     40440.000000           1           34.3000   
      1349:     40470.000000           1           34.3034   
      1350:     40500.000000           1           34.3086   
      1351:     40530.000000           1           34.3128   
      1352:     40560.000000           1           34.3174   
      1353:     40590.000000           1           34.3181   
      1354:     40620.000000           1           34.3236   
      1355:     40650.000000           1           34.3299   
      1356:     40680.000000           1           34.3332   
      1357:     40710.000000           1           34.3399   
      1358:     40740.000000           1           34.3422   
      1359:     40770.000000           1           34.3385   
      1360:     40800.000000           1           34.3440   
      1361:     40830.000000           1           34.3439   
      1362:     40860.000000           1           34.3450   
      1363:     40890.000000           1           34.3485   
      1364:     40920.000000           1           34.3519   
      1365:     40950.000000           1           34.3557   
      1366:     40980.000000           1           34.3584   
      1367:     41010.000000           1           34.3653   
      1368:     41040.000000           1           34.3687   
      1369:     41070.000000           1           34.3723   
      1370:     41100.000000           1           34.3751   
      1371:     41130.000000           1           34.3804   
      1372:     41160.000000           1           34.3828   
      1373:     41190.000000           1           34.3864   
      1374:     41220.000000           1           34.3835   
      1375:     41250.000000           1           34.3831   
      1376:     41280.000000           1           34.3825   
      1377:     41310.000000           1           34.3922   
      1378:     41340.000000           1           34.3900   
      1379:     41370.000000           1           34.3849   
      1380:     41400.000000           1           34.3829   
      1381:     41430.000000           1           34.3866   
      1382:     41460.000000           1           34.3896   
      1383:     41490.000000           1           34.3967   
      1384:     41520.000000           1           34.3965   
      1385:     41550.000000           1           34.3969   
      1386:     41580.000000           1           34.3946   
      1387:     41610.000000           1           34.3940   
      1388:     41640.000000           1           34.3943   
      1389:     41670.000000           1           34.3948   
      1390:     41700.000000           1           34.3957   
      1391:     41730.000000           1           34.3893   
      1392:     41760.000000           1           34.3848   
      1393:     41790.000000           1           34.3822   
      1394:     41820.000000           1           34.3839   
      1395:     41850.000000           1           34.3799   
      1396:     41880.000000           1           34.3783   
      1397:     41910.000000           1           34.3807   
      1398:     41940.000000           1           34.3831   
      1399:     41970.000000           1           34.3807   
      1400:     42000.000000           1           34.3830   
      1401:     42030.000000           1           34.3853   
      1402:     42060.000000           1           34.3853   
      1403:     42090.000000           1           34.3856   
      1404:     42120.000000           1           34.3859   
      1405:     42150.000000           1           34.3819   
      1406:     42180.000000           1           34.3814   
      1407:     42210.000000           1           34.3805   
      1408:     42240.000000           1           34.3805   
      1409:     42270.000000           1           34.3758   
      1410:     42300.000000           1           34.3744   
      1411:     42330.000000           1           34.3769   
      1412:     42360.000000           1           34.3748   
      1413:     42390.000000           1           34.3676   
      1414:     42420.000000           1           34.3669   
      1415:     42450.000000           1           34.3655   
      1416:     42480.000000           1           34.3645   
      1417:     42510.000000           1           34.3623   
      1418:     42540.000000           1           34.3642   
      1419:     42570.000000           1           34.3659   
      1420:     42600.000000           1           34.3670   
      1421:     42630.000000           1           34.3713   
      1422:     42660.000000           1           34.3772   
      1423:     42690.000000           1           34.3794   
      1424:     42720.000000           1           34.3777   
      1425:     42750.000000           1           34.3834   
      1426:     42780.000000           1           34.3930   
      1427:     42810.000000           1           34.3966   
      1428:     42840.000000           1           34.3973   
      1429:     42870.000000           1           34.3972   
      1430:     42900.000000           1           34.3971   
      1431:     42930.000000           1           34.4005   
      1432:     42960.000000           1           34.3999   
      1433:     42990.000000           1           34.3983   
      1434:     43020.000000           1           34.4007   
      1435:     43050.000000           1           34.3992   
      1436:     43080.000000           1           34.3995   
      1437:     43110.000000           1           34.4027   
      1438:     43140.000000           1           34.4098   
      1439:     43170.000000           1           34.4175   
      1440:     43200.000000           1           34.4236   
      1441:     43230.000000           1           34.4299   
      1442:     43260.000000           1           34.4322   
      1443:     43290.000000           1           34.4358   
      1444:     43320.000000           1           34.4358   
      1445:     43350.000000           1           34.4369   
      1446:     43380.000000           1           34.4394   
      1447:     43410.000000           1           34.4455   
      1448:     43440.000000           1           34.4491   
      1449:     43470.000000           1           34.4488   
      1450:     43500.000000           1           34.4499   
      1451:     43530.000000           1           34.4522   
      1452:     43560.000000           1           34.4572   
      1453:     43590.000000           1           34.4587   
      1454:     43620.000000           1           34.4615   
      1455:     43650.000000           1           34.4659   
      1456:     43680.000000           1           34.4659   
      1457:     43710.000000           1           34.4639   
      1458:     43740.000000           1           34.4544   
      1459:     43770.000000           1           34.4468   
      1460:     43800.000000           1           34.4460   
      1461:     43830.000000           1           34.4466   
      1462:     43860.000000           1           34.4462   
      1463:     43890.000000           1           34.4467   
      1464:     43920.000000           1           34.4465   
      1465:     43950.000000           1           34.4491   
      1466:     43980.000000           1           34.4509   
      1467:     44010.000000           1           34.4600   
      1468:     44040.000000           1           34.4643   
      1469:     44070.000000           1           34.4673   
      1470:     44100.000000           1           34.4761   
      1471:     44130.000000           1           34.4794   
      1472:     44160.000000           1           34.4750   
      1473:     44190.000000           1           34.4703   
      1474:     44220.000000           1           34.4644   
      1475:     44250.000000           1           34.4641   
      1476:     44280.000000           1           34.4651   
      1477:     44310.000000           1           34.4629   
      1478:     44340.000000           1           34.4634   
      1479:     44370.000000           1           34.4635   
      1480:     44400.000000           1           34.4635   
      1481:     44430.000000           1           34.4611   
      1482:     44460.000000           1           34.4561   
      1483:     44490.000000           1           34.4544   
      1484:     44520.000000           1           34.4495   
      1485:     44550.000000           1           34.4455   
      1486:     44580.000000           1           34.4393   
      1487:     44610.000000           1           34.4362   
      1488:     44640.000000           1           34.4383   
      1489:     44670.000000           1           34.4409   
      1490:     44700.000000           1           34.4400   
      1491:     44730.000000           1           34.4358   
      1492:     44760.000000           1           34.4353   
      1493:     44790.000000           1           34.4406   
      1494:     44820.000000           1           34.4466   
      1495:     44850.000000           1           34.4510   
      1496:     44880.000000           1           34.4577   
      1497:     44910.000000           1           34.4626   
      1498:     44940.000000           1           34.4667   
      1499:     44970.000000           1           34.4691   
      1500:     45000.000000           1           34.4750   
      1501:     45030.000000           1           34.4724   
      1502:     45060.000000           1           34.4669   
      1503:     45090.000000           1           34.4622   
      1504:     45120.000000           1           34.4543   
      1505:     45150.000000           1           34.4462   
      1506:     45180.000000           1           34.4441   
      1507:     45210.000000           1           34.4393   
      1508:     45240.000000           1           34.4329   
      1509:     45270.000000           1           34.4337   
      1510:     45300.000000           1           34.4307   
      1511:     45330.000000           1           34.4261   
      1512:     45360.000000           1           34.4261   
      1513:     45390.000000           1           34.4269   
      1514:     45420.000000           1           34.4260   
      1515:     45450.000000           1           34.4272   
      1516:     45480.000000           1           34.4278   
      1517:     45510.000000           1           34.4263   
      1518:     45540.000000           1           34.4260   
      1519:     45570.000000           1           34.4266   
      1520:     45600.000000           1           34.4270   
      1521:     45630.000000           1           34.4281   
      1522:     45660.000000           1           34.4332   
      1523:     45690.000000           1           34.4338   
      1524:     45720.000000           1           34.4324   
      1525:     45750.000000           1           34.4305   
      1526:     45780.000000           1           34.4272   
      1527:     45810.000000           1           34.4260   
      1528:     45840.000000           1           34.4278   
      1529:     45870.000000           1           34.4159   
      1530:     45900.000000           1           34.4218   
      1531:     45930.000000           1           34.4205   
      1532:     45960.000000           1           34.4235   
      1533:     45990.000000           1           34.4215   
      1534:     46020.000000           1           34.4168   
      1535:     46050.000000           1           34.4146   
      1536:     46080.000000           1           34.4115   
      1537:     46110.000000           1           34.4097   
      1538:     46140.000000           1           34.4056   
      1539:     46170.000000           1           34.4048   
      1540:     46200.000000           1           34.4062   
      1541:     46230.000000           1           34.4055   
      1542:     46260.000000           1           34.4082   
      1543:     46290.000000           1           34.4048   
      1544:     46320.000000           1           34.4072   
      1545:     46350.000000           1           34.3984   
      1546:     46380.000000           1           34.3898   
      1547:     46410.000000           1           34.3842   
      1548:     46440.000000           1           34.3764   
      1549:     46470.000000           1           34.3710   
      1550:     46500.000000           1           34.3683   
      1551:     46530.000000           1           34.3653   
      1552:     46560.000000           1           34.3592   
      1553:     46590.000000           1           34.3550   
      1554:     46620.000000           1           34.3493   
      1555:     46650.000000           1           34.3459   
      1556:     46680.000000           1           34.3386   
      1557:     46710.000000           1           34.3387   
      1558:     46740.000000           1           34.3374   
      1559:     46770.000000           1           34.3378   
      1560:     46800.000000           1           34.3293   
      1561:     46830.000000           1           34.3138   
      1562:     46860.000000           1           34.3156   
      1563:     46890.000000           1           34.3083   
      1564:     46920.000000           1           34.3055   
      1565:     46950.000000           1           34.2995   
      1566:     46980.000000           1           34.2964   
      1567:     47010.000000           1           34.2952   
      1568:     47040.000000           1           34.2917   
      1569:     47070.000000           1           34.2913   
      1570:     47100.000000           1           34.2878   
      1571:     47130.000000           1           34.2848   
      1572:     47160.000000           1           34.2824   
      1573:     47190.000000           1           34.2795   
      1574:     47220.000000           1           34.2803   
      1575:     47250.000000           1           34.2836   
      1576:     47280.000000           1           34.2765   
      1577:     47310.000000           1           34.2789   
      1578:     47340.000000           1           34.2783   
      1579:     47370.000000           1           34.2764   
      1580:     47400.000000           1           34.2752   
      1581:     47430.000000           1           34.2736   
      1582:     47460.000000           1           34.2696   
      1583:     47490.000000           1           34.2662   
      1584:     47520.000000           1           34.2634   
      1585:     47550.000000           1           34.2564   
      1586:     47580.000000           1           34.2528   
      1587:     47610.000000           1           34.2506   
      1588:     47640.000000           1           34.2482   
      1589:     47670.000000           1           34.2473   
      1590:     47700.000000           1           34.2492   
      1591:     47730.000000           1           34.2469   
      1592:     47760.000000           1           34.2452   
      1593:     47790.000000           1           34.2459   
      1594:     47820.000000           1           34.2479   
      1595:     47850.000000           1           34.2491   
      1596:     47880.000000           1           34.2477   
      1597:     47910.000000           1           34.2452   
      1598:     47940.000000           1           34.2473   
      1599:     47970.000000           1           34.2459   
      1600:     48000.000000           1           34.2460   
      1601:     48030.000000           1           34.2465   
      1602:     48060.000000           1           34.2476   
      1603:     48090.000000           1           34.2476   
      1604:     48120.000000           1           34.2446   
      1605:     48150.000000           1           34.2443   
      1606:     48180.000000           1           34.2381   
      1607:     48210.000000           1           34.2303   
      1608:     48240.000000           1           34.2252   
      1609:     48270.000000           1           34.2234   
      1610:     48300.000000           1           34.2217   
      1611:     48330.000000           1           34.2184   
      1612:     48360.000000           1           34.2154   
      1613:     48390.000000           1           34.2155   
      1614:     48420.000000           1           34.2185   
      1615:     48450.000000           1           34.2146   
      1616:     48480.000000           1           34.2089   
      1617:     48510.000000           1           34.2068   
      1618:     48540.000000           1           34.2050   
      1619:     48570.000000           1           34.2050   
      1620:     48600.000000           1           34.2027   
      1621:     48630.000000           1           34.2049   
      1622:     48660.000000           1           34.2059   
      1623:     48690.000000           1           34.2023   
      1624:     48720.000000           1           34.2007   
      1625:     48750.000000           1           34.1972   
      1626:     48780.000000           1           34.1916   
      1627:     48810.000000           1           34.1884   
      1628:     48840.000000           1           34.1858   
      1629:     48870.000000           1           34.1867   
      1630:     48900.000000           1           34.1860   
      1631:     48930.000000           1           34.1847   
      1632:     48960.000000           1           34.1856   
      1633:     48990.000000           1           34.1849   
      1634:     49020.000000           1           34.1796   
      1635:     49050.000000           1           34.1715   
      1636:     49080.000000           1           34.1664   
      1637:     49110.000000           1           34.1614   
      1638:     49140.000000           1           34.1611   
      1639:     49170.000000           1           34.1589   
      1640:     49200.000000           1           34.1639   
      1641:     49230.000000           1           34.1617   
      1642:     49260.000000           1           34.1650   
      1643:     49290.000000           1           34.1637   
      1644:     49320.000000           1           34.1653   
      1645:     49350.000000           1           34.1641   
      1646:     49380.000000           1           34.1617   
      1647:     49410.000000           1           34.1587   
      1648:     49440.000000           1           34.1544   
      1649:     49470.000000           1           34.1505   
      1650:     49500.000000           1           34.1507   
      1651:     49530.000000           1           34.1515   
      1652:     49560.000000           1           34.1487   
      1653:     49590.000000           1           34.1435   
      1654:     49620.000000           1           34.1374   
      1655:     49650.000000           1           34.1343   
      1656:     49680.000000           1           34.1308   
      1657:     49710.000000           1           34.1300   
      1658:     49740.000000           1           34.1275   
      1659:     49770.000000           1           34.1255   
      1660:     49800.000000           1           34.1257   
      1661:     49830.000000           1           34.1239   
      1662:     49860.000000           1           34.1251   
      1663:     49890.000000           1           34.1257   
      1664:     49920.000000           1           34.1241   
      1665:     49950.000000           1           34.1189   
      1666:     49980.000000           1           34.1155   
      1667:     50010.000000           1           34.1124   
      1668:     50040.000000           1           34.1117   
      1669:     50070.000000           1           34.1133   
      1670:     50100.000000           1           34.1166   
      1671:     50130.000000           1           34.1225   
      1672:     50160.000000           1           34.1269   
      1673:     50190.000000           1           34.1301   
      1674:     50220.000000           1           34.1284   
      1675:     50250.000000           1           34.1306   
      1676:     50280.000000           1           34.1290   
      1677:     50310.000000           1           34.1334   
      1678:     50340.000000           1           34.1301   
      1679:     50370.000000           1           34.1287   
      1680:     50400.000000           1           34.1368   
      1681:     50430.000000           1           34.1360   
      1682:     50460.000000           1           34.1377   
      1683:     50490.000000           1           34.1393   
      1684:     50520.000000           1           34.1387   
      1685:     50550.000000           1           34.1355   
      1686:     50580.000000           1           34.1386   
      1687:     50610.000000           1           34.1371   
      1688:     50640.000000           1           34.1324   
      1689:     50670.000000           1           34.1309   
      1690:     50700.000000           1           34.1343   
      1691:     50730.000000           1           34.1384   
      1692:     50760.000000           1           34.1375   
      1693:     50790.000000           1           34.1371   
      1694:     50820.000000           1           34.1381   
      1695:     50850.000000           1           34.1388   
      1696:     50880.000000           1           34.1392   
      1697:     50910.000000           1           34.1425   
      1698:     50940.000000           1           34.1444   
      1699:     50970.000000           1           34.1462   
      1700:     51000.000000           1           34.1466   
      1701:     51030.000000           1           34.1453   
      1702:     51060.000000           1           34.1442   
      1703:     51090.000000           1           34.1390   
      1704:     51120.000000           1           34.1377   
      1705:     51150.000000           1           34.1363   
      1706:     51180.000000           1           34.1392   
      1707:     51210.000000           1           34.1401   
      1708:     51240.000000           1           34.1380   
      1709:     51270.000000           1           34.1403   
      1710:     51300.000000           1           34.1415   
      1711:     51330.000000           1           34.1406   
      1712:     51360.000000           1           34.1398   
      1713:     51390.000000           1           34.1407   
      1714:     51420.000000           1           34.1424   
      1715:     51450.000000           1           34.1410   
      1716:     51480.000000           1           34.1390   
      1717:     51510.000000           1           34.1364   
      1718:     51540.000000           1           34.1389   
      1719:     51570.000000           1           34.1400   
      1720:     51600.000000           1           34.1408   
      1721:     51630.000000           1           34.1434   
      1722:     51660.000000           1           34.1442   
      1723:     51690.000000           1           34.1523   
      1724:     51720.000000           1           34.1570   
      1725:     51750.000000           1           34.1547   
      1726:     51780.000000           1           34.1509   
      1727:     51810.000000           1           34.1470   
      1728:     51840.000000           1           34.1440   
      1729:     51870.000000           1           34.1469   
      1730:     51900.000000           1           34.1469   
      1731:     51930.000000           1           34.1477   
      1732:     51960.000000           1           34.1459   
      1733:     51990.000000           1           34.1466   
      1734:     52020.000000           1           34.1450   
      1735:     52050.000000           1           34.1424   
      1736:     52080.000000           1           34.1414   
      1737:     52110.000000           1           34.1421   
      1738:     52140.000000           1           34.1404   
      1739:     52170.000000           1           34.1397   
      1740:     52200.000000           1           34.1377   
      1741:     52230.000000           1           34.1355   
      1742:     52260.000000           1           34.1319   
      1743:     52290.000000           1           34.1304   
      1744:     52320.000000           1           34.1306   
      1745:     52350.000000           1           34.1279   
      1746:     52380.000000           1           34.1206   
      1747:     52410.000000           1           34.1217   
      1748:     52440.000000           1           34.1225   
      1749:     52470.000000           1           34.1213   
      1750:     52500.000000           1           34.1246   
      1751:     52530.000000           1           34.1285   
      1752:     52560.000000           1           34.1283   
      1753:     52590.000000           1           34.1293   
      1754:     52620.000000           1           34.1292   
      1755:     52650.000000           1           34.1309   
      1756:     52680.000000           1           34.1324   
      1757:     52710.000000           1           34.1305   
      1758:     52740.000000           1           34.1261   
      1759:     52770.000000           1           34.1239   
      1760:     52800.000000           1           34.1224   
      1761:     52830.000000           1           34.1232   
      1762:     52860.000000           1           34.1269   
      1763:     52890.000000           1           34.1268   
      1764:     52920.000000           1           34.1226   
      1765:     52950.000000           1           34.1238   
      1766:     52980.000000           1           34.1238   
      1767:     53010.000000           1           34.1215   
      1768:     53040.000000           1           34.1152   
      1769:     53070.000000           1           34.1084   
      1770:     53100.000000           1           34.1053   
      1771:     53130.000000           1           34.1039   
      1772:     53160.000000           1           34.1035   
      1773:     53190.000000           1           34.1035   
      1774:     53220.000000           1           34.0987   
      1775:     53250.000000           1           34.0934   
      1776:     53280.000000           1           34.0931   
      1777:     53310.000000           1           34.0910   
      1778:     53340.000000           1          148.2916   
      1779:     53370.000000           1          148.2955   
      1780:     53400.000000           1          148.2961   
      1781:     53430.000000           1          148.2965   
      1782:     53460.000000           1          148.2977   
      1783:     53490.000000           1          148.2966   
      1784:     53520.000000           1          148.2942   
      1785:     53550.000000           1          148.2905   
      1786:     53580.000000           1          148.2857   
      1787:     53610.000000           1          148.2854   
      1788:     53640.000000           1          148.2865   
      1789:     53670.000000           1          148.2868   
      1790:     53700.000000           1          148.2883   
      1791:     53730.000000           1          148.2877   
      1792:     53760.000000           1          148.2878   
      1793:     53790.000000           1          148.2932   
      1794:     53820.000000           1          148.2960   
      1795:     53850.000000           1          148.2924   
      1796:     53880.000000           1          148.2945   
      1797:     53910.000000           1          148.2929   
      1798:     53940.000000           1          148.2919   
      1799:     53970.000000           1          148.2909   
      1800:     54000.000000           1          148.2928   
      1801:     54030.000000           1           34.0638   
      1802:     54060.000000           1          148.2854   
      1803:     54090.000000           1           34.0554   
      1804:     54120.000000           1           34.0570   
      1805:     54150.000000           1           34.0597   
      1806:     54180.000000           1          148.2956   
      1807:     54210.000000           1           34.0646   
      1808:     54240.000000           1           34.0638   
      1809:     54270.000000           1           34.0641   
      1810:     54300.000000           1          148.2981   
      1811:     54330.000000           1          148.2972   
      1812:     54360.000000           1          148.2974   
      1813:     54390.000000           1          148.2967   
      1814:     54420.000000           1          148.2883   
      1815:     54450.000000           1          148.2807   
      1816:     54480.000000           1          148.2770   
      1817:     54510.000000           1          148.2726   
      1818:     54540.000000           1          148.2670   
      1819:     54570.000000           1          148.2675   
      1820:     54600.000000           1          148.2682   
      1821:     54630.000000           1          148.2697   
      1822:     54660.000000           1          148.2730   
      1823:     54690.000000           1          148.2788   
      1824:     54720.000000           1          148.2803   
      1825:     54750.000000           1          148.2824   
      1826:     54780.000000           1          148.2806   
      1827:     54810.000000           1          148.2793   
      1828:     54840.000000           1          148.2795   
      1829:     54870.000000           1          148.2751   
      1830:     54900.000000           1           34.0282   
      1831:     54930.000000           1           34.0287   
      1832:     54960.000000           1           34.0277   
      1833:     54990.000000           1           34.0266   
      1834:     55020.000000           1           34.0306   
      1835:     55050.000000           1           34.0292   
      1836:     55080.000000           1           34.0301   
      1837:     55110.000000           1           34.0320   
      1838:     55140.000000           1           34.0313   
      1839:     55170.000000           1           34.0300   
      1840:     55200.000000           1           34.0265   
      1841:     55230.000000           1           34.0223   
      1842:     55260.000000           1           34.0186   
      1843:     55290.000000           1           34.0184   
      1844:     55320.000000           1           34.0164   
      1845:     55350.000000           1           34.0138   
      1846:     55380.000000           1           34.0097   
      1847:     55410.000000           1           34.0004   
      1848:     55440.000000           1           33.9990   
      1849:     55470.000000           1           33.9995   
      1850:     55500.000000           1           34.0001   
      1851:     55530.000000           1           33.9979   
      1852:     55560.000000           1           33.9954   
      1853:     55590.000000           1           33.9935   
      1854:     55620.000000           1           33.9896   
      1855:     55650.000000           1           33.9887   
      1856:     55680.000000           1           33.9843   
      1857:     55710.000000           1           33.9814   
      1858:     55740.000000           1           33.9820   
      1859:     55770.000000           1          148.2350   
      1860:     55800.000000           1           33.9813   
      1861:     55830.000000           1           33.9776   
      1862:     55860.000000           1           33.9759   
      1863:     55890.000000           1           33.9771   
      1864:     55920.000000           1           33.9772   
      1865:     55950.000000           1           33.9757   
      1866:     55980.000000           1           33.9734   
      1867:     56010.000000           1           33.9710   
      1868:     56040.000000           1           33.9667   
      1869:     56070.000000           1           33.9631   
      1870:     56100.000000           1           33.9599   
      1871:     56130.000000           1           33.9564   
      1872:     56160.000000           1           33.9548   
      1873:     56190.000000           1           33.9562   
      1874:     56220.000000           1           33.9547   
      1875:     56250.000000           1           33.9481   
      1876:     56280.000000           1           33.9460   
      1877:     56310.000000           1           33.9474   
      1878:     56340.000000           1           33.9496   
      1879:     56370.000000           1           33.9502   
      1880:     56400.000000           1           33.9499   
      1881:     56430.000000           1           33.9518   
      1882:     56460.000000           1           33.9488   
      1883:     56490.000000           1           33.9471   
      1884:     56520.000000           1           33.9463   
      1885:     56550.000000           1           33.9420   
      1886:     56580.000000           1           33.9400   
      1887:     56610.000000           1           33.9403   
      1888:     56640.000000           1           33.9392   
      1889:     56670.000000           1           33.9350   
      1890:     56700.000000           1           33.9345   
      1891:     56730.000000           1           33.9353   
      1892:     56760.000000           1           33.9255   
      1893:     56790.000000           1           33.9228   
      1894:     56820.000000           1           33.9215   
      1895:     56850.000000           1           33.9187   
      1896:     56880.000000           1           33.9183   
      1897:     56910.000000           1           33.9176   
      1898:     56940.000000           1           33.9147   
      1899:     56970.000000           1          148.1997   
      1900:     57000.000000           1          148.1972   
      1901:     57030.000000           1          148.1968   
      1902:     57060.000000           1          148.1958   
      1903:     57090.000000           1          148.1956   
      1904:     57120.000000           1          148.1940   
      1905:     57150.000000           1          148.1902   
      1906:     57180.000000           1          148.1930   
      1907:     57210.000000           1          148.1869   
      1908:     57240.000000           1          148.1840   
      1909:     57270.000000           1          148.1819   
      1910:     57300.000000           1          148.1802   
      1911:     57330.000000           1          148.1765   
      1912:     57360.000000           1          148.1770   
      1913:     57390.000000           1          148.1760   
      1914:     57420.000000           1          148.1760   
      1915:     57450.000000           1          148.1772   
      1916:     57480.000000           1          148.1743   
      1917:     57510.000000           1          148.1789   
      1918:     57540.000000           1          148.1778   
      1919:     57570.000000           1          148.1791   
      1920:     57600.000000           1          148.1775   
      1921:     57630.000000           1          148.1765   
      1922:     57660.000000           1          148.1776   
      1923:     57690.000000           1           33.8841   
      1924:     57720.000000           1          148.1699   
      1925:     57750.000000           1          148.1684   
      1926:     57780.000000           1           33.8816   
      1927:     57810.000000           1          148.1704   
      1928:     57840.000000           1           33.8810   
      1929:     57870.000000           1           33.8834   
      1930:     57900.000000           1           33.8798   
      1931:     57930.000000           1           33.8792   
      1932:     57960.000000           1           33.8775   
      1933:     57990.000000           1           33.8745   
      1934:     58020.000000           1           33.8712   
      1935:     58050.000000           1           33.8712   
      1936:     58080.000000           1           33.8726   
      1937:     58110.000000           1           33.8706   
      1938:     58140.000000           1           33.8691   
      1939:     58170.000000           1           33.8664   
      1940:     58200.000000           1           33.8655   
      1941:     58230.000000           1           33.8637   
      1942:     58260.000000           1           33.8629   
      1943:     58290.000000           1           33.8602   
      1944:     58320.000000           1           33.8566   
      1945:     58350.000000           1           33.8562   
      1946:     58380.000000           1           33.8560   
      1947:     58410.000000           1           33.8567   
      1948:     58440.000000           1           33.8559   
      1949:     58470.000000           1           33.8522   
      1950:     58500.000000           1           33.8533   
      1951:     58530.000000           1           33.8521   
      1952:     58560.000000           1           33.8468   
      1953:     58590.000000           1           33.8470   
      1954:     58620.000000           1           33.8452   
      1955:     58650.000000           1           33.8433   
      1956:     58680.000000           1           33.8376   
      1957:     58710.000000           1           33.8316   
      1958:     58740.000000           1           33.8271   
      1959:     58770.000000           1           33.8244   
      1960:     58800.000000           1           33.8229   
      1961:     58830.000000           1           33.8214   
      1962:     58860.000000           1           33.8175   
      1963:     58890.000000           1           33.8128   
      1964:     58920.000000           1           33.8091   
      1965:     58950.000000           1           33.8065   
      1966:     58980.000000           1           33.8029   
      1967:     59010.000000           1           33.8008   
      1968:     59040.000000           1           33.7955   
      1969:     59070.000000           1           33.7916   
      1970:     59100.000000           1           33.7912   
      1971:     59130.000000           1           33.7871   
      1972:     59160.000000           1           33.7804   
      1973:     59190.000000           1           33.7775   
      1974:     59220.000000           1           33.7776   
      1975:     59250.000000           1           33.7765   
      1976:     59280.000000           1           33.7756   
      1977:     59310.000000           1           33.7758   
      1978:     59340.000000           1           33.7770   
      1979:     59370.000000           1           33.7765   
      1980:     59400.000000           1           33.7762   
      1981:     59430.000000           1           33.7770   
      1982:     59460.000000           1           33.7765   
      1983:     59490.000000           1           33.7774   
      1984:     59520.000000           1           33.7735   
      1985:     59550.000000           1           33.7722   
      1986:     59580.000000           1           33.7671   
      1987:     59610.000000           1           33.7653   
      1988:     59640.000000           1           33.7666   
      1989:     59670.000000           1           33.7655   
      1990:     59700.000000           1           33.7647   
      1991:     59730.000000           1           33.7640   
      1992:     59760.000000           1           33.7602   
      1993:     59790.000000           1           33.7589   
      1994:     59820.000000           1           33.7567   
      1995:     59850.000000           1           33.7576   
      1996:     59880.000000           1           33.7546   
      1997:     59910.000000           1           33.7501   
      1998:     59940.000000           1           33.7516   
      1999:     59970.000000           1           33.7506   
      2000:     60000.000000           1           33.7496   
      2001:     60030.000000           1           33.7481   
      2002:     60060.000000           1           33.7490   
      2003:     60090.000000           1           33.7515   
      2004:     60120.000000           1           33.7504   
      2005:     60150.000000           1           33.7545   
      2006:     60180.000000           1           33.7549   
      2007:     60210.000000           1           33.7549   
      2008:     60240.000000           1           33.7568   
      2009:     60270.000000           1           33.7569   
      2010:     60300.000000           1           33.7567   
      2011:     60330.000000           1           33.7576   
      2012:     60360.000000           1           33.7628   
      2013:     60390.000000           1           33.7625   
      2014:     60420.000000           1           33.7620   
      2015:     60450.000000           1           33.7590   
      2016:     60480.000000           1           33.7556   
      2017:     60510.000000           1           33.7518   
      2018:     60540.000000           1           33.7511   
      2019:     60570.000000           1           33.7499   
      2020:     60600.000000           1           33.7501   
      2021:     60630.000000           1           33.7494   
      2022:     60660.000000           1           33.7431   
      2023:     60690.000000           1           33.7443   
      2024:     60720.000000           1           33.7487   
      2025:     60750.000000           1           33.7511   
      2026:     60780.000000           1           33.7477   
      2027:     60810.000000           1           33.7426   
      2028:     60840.000000           1           33.7409   
      2029:     60870.000000           1           33.7418   
      2030:     60900.000000           1           33.7420   
      2031:     60930.000000           1           33.7427   
      2032:     60960.000000           1           33.7456   
      2033:     60990.000000           1           33.7485   
      2034:     61020.000000           1           33.7499   
      2035:     61050.000000           1           33.7545   
      2036:     61080.000000           1           33.7528   
      2037:     61110.000000           1           33.7531   
      2038:     61140.000000           1           33.7446   
      2039:     61170.000000           1           33.7443   
      2040:     61200.000000           1           33.7398   
      2041:     61230.000000           1           33.7375   
      2042:     61260.000000           1           33.7376   
      2043:     61290.000000           1           33.7333   
      2044:     61320.000000           1           33.7313   
      2045:     61350.000000           1           33.7295   
      2046:     61380.000000           1           33.7305   
      2047:     61410.000000           1           33.7356   
      2048:     61440.000000           1           33.7391   
      2049:     61470.000000           1           33.7472   
      2050:     61500.000000           1           33.7444   
      2051:     61530.000000           1           33.7461   
      2052:     61560.000000           1           33.7403   
      2053:     61590.000000           1           33.7407   
      2054:     61620.000000           1           33.7347   
      2055:     61650.000000           1           33.7331   
      2056:     61680.000000           1           33.7337   
      2057:     61710.000000           1           33.7366   
      2058:     61740.000000           1           33.7385   
      2059:     61770.000000           1           33.7387   
      2060:     61800.000000           1           33.7415   
      2061:     61830.000000           1           33.7426   
      2062:     61860.000000           1           33.7427   
      2063:     61890.000000           1           33.7445   
      2064:     61920.000000           1           33.7459   
      2065:     61950.000000           1           33.7470   
      2066:     61980.000000           1           33.7487   
      2067:     62010.000000           1           33.7497   
      2068:     62040.000000           1           33.7527   
      2069:     62070.000000           1           33.7557   
      2070:     62100.000000           1           33.7574   
      2071:     62130.000000           1          148.0697   
      2072:     62160.000000           1           32.2693   
      2073:     62190.000000           1           32.2640   
      2074:     62220.000000           1           32.2899   
      2075:     62250.000000           1           32.2959   
      2076:     62280.000000           1           32.3254   
      2077:     62310.000000           1           32.3293   
      2078:     62340.000000           1           32.3318   
      2079:     62370.000000           1           32.2943   
      2080:     62400.000000           1           32.2580   
      2081:     62430.000000           1           32.2351   
      2082:     62460.000000           1           32.2240   
      2083:     62490.000000           1           32.2180   
      2084:     62520.000000           1           32.2100   
      2085:     62550.000000           1           32.1934   
      2086:     62580.000000           1           32.1814   
      2087:     62610.000000           1           32.1753   
      2088:     62640.000000           1           32.1700   
      2089:     62670.000000           1           32.1657   
      2090:     62700.000000           1           32.1669   
      2091:     62730.000000           1           32.1645   
      2092:     62760.000000           1           32.1649   
      2093:     62790.000000           1          148.0667   
      2094:     62820.000000           1          148.0668   
      2095:     62850.000000           1          148.0654   
      2096:     62880.000000           1          148.0639   
      2097:     62910.000000           1          148.0649   
      2098:     62940.000000           1          148.0638   
      2099:     62970.000000           1          148.0671   
      2100:     63000.000000           1          148.0686   
      2101:     63030.000000           1          148.0711   
      2102:     63060.000000           1          148.0740   
      2103:     63090.000000           1          148.0767   
      2104:     63120.000000           1          148.0814   
      2105:     63150.000000           1          148.0811   
      2106:     63180.000000           1          148.0828   
      2107:     63210.000000           1          148.0841   
      2108:     63240.000000           1          148.0857   
      2109:     63270.000000           1          148.0871   
      2110:     63300.000000           1          148.0879   
      2111:     63330.000000           1          148.0908   
      2112:     63360.000000           1          148.0942   
      2113:     63390.000000           1          148.0945   
      2114:     63420.000000           1          148.0976   
      2115:     63450.000000           1          148.0987   
      2116:     63480.000000           1          148.1007   
      2117:     63510.000000           1          148.1040   
      2118:     63540.000000           1          148.1067   
