       629:     18870.000000           1           59.7141   
       630:     18900.000000           1           59.7129   
       631:     18930.000000           1           59.7069   
       632:     18960.000000           1           59.7106   
       633:     18990.000000           1           59.7252   
       634:     19020.000000           1           59.7373   
       635:     19050.000000           1           59.7346   
       636:     19080.000000           1           59.7399   
       637:     19110.000000           1           59.7417   
       638:     19140.000000           1           59.7512   
       639:     19170.000000           1           59.7505   
       640:     19200.000000           1           59.7505   
       641:     19230.000000           1           59.7493   
       642:     19260.000000           1           59.7433   
       643:     19290.000000           1           59.7442   
       644:     19320.000000           1           59.7456   
       645:     19350.000000           1           59.7527   
       646:     19380.000000           1           59.7473   
       647:     19410.000000           1           59.7504   
       648:     19440.000000           1           59.7533   
       649:     19470.000000           1           59.7647   
       650:     19500.000000           1           59.7669   
       651:     19530.000000           1           59.7696   
       652:     19560.000000           1           59.7652   
       653:     19590.000000           1           59.7717   
       654:     19620.000000           1           59.7864   
       655:     19650.000000           1           59.7918   
       656:     19680.000000           1           59.7956   
       657:     19710.000000           1           59.8206   
       658:     19740.000000           1           59.8356   
       659:     19770.000000           1           59.8459   
       660:     19800.000000           1           59.8445   
       661:     19830.000000           1           59.8480   
       662:     19860.000000           1           59.8576   
       663:     19890.000000           1           59.8670   
       664:     19920.000000           1           59.8728   
       665:     19950.000000           1           59.8813   
       666:     19980.000000           1          -37.7058   
       667:     20010.000000           1          -37.7189   
       668:     20040.000000           1          -37.7616   
       669:     20070.000000           1          -37.7604   
       670:     20100.000000           1          -37.7542   
       671:     20130.000000           1          -37.7764   
       672:     20160.000000           1          -37.7880   
       673:     20190.000000           1          -37.8311   
       674:     20220.000000           1          -37.8440   
       675:     20250.000000           1          -37.8654   
       676:     20280.000000           1          -37.8773   
       677:     20310.000000           1          -37.8956   
       678:     20340.000000           1          -37.9090   
       679:     20370.000000           1          -37.8996   
       680:     20400.000000           1          -37.8945   
       681:     20430.000000           1          -37.9272   
       682:     20460.000000           1          -37.9489   
       683:     20490.000000           1          -37.9443   
       684:     20520.000000           1          -37.9496   
       685:     20550.000000           1          -37.9608   
       686:     20580.000000           1          -37.9699   
       687:     20610.000000           1          -37.9838   
       688:     20640.000000           1          -38.0000   
       689:     20670.000000           1          -37.9987   
       690:     20700.000000           1          -38.0168   
       691:     20730.000000           1          -38.0422   
       692:     20760.000000           1          -38.0485   
       693:     20790.000000           1          -38.0785   
       694:     20820.000000           1          -38.1014   
       695:     20850.000000           1          -38.1278   
       696:     20880.000000           1         -439.6539   
       697:     20910.000000           1          -38.7318   
       698:     20940.000000           1          -38.6064   
       699:     20970.000000           1          -38.5336   
       700:     21000.000000           1          -38.5248   
       701:     21030.000000           1          -38.5335   
       702:     21060.000000           1          -38.5384   
       703:     21090.000000           1         -439.6076   
       704:     21120.000000           1          -38.5332   
       705:     21150.000000           1          -38.5360   
       706:     21180.000000           1          -38.5303   
       707:     21210.000000           1          -38.4483   
       708:     21240.000000           1          -38.4222   
       709:     21270.000000           1          -38.4100   
       710:     21300.000000           1          -38.3761   
       711:     21330.000000           1          -38.3653   
       712:     21360.000000           1          -38.3364   
       713:     21390.000000           1          -38.3261   
       714:     21420.000000           1          -38.3032   
       715:     21450.000000           1          -38.2875   
       716:     21480.000000           1          -38.2706   
       717:     21510.000000           1          -38.2364   
       718:     21540.000000           1          -38.2369   
       719:     21570.000000           1          -38.2303   
       720:     21600.000000           1          -38.2206   
       721:     21630.000000           1          -38.2160   
       722:     21660.000000           1          -38.2104   
       723:     21690.000000           1          -38.2136   
       724:     21720.000000           1          -38.2126   
       725:     21750.000000           1          -38.2135   
       726:     21780.000000           1          -38.2116   
       727:     21810.000000           1          -38.2148   
       728:     21840.000000           1          -38.2265   
       729:     21870.000000           1          -38.2267   
       730:     21900.000000           1          -38.2325   
       731:     21930.000000           1          -38.2314   
       732:     21960.000000           1          -38.2407   
       733:     21990.000000           1          -38.2561   
       734:     22020.000000           1          -38.2603   
       735:     22050.000000           1          -38.2777   
       736:     22080.000000           1          -38.2924   
       737:     22110.000000           1          -38.3012   
       738:     22140.000000           1          -38.3117   
       739:     22170.000000           1          -38.3026   
       740:     22200.000000           1          -38.2981   
       741:     22230.000000           1          -38.2927   
       742:     22260.000000           1          -38.2876   
       743:     22290.000000           1          -38.2840   
       744:     22320.000000           1          -38.2794   
       745:     22350.000000           1          -38.2724   
       746:     22380.000000           1          -38.2659   
       747:     22410.000000           1          -38.2563   
       748:     22440.000000           1          -38.2425   
       749:     22470.000000           1          -38.2250   
       750:     22500.000000           1          -38.2110   
       751:     22530.000000           1          -38.1980   
       752:     22560.000000           1          -38.1890   
       753:     22590.000000           1          -38.1728   
       754:     22620.000000           1          -38.1605   
       755:     22650.000000           1          -38.1534   
       756:     22680.000000           1          -38.1477   
       757:     22710.000000           1          -38.1375   
       758:     22740.000000           1          -38.1374   
       759:     22770.000000           1          -38.1347   
       760:     22800.000000           1          -38.1371   
       761:     22830.000000           1          -38.1486   
       762:     22860.000000           1          -38.1631   
       763:     22890.000000           1          -38.1542   
       764:     22920.000000           1          -38.1470   
       765:     22950.000000           1          -38.1411   
       766:     22980.000000           1          -38.1436   
       767:     23010.000000           1          -38.1401   
       768:     23040.000000           1          -38.1300   
       769:     23070.000000           1          -38.1276   
       770:     23100.000000           1          -38.1277   
       771:     23130.000000           1          -38.1254   
       772:     23160.000000           1          -38.1211   
       773:     23190.000000           1          -79.9256   
       774:     23220.000000           1          -38.0977   
       775:     23250.000000           1          -38.0873   
       776:     23280.000000           1          -38.0664   
       777:     23310.000000           1          -38.0424   
       778:     23340.000000           1          -38.0383   
       779:     23370.000000           1          -38.0328   
       780:     23400.000000           1          -38.0261   
       781:     23430.000000           1          -38.0253   
       782:     23460.000000           1          -38.0164   
       783:     23490.000000           1          -38.0025   
       784:     23520.000000           1          -37.9894   
       785:     23550.000000           1          -37.9761   
       786:     23580.000000           1          -37.9643   
       787:     23610.000000           1          -37.9500   
       788:     23640.000000           1          -79.9048   
       789:     23670.000000           1          -79.9043   
       790:     23700.000000           1          -79.9038   
       791:     23730.000000           1          -79.8983   
       792:     23760.000000           1          -79.8981   
       793:     23790.000000           1          -79.8937   
       794:     23820.000000           1          -79.8946   
       795:     23850.000000           1          -79.9001   
       796:     23880.000000           1          -79.8965   
       797:     23910.000000           1          -79.8923   
       798:     23940.000000           1          -79.8711   
       799:     23970.000000           1          -79.8618   
       800:     24000.000000           1          -79.8549   
       801:     24030.000000           1          -79.8488   
       802:     24060.000000           1          -79.8419   
       803:     24090.000000           1          -79.8340   
       804:     24120.000000           1          -79.8330   
       805:     24150.000000           1          -79.8302   
       806:     24180.000000           1          -79.8245   
       807:     24210.000000           1          -79.8100   
       808:     24240.000000           1          -79.8038   
       809:     24270.000000           1          -37.8239   
       810:     24300.000000           1          -79.7968   
       811:     24330.000000           1          -79.7905   
       812:     24360.000000           1          -79.7829   
       813:     24390.000000           1          -79.7940   
       814:     24420.000000           1          -37.7974   
       815:     24450.000000           1          -37.7866   
       816:     24480.000000           1          -37.7754   
       817:     24510.000000           1          -37.7685   
       818:     24540.000000           1          -37.7585   
       819:     24570.000000           1          -37.7518   
       820:     24600.000000           1          -37.7479   
       821:     24630.000000           1          -37.7446   
       822:     24660.000000           1          -37.7344   
       823:     24690.000000           1          -37.7370   
       824:     24720.000000           1          -37.7394   
       825:     24750.000000           1          -37.7360   
       826:     24780.000000           1          -37.7309   
       827:     24810.000000           1          -37.7291   
       828:     24840.000000           1          -37.7143   
       829:     24870.000000           1          -37.7060   
       830:     24900.000000           1          -37.7042   
       831:     24930.000000           1          -79.8007   
       832:     24960.000000           1          -79.7962   
       833:     24990.000000           1          -37.6828   
       834:     25020.000000           1          -79.7890   
       835:     25050.000000           1          -79.7721   
       836:     25080.000000           1          -79.7676   
       837:     25110.000000           1          -79.7578   
       838:     25140.000000           1          -79.7534   
       839:     25170.000000           1          -79.7532   
       840:     25200.000000           1          -79.7473   
       841:     25230.000000           1          -79.7397   
       842:     25260.000000           1          -79.7207   
       843:     25290.000000           1         -438.3853   
       844:     25320.000000           1          -79.6840   
       845:     25350.000000           1          -79.6685   
       846:     25380.000000           1          -79.6603   
       847:     25410.000000           1          -79.6523   
       848:     25440.000000           1          -79.6509   
       849:     25470.000000           1          -79.6498   
       850:     25500.000000           1          -79.6446   
       851:     25530.000000           1          -79.6478   
       852:     25560.000000           1          -79.6442   
       853:     25590.000000           1          -79.6429   
       854:     25620.000000           1          -79.6472   
       855:     25650.000000           1          -79.6377   
       856:     25680.000000           1          -79.6367   
       857:     25710.000000           1          -79.6369   
       858:     25740.000000           1          -79.6452   
       859:     25770.000000           1          -79.6450   
       860:     25800.000000           1          -79.6493   
       861:     25830.000000           1          -79.6420   
       862:     25860.000000           1          -79.6364   
       863:     25890.000000           1          -79.6258   
       864:     25920.000000           1          -37.4085   
       865:     25950.000000           1          -37.4078   
       866:     25980.000000           1          -37.3967   
       867:     26010.000000           1          -37.3869   
       868:     26040.000000           1          -37.3921   
       869:     26070.000000           1          -37.3848   
       870:     26100.000000           1          -37.3815   
       871:     26130.000000           1          -37.3771   
       872:     26160.000000           1          -37.3750   
       873:     26190.000000           1          -37.3686   
       874:     26220.000000           1          -37.3653   
       875:     26250.000000           1          -37.3639   
       876:     26280.000000           1          -37.3587   
       877:     26310.000000           1          -37.3534   
       878:     26340.000000           1          -37.3489   
       879:     26370.000000           1          -37.3398   
       880:     26400.000000           1          -37.3336   
       881:     26430.000000           1          -37.3206   
       882:     26460.000000           1          -37.3043   
       883:     26490.000000           1          -37.2959   
       884:     26520.000000           1          -37.2874   
       885:     26550.000000           1          -37.2816   
       886:     26580.000000           1          -37.2812   
       887:     26610.000000           1          -37.2697   
       888:     26640.000000           1          -37.2492   
       889:     26670.000000           1          -37.2454   
       890:     26700.000000           1          -37.2458   
       891:     26730.000000           1          -37.2390   
       892:     26760.000000           1          -37.2284   
       893:     26790.000000           1          -37.2166   
       894:     26820.000000           1          -37.2023   
       895:     26850.000000           1          -37.2005   
       896:     26880.000000           1          -37.1876   
       897:     26910.000000           1          -37.1734   
       898:     26940.000000           1          -37.1687   
       899:     26970.000000           1          -37.1576   
       900:     27000.000000           1          -37.1498   
       901:     27030.000000           1          -37.1439   
       902:     27060.000000           1          -37.1457   
       903:     27090.000000           1          -37.1420   
       904:     27120.000000           1          -37.1311   
       905:     27150.000000           1          -37.1135   
       906:     27180.000000           1          -37.0967   
       907:     27210.000000           1          -37.0814   
       908:     27240.000000           1          -37.0745   
       909:     27270.000000           1          -37.0753   
       910:     27300.000000           1          -37.0756   
       911:     27330.000000           1          -37.0777   
       912:     27360.000000           1          -37.0789   
       913:     27390.000000           1          -37.0717   
       914:     27420.000000           1          -37.0628   
       915:     27450.000000           1          -37.0535   
       916:     27480.000000           1          -37.0434   
       917:     27510.000000           1          -37.0404   
       918:     27540.000000           1          -37.0295   
       919:     27570.000000           1          -37.0160   
       920:     27600.000000           1          -37.0073   
       921:     27630.000000           1          -37.0022   
       922:     27660.000000           1          -36.9970   
       923:     27690.000000           1          -36.9852   
       924:     27720.000000           1          -36.9741   
       925:     27750.000000           1          -36.9588   
       926:     27780.000000           1          -36.9472   
       927:     27810.000000           1          -36.9432   
       928:     27840.000000           1          -36.9335   
       929:     27870.000000           1          -36.9271   
       930:     27900.000000           1          -36.9193   
       931:     27930.000000           1          -36.9008   
       932:     27960.000000           1          -36.8858   
       933:     27990.000000           1          -36.8861   
       934:     28020.000000           1          -79.1161   
       935:     28050.000000           1          -79.1119   
       936:     28080.000000           1          -79.1090   
       937:     28110.000000           1          -79.1052   
       938:     28140.000000           1          -79.0923   
       939:     28170.000000           1          -79.0770   
       940:     28200.000000           1          -79.0620   
       941:     28230.000000           1          -79.0407   
       942:     28260.000000           1         -437.5661   
       943:     28290.000000           1          -79.0340   
       944:     28320.000000           1         -437.5492   
       945:     28350.000000           1         -437.5419   
       946:     28380.000000           1         -437.5346   
       947:     28410.000000           1         -437.5340   
       948:     28440.000000           1         -437.5266   
       949:     28470.000000           1         -437.5178   
       950:     28500.000000           1         -437.5098   
       951:     28530.000000           1         -437.4873   
       952:     28560.000000           1         -437.4861   
       953:     28590.000000           1         -437.4718   
       954:     28620.000000           1         -437.4722   
       955:     28650.000000           1         -437.4626   
       956:     28680.000000           1         -437.4606   
       957:     28710.000000           1         -437.4549   
       958:     28740.000000           1         -437.4506   
       959:     28770.000000           1         -437.4438   
       960:     28800.000000           1         -437.4339   
       961:     28830.000000           1         -437.4273   
       962:     28860.000000           1         -437.4181   
       963:     28890.000000           1         -437.4046   
       964:     28920.000000           1         -437.3949   
       965:     28950.000000           1          -78.8468   
       966:     28980.000000           1          -78.8455   
       967:     29010.000000           1          -78.8349   
       968:     29040.000000           1          -78.8263   
       969:     29070.000000           1          -36.5721   
       970:     29100.000000           1          -36.5672   
       971:     29130.000000           1          -36.5518   
       972:     29160.000000           1          -36.5460   
       973:     29190.000000           1          -36.5414   
       974:     29220.000000           1          -36.5375   
       975:     29250.000000           1          -36.5296   
       976:     29280.000000           1          -36.5215   
       977:     29310.000000           1          -36.5096   
       978:     29340.000000           1          -36.5017   
       979:     29370.000000           1          -36.4908   
       980:     29400.000000           1          -36.4930   
       981:     29430.000000           1          -36.4829   
       982:     29460.000000           1          -36.4770   
       983:     29490.000000           1          -36.4744   
       984:     29520.000000           1          -36.4678   
       985:     29550.000000           1          -36.4615   
       986:     29580.000000           1          -36.4587   
       987:     29610.000000           1          -36.4504   
       988:     29640.000000           1          -36.4473   
       989:     29670.000000           1          -36.4430   
       990:     29700.000000           1          -36.4318   
       991:     29730.000000           1          -36.4234   
       992:     29760.000000           1          -36.4088   
       993:     29790.000000           1          -36.4010   
       994:     29820.000000           1          -36.3999   
       995:     29850.000000           1          -36.3974   
       996:     29880.000000           1          -36.3983   
       997:     29910.000000           1          -36.3949   
       998:     29940.000000           1          -36.3955   
       999:     29970.000000           1          -36.3889   
      1000:     30000.000000           1          -36.3872   
      1001:     30030.000000           1          -36.3795   
      1002:     30060.000000           1          -36.3797   
      1003:     30090.000000           1          -36.3718   
      1004:     30120.000000           1          -36.3709   
      1005:     30150.000000           1          -36.3673   
      1006:     30180.000000           1          -36.3755   
      1007:     30210.000000           1          -36.3768   
      1008:     30240.000000           1          -36.3706   
      1009:     30270.000000           1          -36.3644   
      1010:     30300.000000           1          -36.3622   
      1011:     30330.000000           1          -36.3551   
      1012:     30360.000000           1          -36.3535   
      1013:     30390.000000           1          -36.3468   
      1014:     30420.000000           1          -36.3351   
      1015:     30450.000000           1          -36.3319   
      1016:     30480.000000           1          -36.3207   
      1017:     30510.000000           1          -36.3135   
      1018:     30540.000000           1          -36.3010   
      1019:     30570.000000           1          -36.2968   
      1020:     30600.000000           1          -36.2949   
      1021:     30630.000000           1          -36.2855   
      1022:     30660.000000           1          -36.2803   
      1023:     30690.000000           1          -36.2757   
      1024:     30720.000000           1          -36.2644   
      1025:     30750.000000           1          -36.2558   
      1026:     30780.000000           1          -36.2442   
      1027:     30810.000000           1          -36.2313   
      1028:     30840.000000           1          -36.2287   
      1029:     30870.000000           1          -36.2208   
      1030:     30900.000000           1          -36.2082   
      1031:     30930.000000           1          -36.1983   
      1032:     30960.000000           1          -36.1908   
      1033:     30990.000000           1          -36.1961   
      1034:     31020.000000           1          -36.1953   
      1035:     31050.000000           1          -36.1957   
      1036:     31080.000000           1          -36.1876   
      1037:     31110.000000           1          -36.1754   
      1038:     31140.000000           1          -36.1726   
      1039:     31170.000000           1          -36.1746   
      1040:     31200.000000           1          -36.1694   
      1041:     31230.000000           1          -36.1622   
      1042:     31260.000000           1          -36.1505   
      1043:     31290.000000           1          -36.1432   
      1044:     31320.000000           1          -36.1366   
      1045:     31350.000000           1          -36.1349   
      1046:     31380.000000           1          -36.1374   
      1047:     31410.000000           1          -36.1319   
      1048:     31440.000000           1          -36.1264   
      1049:     31470.000000           1          -36.1225   
      1050:     31500.000000           1          -36.1219   
      1051:     31530.000000           1          -36.1179   
      1052:     31560.000000           1          -36.1102   
      1053:     31590.000000           1          -36.0960   
      1054:     31620.000000           1          -36.0861   
      1055:     31650.000000           1          -36.0757   
      1056:     31680.000000           1          -36.0717   
      1057:     31710.000000           1          -36.0679   
      1058:     31740.000000           1          -36.0596   
      1059:     31770.000000           1          -36.0544   
      1060:     31800.000000           1          -36.0458   
      1061:     31830.000000           1          -36.0367   
      1062:     31860.000000           1          -36.0263   
      1063:     31890.000000           1          -36.0189   
      1064:     31920.000000           1          -36.0150   
      1065:     31950.000000           1          -36.0120   
      1066:     31980.000000           1          -36.0060   
      1067:     32010.000000           1          -36.0081   
      1068:     32040.000000           1          -36.0104   
      1069:     32070.000000           1          -36.0136   
      1070:     32100.000000           1          -36.0115   
      1071:     32130.000000           1          -36.0033   
      1072:     32160.000000           1          -35.9983   
      1073:     32190.000000           1          -35.9888   
      1074:     32220.000000           1          -35.9871   
      1075:     32250.000000           1          -35.9816   
      1076:     32280.000000           1          -35.9735   
      1077:     32310.000000           1          -35.9713   
      1078:     32340.000000           1          -35.9568   
      1079:     32370.000000           1          -35.9506   
      1080:     32400.000000           1          -35.9473   
      1081:     32430.000000           1          -35.9558   
      1082:     32460.000000           1          -35.9502   
      1083:     32490.000000           1          -35.9476   
      1084:     32520.000000           1          -35.9420   
      1085:     32550.000000           1          -35.9366   
      1086:     32580.000000           1          -35.9286   
      1087:     32610.000000           1          -35.9277   
      1088:     32640.000000           1          -35.9215   
      1089:     32670.000000           1          -35.9164   
      1090:     32700.000000           1          -35.9066   
      1091:     32730.000000           1          -35.9036   
      1092:     32760.000000           1          -35.8915   
      1093:     32790.000000           1          -35.8933   
      1094:     32820.000000           1          -35.8960   
      1095:     32850.000000           1          -35.8946   
      1096:     32880.000000           1          -35.8860   
      1097:     32910.000000           1          -35.8879   
      1098:     32940.000000           1          -35.8711   
      1099:     32970.000000           1          -35.8673   
      1100:     33000.000000           1          -35.8599   
      1101:     33030.000000           1          -35.8474   
      1102:     33060.000000           1          -35.8452   
      1103:     33090.000000           1          -35.8391   
      1104:     33120.000000           1          -35.8374   
      1105:     33150.000000           1          -35.8333   
      1106:     33180.000000           1          -35.8260   
      1107:     33210.000000           1          -35.8204   
      1108:     33240.000000           1          -35.8140   
      1109:     33270.000000           1          -35.8058   
      1110:     33300.000000           1          -35.7985   
      1111:     33330.000000           1          -35.7835   
      1112:     33360.000000           1          -35.7780   
      1113:     33390.000000           1          -35.7701   
      1114:     33420.000000           1          -35.7585   
      1115:     33450.000000           1          -35.7485   
      1116:     33480.000000           1          -35.7368   
      1117:     33510.000000           1          -35.7246   
      1118:     33540.000000           1          -35.7177   
      1119:     33570.000000           1          -35.7073   
      1120:     33600.000000           1          -35.6987   
      1121:     33630.000000           1          -35.6912   
      1122:     33660.000000           1          -35.6916   
      1123:     33690.000000           1          -35.6964   
      1124:     33720.000000           1          -35.6892   
      1125:     33750.000000           1          -35.6822   
      1126:     33780.000000           1          -35.6730   
      1127:     33810.000000           1          -35.6671   
      1128:     33840.000000           1          -35.6690   
      1129:     33870.000000           1          -35.6547   
      1130:     33900.000000           1          -35.6535   
      1131:     33930.000000           1          -35.6512   
      1132:     33960.000000           1          -77.8940   
      1133:     33990.000000           1          -77.8880   
      1134:     34020.000000           1          -77.8660   
      1135:     34050.000000           1          -77.8521   
      1136:     34080.000000           1          -77.8381   
      1137:     34110.000000           1          -77.8346   
      1138:     34140.000000           1          -77.8318   
      1139:     34170.000000           1          -77.8164   
      1140:     34200.000000           1          -77.8082   
      1141:     34230.000000           1          -77.8097   
      1142:     34260.000000           1          -77.8084   
      1143:     34290.000000           1          -77.8089   
      1144:     34320.000000           1          -77.8005   
      1145:     34350.000000           1          -77.7922   
      1146:     34380.000000           1          -77.7853   
      1147:     34410.000000           1          -77.7862   
      1148:     34440.000000           1          -77.7836   
      1149:     34470.000000           1          -77.7762   
      1150:     34500.000000           1          -77.7605   
      1151:     34530.000000           1          -77.7580   
      1152:     34560.000000           1          -77.7456   
      1153:     34590.000000           1          -77.7308   
      1154:     34620.000000           1          -77.7263   
      1155:     34650.000000           1          -77.7244   
      1156:     34680.000000           1          -77.7191   
      1157:     34710.000000           1          -77.7153   
      1158:     34740.000000           1          -77.7145   
      1159:     34770.000000           1          -77.7128   
      1160:     34800.000000           1          -77.7083   
      1161:     34830.000000           1          -77.7026   
      1162:     34860.000000           1          -77.6994   
      1163:     34890.000000           1          -77.6922   
      1164:     34920.000000           1          -77.6871   
      1165:     34950.000000           1          -35.4119   
      1166:     34980.000000           1          -35.4037   
      1167:     35010.000000           1          -35.4006   
      1168:     35040.000000           1          -35.3972   
      1169:     35070.000000           1          -35.3949   
      1170:     35100.000000           1          -77.6579   
      1171:     35130.000000           1          -35.3743   
      1172:     35160.000000           1          -77.6242   
      1173:     35190.000000           1          -35.3536   
      1174:     35220.000000           1          -35.3462   
      1175:     35250.000000           1          -77.6019   
      1176:     35280.000000           1          -77.5951   
      1177:     35310.000000           1          -77.5853   
      1178:     35340.000000           1          -77.5823   
      1179:     35370.000000           1          -77.5758   
      1180:     35400.000000           1          -77.5650   
      1181:     35430.000000           1          -77.5608   
      1182:     35460.000000           1          -77.5529   
      1183:     35490.000000           1          -77.5448   
      1184:     35520.000000           1          -77.5352   
      1185:     35550.000000           1          -77.5267   
      1186:     35580.000000           1          -77.5194   
      1187:     35610.000000           1          -77.5126   
      1188:     35640.000000           1          -77.5045   
      1189:     35670.000000           1          -77.4972   
      1190:     35700.000000           1          -77.4946   
      1191:     35730.000000           1          -77.4878   
      1192:     35760.000000           1          -77.4807   
      1193:     35790.000000           1          -77.4729   
      1194:     35820.000000           1          -77.4619   
      1195:     35850.000000           1          -77.4486   
      1196:     35880.000000           1          -77.4365   
      1197:     35910.000000           1          -77.4259   
      1198:     35940.000000           1          -77.4138   
      1199:     35970.000000           1          -77.4084   
      1200:     36000.000000           1          -77.3965   
      1201:     36030.000000           1          -35.1301   
      1202:     36060.000000           1          -77.3908   
      1203:     36090.000000           1          -77.3933   
      1204:     36120.000000           1          -77.3929   
      1205:     36150.000000           1          -35.1196   
      1206:     36180.000000           1          -35.1210   
      1207:     36210.000000           1          -35.1252   
      1208:     36240.000000           1          -35.1185   
      1209:     36270.000000           1          -35.1290   
      1210:     36300.000000           1          -35.1204   
      1211:     36330.000000           1          -35.1182   
      1212:     36360.000000           1          -35.1203   
      1213:     36390.000000           1          -35.1165   
      1214:     36420.000000           1          -35.1097   
      1215:     36450.000000           1          -35.1051   
      1216:     36480.000000           1          -77.3673   
      1217:     36510.000000           1          -77.3623   
      1218:     36540.000000           1          -35.0954   
      1219:     36570.000000           1          -77.3587   
      1220:     36600.000000           1          -77.3524   
      1221:     36630.000000           1          -77.3448   
      1222:     36660.000000           1          -77.3444   
      1223:     36690.000000           1          -77.3330   
      1224:     36720.000000           1          -77.3326   
      1225:     36750.000000           1          -77.3261   
      1226:     36780.000000           1          -77.3206   
      1227:     36810.000000           1          -77.3167   
      1228:     36840.000000           1          -77.3149   
      1229:     36870.000000           1          -77.3106   
      1230:     36900.000000           1          -77.3032   
      1231:     36930.000000           1          -77.3027   
      1232:     36960.000000           1          -77.3010   
      1233:     36990.000000           1          -77.2963   
      1234:     37020.000000           1          -77.2917   
      1235:     37050.000000           1          -77.2904   
      1236:     37080.000000           1          -77.2877   
      1237:     37110.000000           1          -77.2823   
      1238:     37140.000000           1          -77.2818   
      1239:     37170.000000           1          -77.2819   
      1240:     37200.000000           1          -77.2877   
      1241:     37230.000000           1          -77.2885   
      1242:     37260.000000           1          -77.2852   
      1243:     37290.000000           1          -77.2774   
      1244:     37320.000000           1          -77.2756   
      1245:     37350.000000           1          -77.2659   
      1246:     37380.000000           1          -77.2600   
      1247:     37410.000000           1          -77.2520   
      1248:     37440.000000           1          -77.2518   
      1249:     37470.000000           1          -77.2438   
      1250:     37500.000000           1          -77.2346   
      1251:     37530.000000           1          -77.2301   
      1252:     37560.000000           1          -77.2313   
      1253:     37590.000000           1          -77.2241   
      1254:     37620.000000           1          -77.2201   
      1255:     37650.000000           1          -77.2155   
      1256:     37680.000000           1          -34.9482   
      1257:     37710.000000           1          -34.9470   
      1258:     37740.000000           1          -77.1970   
      1259:     37770.000000           1          -34.9206   
      1260:     37800.000000           1          -34.9120   
      1261:     37830.000000           1          -34.9066   
      1262:     37860.000000           1          -34.9018   
      1263:     37890.000000           1          -34.8960   
      1264:     37920.000000           1          -77.1507   
      1265:     37950.000000           1          -34.8737   
      1266:     37980.000000           1          -34.8687   
      1267:     38010.000000           1          -34.8680   
      1268:     38040.000000           1          -34.8619   
      1269:     38070.000000           1          -34.8604   
      1270:     38100.000000           1          -34.8500   
      1271:     38130.000000           1          -34.8456   
      1272:     38160.000000           1          -34.8492   
      1273:     38190.000000           1          -34.8426   
      1274:     38220.000000           1          -34.8427   
      1275:     38250.000000           1          -34.8421   
      1276:     38280.000000           1          -34.8382   
      1277:     38310.000000           1          -34.8312   
      1278:     38340.000000           1          -34.8287   
      1279:     38370.000000           1          -34.8267   
      1280:     38400.000000           1          -34.8327   
      1281:     38430.000000           1          -34.8308   
      1282:     38460.000000           1          -34.8316   
      1283:     38490.000000           1          -34.8306   
      1284:     38520.000000           1          -34.8275   
      1285:     38550.000000           1          -34.8169   
      1286:     38580.000000           1          -34.8135   
      1287:     38610.000000           1          -34.8132   
      1288:     38640.000000           1          -34.8077   
      1289:     38670.000000           1          -34.8087   
      1290:     38700.000000           1          -34.8089   
      1291:     38730.000000           1          -34.8013   
      1292:     38760.000000           1          -34.7975   
      1293:     38790.000000           1          -34.7970   
      1294:     38820.000000           1          -34.8029   
      1295:     38850.000000           1          -34.7974   
      1296:     38880.000000           1          -34.7910   
      1297:     38910.000000           1          -34.7881   
      1298:     38940.000000           1          -34.7853   
      1299:     38970.000000           1          -34.7808   
      1300:     39000.000000           1          -34.7770   
      1301:     39030.000000           1          -34.7763   
      1302:     39060.000000           1          -34.7716   
      1303:     39090.000000           1          -34.7691   
      1304:     39120.000000           1          -34.7562   
      1305:     39150.000000           1          -34.7537   
      1306:     39180.000000           1          -34.7558   
      1307:     39210.000000           1          -34.7562   
      1308:     39240.000000           1          -34.7507   
      1309:     39270.000000           1          -34.7531   
      1310:     39300.000000           1          -34.7527   
      1311:     39330.000000           1          -34.7508   
      1312:     39360.000000           1          -34.7477   
      1313:     39390.000000           1          -34.7481   
      1314:     39420.000000           1          -34.7480   
      1315:     39450.000000           1          -34.7458   
      1316:     39480.000000           1          -34.7463   
      1317:     39510.000000           1          -34.7397   
      1318:     39540.000000           1          -34.7391   
      1319:     39570.000000           1          -34.7335   
      1320:     39600.000000           1          -34.7315   
      1321:     39630.000000           1          -34.7248   
      1322:     39660.000000           1          -34.7229   
      1323:     39690.000000           1          -34.7218   
      1324:     39720.000000           1          -34.7229   
      1325:     39750.000000           1          -34.7203   
      1326:     39780.000000           1          -34.7179   
      1327:     39810.000000           1          -34.7128   
      1328:     39840.000000           1          -34.7086   
      1329:     39870.000000           1          -34.7070   
      1330:     39900.000000           1          -34.7057   
      1331:     39930.000000           1          -34.7024   
      1332:     39960.000000           1          -34.6982   
      1333:     39990.000000           1          -34.7011   
      1334:     40020.000000           1          -34.7055   
      1335:     40050.000000           1          -34.7009   
      1336:     40080.000000           1          -34.6999   
      1337:     40110.000000           1          -34.6924   
      1338:     40140.000000           1          -34.6951   
      1339:     40170.000000           1          -34.6948   
      1340:     40200.000000           1          -34.6915   
      1341:     40230.000000           1          -34.6877   
      1342:     40260.000000           1          -34.6823   
      1343:     40290.000000           1          -34.6815   
      1344:     40320.000000           1          -34.6766   
      1345:     40350.000000           1          -34.6748   
      1346:     40380.000000           1          -34.6725   
      1347:     40410.000000           1          -34.6660   
      1348:     40440.000000           1          -34.6670   
      1349:     40470.000000           1          -34.6634   
      1350:     40500.000000           1          -34.6589   
      1351:     40530.000000           1          -34.6537   
      1352:     40560.000000           1          -34.6494   
      1353:     40590.000000           1          -34.6488   
      1354:     40620.000000           1          -34.6448   
      1355:     40650.000000           1          -34.6396   
      1356:     40680.000000           1          -34.6361   
      1357:     40710.000000           1          -34.6300   
      1358:     40740.000000           1          -34.6272   
      1359:     40770.000000           1          -34.6298   
      1360:     40800.000000           1          -34.6233   
      1361:     40830.000000           1          -34.6235   
      1362:     40860.000000           1          -34.6226   
      1363:     40890.000000           1          -34.6200   
      1364:     40920.000000           1          -34.6184   
      1365:     40950.000000           1          -34.6152   
      1366:     40980.000000           1          -34.6129   
      1367:     41010.000000           1          -34.6078   
      1368:     41040.000000           1          -34.6053   
      1369:     41070.000000           1          -34.6027   
      1370:     41100.000000           1          -34.6011   
      1371:     41130.000000           1          -34.5963   
      1372:     41160.000000           1          -34.5945   
      1373:     41190.000000           1          -34.5912   
      1374:     41220.000000           1          -34.5941   
      1375:     41250.000000           1          -34.5946   
      1376:     41280.000000           1          -34.5954   
      1377:     41310.000000           1          -34.5874   
      1378:     41340.000000           1          -34.5882   
      1379:     41370.000000           1          -34.5919   
      1380:     41400.000000           1          -34.5939   
      1381:     41430.000000           1          -34.5916   
      1382:     41460.000000           1          -34.5902   
      1383:     41490.000000           1          -34.5842   
      1384:     41520.000000           1          -34.5840   
      1385:     41550.000000           1          -34.5836   
      1386:     41580.000000           1          -34.5848   
      1387:     41610.000000           1          -34.5853   
      1388:     41640.000000           1          -34.5848   
      1389:     41670.000000           1          -34.5835   
      1390:     41700.000000           1          -34.5818   
      1391:     41730.000000           1          -34.5870   
      1392:     41760.000000           1          -34.5908   
      1393:     41790.000000           1          -34.5936   
      1394:     41820.000000           1          -34.5919   
      1395:     41850.000000           1          -34.5954   
      1396:     41880.000000           1          -34.5966   
      1397:     41910.000000           1          -34.5944   
      1398:     41940.000000           1          -34.5925   
      1399:     41970.000000           1          -34.5950   
      1400:     42000.000000           1          -34.5933   
      1401:     42030.000000           1          -34.5911   
      1402:     42060.000000           1          -34.5912   
      1403:     42090.000000           1          -34.5919   
      1404:     42120.000000           1          -34.5931   
      1405:     42150.000000           1          -34.5977   
      1406:     42180.000000           1          -34.5986   
      1407:     42210.000000           1          -34.5999   
      1408:     42240.000000           1          -34.6008   
      1409:     42270.000000           1          -34.6060   
      1410:     42300.000000           1          -34.6079   
      1411:     42330.000000           1          -34.6061   
      1412:     42360.000000           1          -34.6082   
      1413:     42390.000000           1          -34.6158   
      1414:     42420.000000           1          -34.6177   
      1415:     42450.000000           1          -34.6200   
      1416:     42480.000000           1          -34.6220   
      1417:     42510.000000           1          -34.6248   
      1418:     42540.000000           1          -34.6232   
      1419:     42570.000000           1          -34.6220   
      1420:     42600.000000           1          -34.6215   
      1421:     42630.000000           1          -34.6177   
      1422:     42660.000000           1          -34.6127   
      1423:     42690.000000           1          -34.6106   
      1424:     42720.000000           1          -34.6122   
      1425:     42750.000000           1          -34.6067   
      1426:     42780.000000           1          -34.5973   
      1427:     42810.000000           1          -34.5936   
      1428:     42840.000000           1          -34.5924   
      1429:     42870.000000           1          -34.5923   
      1430:     42900.000000           1          -34.5923   
      1431:     42930.000000           1          -34.5890   
      1432:     42960.000000           1          -34.5896   
      1433:     42990.000000           1          -34.5910   
      1434:     43020.000000           1          -34.5884   
      1435:     43050.000000           1          -34.5900   
      1436:     43080.000000           1          -34.5896   
      1437:     43110.000000           1          -34.5869   
      1438:     43140.000000           1          -34.5818   
      1439:     43170.000000           1          -34.5770   
      1440:     43200.000000           1          -34.5723   
      1441:     43230.000000           1          -34.5671   
      1442:     43260.000000           1          -34.5659   
      1443:     43290.000000           1          -34.5627   
      1444:     43320.000000           1          -34.5631   
      1445:     43350.000000           1           42.9180   
      1446:     43380.000000           1           42.9282   
      1447:     43410.000000           1           42.9387   
      1448:     43440.000000           1           42.9362   
      1449:     43470.000000           1           42.9205   
      1450:     43500.000000           1           42.9040   
      1451:     43530.000000           1           42.8974   
      1452:     43560.000000           1           42.8923   
      1453:     43590.000000           1           42.8913   
      1454:     43620.000000           1           42.8885   
      1455:     43650.000000           1           42.8876   
      1456:     43680.000000           1           42.8752   
      1457:     43710.000000           1           42.8844   
      1458:     43740.000000           1           42.8519   
      1459:     43770.000000           1           42.8253   
      1460:     43800.000000           1           42.8243   
      1461:     43830.000000           1           42.8186   
      1462:     43860.000000           1           42.8105   
      1463:     43890.000000           1           42.8063   
      1464:     43920.000000           1           42.8096   
      1465:     43950.000000           1           42.8158   
      1466:     43980.000000           1           42.8198   
      1467:     44010.000000           1           42.8204   
      1468:     44040.000000           1           42.8207   
      1469:     44070.000000           1           42.8236   
      1470:     44100.000000           1           42.8456   
      1471:     44130.000000           1           42.8649   
