       942:     28260.000000           1          160.1338   
       944:     28320.000000           1          160.1497   
       945:     28350.000000           1          160.1565   
       946:     28380.000000           1          160.1634   
       947:     28410.000000           1          160.1638   
       948:     28440.000000           1          160.1710   
       949:     28470.000000           1          160.1796   
       950:     28500.000000           1          160.1873   
       951:     28530.000000           1          160.2099   
       952:     28560.000000           1          160.2117   
       953:     28590.000000           1          160.2262   
       954:     28620.000000           1          160.2262   
       955:     28650.000000           1          160.2358   
       956:     28680.000000           1          160.2382   
       957:     28710.000000           1          160.2443   
       958:     28740.000000           1          160.2490   
       959:     28770.000000           1          160.2560   
       960:     28800.000000           1          160.2659   
       961:     28830.000000           1          160.2728   
       962:     28860.000000           1          160.2823   
       963:     28890.000000           1          160.2960   
       964:     28920.000000           1          160.3059   
       965:     28950.000000           1          160.3230   
       966:     28980.000000           1          160.3251   
       967:     29010.000000           1          160.3361   
       968:     29040.000000           1          160.3454   
       969:     29070.000000           1         -442.8324   
       970:     29100.000000           1         -442.7958   
       971:     29130.000000           1         -442.7904   
       972:     29160.000000           1         -442.7905   
       973:     29190.000000           1         -442.7629   
       974:     29220.000000           1         -442.7701   
       975:     29250.000000           1         -442.7432   
       976:     29280.000000           1         -442.7465   
       977:     29310.000000           1         -442.7192   
       978:     29340.000000           1         -442.6692   
       979:     29370.000000           1         -442.6736   
       980:     29400.000000           1         -442.6654   
       981:     29430.000000           1         -442.6361   
       982:     29460.000000           1         -442.6145   
       983:     29490.000000           1         -442.6099   
       984:     29520.000000           1         -442.6152   
       985:     29550.000000           1         -442.6041   
       986:     29580.000000           1         -442.6150   
       987:     29610.000000           1         -442.5978   
       988:     29640.000000           1         -442.6048   
       989:     29670.000000           1         -442.5959   
       990:     29700.000000           1         -442.5901   
       991:     29730.000000           1         -442.5961   
       992:     29760.000000           1         -442.5844   
       993:     29790.000000           1         -442.5974   
       994:     29820.000000           1         -442.6128   
       995:     29850.000000           1         -442.6330   
       996:     29880.000000           1         -442.6400   
       997:     29910.000000           1         -442.6523   
       998:     29940.000000           1         -442.6667   
       999:     29970.000000           1         -442.6633   
      1000:     30000.000000           1         -442.6647   
      1001:     30030.000000           1         -442.6621   
      1002:     30060.000000           1         -442.6642   
      1003:     30090.000000           1         -442.6646   
      1004:     30120.000000           1         -442.6622   
      1005:     30150.000000           1         -442.6547   
      1006:     30180.000000           1         -442.6553   
      1007:     30210.000000           1         -442.6624   
      1008:     30240.000000           1         -442.6621   
      1009:     30270.000000           1         -442.6550   
      1010:     30300.000000           1         -442.6632   
      1011:     30330.000000           1         -442.6540   
      1012:     30360.000000           1         -442.6540   
      1013:     30390.000000           1         -442.6547   
      1014:     30420.000000           1         -442.6485   
      1015:     30450.000000           1         -442.6324   
      1016:     30480.000000           1         -442.6144   
      1017:     30510.000000           1         -442.5874   
      1018:     30540.000000           1         -442.5657   
      1019:     30570.000000           1         -442.5552   
      1020:     30600.000000           1         -442.5484   
      1021:     30630.000000           1         -442.5340   
      1022:     30660.000000           1         -442.5285   
      1023:     30690.000000           1         -442.5243   
      1024:     30720.000000           1         -442.5121   
      1025:     30750.000000           1         -442.5079   
      1026:     30780.000000           1         -442.5017   
      1027:     30810.000000           1         -442.4873   
      1028:     30840.000000           1         -442.4877   
      1029:     30870.000000           1         -442.4858   
      1030:     30900.000000           1         -442.4735   
      1031:     30930.000000           1         -442.4635   
      1032:     30960.000000           1         -442.4535   
      1033:     30990.000000           1         -442.4578   
      1034:     31020.000000           1         -442.4561   
      1035:     31050.000000           1         -442.4601   
      1036:     31080.000000           1         -442.4545   
      1037:     31110.000000           1         -442.4488   
      1038:     31140.000000           1         -442.4500   
      1039:     31170.000000           1         -442.4506   
      1040:     31200.000000           1         -442.4397   
      1041:     31230.000000           1         -442.4268   
      1042:     31260.000000           1         -442.4132   
      1043:     31290.000000           1         -442.4005   
      1044:     31320.000000           1         -442.3879   
      1045:     31350.000000           1         -442.3795   
      1046:     31380.000000           1         -442.3762   
      1047:     31410.000000           1         -442.3664   
      1048:     31440.000000           1         -442.3605   
      1049:     31470.000000           1         -442.3530   
      1050:     31500.000000           1         -442.3486   
      1051:     31530.000000           1         -442.3407   
      1052:     31560.000000           1         -442.3254   
      1053:     31590.000000           1         -442.3020   
      1054:     31620.000000           1         -442.2821   
      1055:     31650.000000           1         -442.2680   
      1056:     31680.000000           1         -442.2597   
      1057:     31710.000000           1         -442.2537   
      1058:     31740.000000           1         -442.2384   
      1059:     31770.000000           1         -442.2277   
      1060:     31800.000000           1         -442.2155   
      1061:     31830.000000           1         -442.2060   
      1062:     31860.000000           1         -442.1952   
      1063:     31890.000000           1         -442.1865   
      1064:     31920.000000           1         -442.1768   
      1065:     31950.000000           1         -442.1725   
      1066:     31980.000000           1         -442.1663   
      1067:     32010.000000           1         -442.1652   
      1068:     32040.000000           1         -442.1645   
      1069:     32070.000000           1         -442.1676   
      1070:     32100.000000           1         -442.1644   
      1071:     32130.000000           1         -442.1546   
      1072:     32160.000000           1         -442.1480   
      1073:     32190.000000           1         -442.1386   
      1074:     32220.000000           1         -442.1361   
      1075:     32250.000000           1         -442.1297   
      1076:     32280.000000           1         -442.1218   
      1077:     32310.000000           1         -442.1196   
      1078:     32340.000000           1         -442.1036   
      1079:     32370.000000           1         -442.0961   
      1080:     32400.000000           1         -442.0932   
      1081:     32430.000000           1         -442.1027   
      1082:     32460.000000           1         -442.0975   
      1083:     32490.000000           1         -442.0951   
      1084:     32520.000000           1         -442.0900   
      1085:     32550.000000           1         -442.0850   
      1086:     32580.000000           1         -442.0778   
      1087:     32610.000000           1         -442.0779   
      1088:     32640.000000           1         -442.0721   
      1089:     32670.000000           1         -442.0677   
      1090:     32700.000000           1         -442.0580   
      1091:     32730.000000           1         -442.0560   
      1092:     32760.000000           1         -442.0429   
      1093:     32790.000000           1         -442.0435   
      1094:     32820.000000           1         -442.0452   
      1095:     32850.000000           1         -442.0433   
      1096:     32880.000000           1         -442.0329   
      1097:     32910.000000           1         -442.0331   
      1098:     32940.000000           1         -442.0113   
      1099:     32970.000000           1         -442.0050   
      1100:     33000.000000           1         -441.9978   
      1101:     33030.000000           1         -441.9826   
      1102:     33060.000000           1         -441.9799   
      1103:     33090.000000           1         -441.9737   
      1104:     33120.000000           1         -441.9723   
      1105:     33150.000000           1         -441.9681   
      1106:     33180.000000           1         -441.9590   
      1107:     33210.000000           1         -441.9525   
      1108:     33240.000000           1         -441.9447   
      1109:     33270.000000           1         -441.9351   
      1110:     33300.000000           1         -441.9282   
      1111:     33330.000000           1         -441.9107   
      1112:     33360.000000           1         -441.9039   
      1113:     33390.000000           1         -441.8946   
      1114:     33420.000000           1         -441.8806   
      1115:     33450.000000           1         -441.8697   
      1116:     33480.000000           1         -441.8578   
      1117:     33510.000000           1         -441.8451   
      1118:     33540.000000           1         -441.8381   
      1119:     33570.000000           1         -441.8278   
      1120:     33600.000000           1         -441.8190   
      1121:     33630.000000           1         -441.8099   
      1122:     33660.000000           1         -441.8094   
      1123:     33690.000000           1         -441.8122   
      1124:     33720.000000           1         -441.8024   
      1125:     33750.000000           1         -441.7949   
      1126:     33780.000000           1         -441.7845   
      1127:     33810.000000           1         -441.7782   
      1128:     33840.000000           1         -441.7798   
      1129:     33870.000000           1         -441.7640   
      1130:     33900.000000           1         -441.7618   
      1131:     33930.000000           1         -441.7570   
      1132:     33960.000000           1         -441.7450   
      1133:     33990.000000           1         -441.7384   
      1134:     34020.000000           1         -441.7143   
      1135:     34050.000000           1         -441.6984   
      1136:     34080.000000           1         -441.6809   
      1137:     34110.000000           1         -441.6751   
      1138:     34140.000000           1         -441.6699   
      1139:     34170.000000           1         -441.6514   
      1140:     34200.000000           1         -441.6424   
      1141:     34230.000000           1         -441.6427   
      1142:     34260.000000           1         -441.6398   
      1143:     34290.000000           1         -441.6385   
      1144:     34320.000000           1         -441.6288   
      1145:     34350.000000           1         -441.6191   
      1146:     34380.000000           1         -441.6101   
      1147:     34410.000000           1         -441.6097   
      1148:     34440.000000           1         -441.6052   
      1149:     34470.000000           1         -441.5966   
      1150:     34500.000000           1         -441.5793   
      1151:     34530.000000           1         -441.5750   
      1152:     34560.000000           1         -441.5615   
      1153:     34590.000000           1         -441.5452   
      1154:     34620.000000           1         -441.5400   
      1155:     34650.000000           1         -441.5381   
      1156:     34680.000000           1         -441.5320   
      1157:     34710.000000           1         -441.5277   
      1158:     34740.000000           1         -441.5265   
      1159:     34770.000000           1         -441.5243   
      1160:     34800.000000           1         -441.5192   
      1161:     34830.000000           1         -441.5125   
      1162:     34860.000000           1         -441.5087   
      1163:     34890.000000           1         -441.5001   
      1164:     34920.000000           1         -441.4939   
      1165:     34950.000000           1         -441.4791   
      1166:     34980.000000           1         -441.4701   
      1167:     35010.000000           1         -441.4658   
      1168:     35040.000000           1         -441.4614   
      1169:     35070.000000           1         -441.4583   
      1170:     35100.000000           1         -441.4569   
      1171:     35130.000000           1         -441.4365   
      1172:     35160.000000           1         -441.4218   
      1173:     35190.000000           1         -441.4151   
      1174:     35220.000000           1         -441.4072   
      1175:     35250.000000           1         -441.3988   
      1176:     35280.000000           1         -441.3916   
      1177:     35310.000000           1         -441.3811   
      1178:     35340.000000           1         -441.3772   
      1179:     35370.000000           1         -441.3690   
      1180:     35400.000000           1         -441.3574   
      1181:     35430.000000           1         -441.3517   
      1182:     35460.000000           1         -441.3432   
      1183:     35490.000000           1         -441.3342   
      1184:     35520.000000           1         -441.3239   
      1185:     35550.000000           1         -441.3151   
      1186:     35580.000000           1         -441.3073   
      1187:     35610.000000           1         -441.3000   
      1188:     35640.000000           1         -441.2917   
      1189:     35670.000000           1         -441.2844   
      1190:     35700.000000           1         -441.2814   
      1191:     35730.000000           1         -441.2737   
      1192:     35760.000000           1         -441.2657   
      1193:     35790.000000           1         -441.2574   
      1194:     35820.000000           1         -441.2461   
      1195:     35850.000000           1         -441.2326   
      1196:     35880.000000           1         -441.2205   
      1197:     35910.000000           1         -441.2099   
      1198:     35940.000000           1         -441.1984   
      1199:     35970.000000           1         -441.1932   
      1200:     36000.000000           1         -441.1814   
      1201:     36030.000000           1         -441.1783   
      1202:     36060.000000           1         -441.1750   
      1203:     36090.000000           1         -441.1771   
      1204:     36120.000000           1         -441.1764   
      1205:     36150.000000           1         -441.1654   
      1206:     36180.000000           1         -441.1664   
      1207:     36210.000000           1         -441.1699   
      1208:     36240.000000           1         -441.1614   
      1209:     36270.000000           1         -441.1706   
      1210:     36300.000000           1         -441.1613   
      1211:     36330.000000           1         -441.1578   
      1212:     36360.000000           1         -441.1599   
      1213:     36390.000000           1         -441.1558   
      1214:     36420.000000           1         -441.1481   
      1215:     36450.000000           1         -441.1435   
      1216:     36480.000000           1         -441.1424   
      1217:     36510.000000           1         -441.1366   
      1218:     36540.000000           1         -441.1313   
      1219:     36570.000000           1         -441.1309   
      1220:     36600.000000           1         -441.1233   
      1221:     36630.000000           1         -441.1146   
      1222:     36660.000000           1         -441.1132   
      1223:     36690.000000           1         -441.1010   
      1224:     36720.000000           1         -441.1000   
      1225:     36750.000000           1         -441.0925   
      1226:     36780.000000           1         -441.0865   
      1227:     36810.000000           1         -441.0821   
      1228:     36840.000000           1         -441.0797   
      1229:     36870.000000           1         -441.0749   
      1230:     36900.000000           1         -441.0668   
      1231:     36930.000000           1         -441.0653   
      1232:     36960.000000           1         -441.0625   
      1233:     36990.000000           1         -441.0569   
      1234:     37020.000000           1         -441.0514   
      1235:     37050.000000           1         -441.0494   
      1236:     37080.000000           1         -441.0461   
      1237:     37110.000000           1         -441.0402   
      1238:     37140.000000           1         -441.0396   
      1239:     37170.000000           1         -441.0395   
      1240:     37200.000000           1         -441.0452   
      1241:     37230.000000           1         -441.0458   
      1242:     37260.000000           1         -441.0419   
      1243:     37290.000000           1         -441.0334   
      1244:     37320.000000           1         -441.0306   
      1245:     37350.000000           1         -441.0204   
      1246:     37380.000000           1         -441.0143   
      1247:     37410.000000           1         -441.0062   
      1248:     37440.000000           1         -441.0059   
      1249:     37470.000000           1         -440.9978   
      1250:     37500.000000           1         -440.9884   
      1251:     37530.000000           1         -440.9838   
      1252:     37560.000000           1         -440.9848   
      1253:     37590.000000           1         -440.9771   
      1254:     37620.000000           1         -440.9727   
      1255:     37650.000000           1         -440.9677   
      1256:     37680.000000           1         -440.9582   
      1257:     37710.000000           1         -440.9566   
      1258:     37740.000000           1         -440.9476   
      1259:     37770.000000           1         -440.9284   
      1260:     37800.000000           1         -440.9190   
      1261:     37830.000000           1         -440.9127   
      1262:     37860.000000           1         -440.9073   
      1263:     37890.000000           1         -440.9012   
      1264:     37920.000000           1         -440.8976   
      1265:     37950.000000           1         -440.8768   
      1266:     37980.000000           1         -440.8713   
      1267:     38010.000000           1         -440.8703   
      1268:     38040.000000           1         -440.8642   
      1269:     38070.000000           1         -440.8628   
      1270:     38100.000000           1         -440.8524   
      1271:     38130.000000           1         -440.8481   
      1272:     38160.000000           1         -440.8516   
      1273:     38190.000000           1         -440.8448   
      1274:     38220.000000           1         -440.8450   
      1275:     38250.000000           1         -440.8446   
      1276:     38280.000000           1         -440.8407   
      1277:     38310.000000           1         -440.8335   
      1278:     38340.000000           1         -440.8309   
      1279:     38370.000000           1         -440.8289   
      1280:     38400.000000           1         -440.8351   
      1281:     38430.000000           1         -440.8331   
      1282:     38460.000000           1         -440.8338   
      1283:     38490.000000           1         -440.8326   
      1284:     38520.000000           1         -440.8290   
      1285:     38550.000000           1         -440.8180   
      1286:     38580.000000           1         -440.8142   
      1287:     38610.000000           1         -440.8136   
      1288:     38640.000000           1         -440.8080   
      1289:     38670.000000           1         -440.8088   
      1290:     38700.000000           1         -440.8089   
      1291:     38730.000000           1         -440.8011   
      1292:     38760.000000           1         -440.7972   
      1293:     38790.000000           1         -440.7965   
      1294:     38820.000000           1         -440.8024   
      1295:     38850.000000           1         -440.7969   
      1296:     38880.000000           1         -440.7902   
      1297:     38910.000000           1         -440.7872   
      1298:     38940.000000           1         -440.7843   
      1299:     38970.000000           1         -440.7799   
      1300:     39000.000000           1         -440.7761   
      1301:     39030.000000           1         -440.7755   
      1302:     39060.000000           1         -440.7709   
      1303:     39090.000000           1         -440.7688   
      1304:     39120.000000           1         -440.7560   
      1305:     39150.000000           1         -440.7531   
      1306:     39180.000000           1         -440.7553   
      1307:     39210.000000           1         -440.7556   
      1308:     39240.000000           1         -440.7500   
      1309:     39270.000000           1         -440.7528   
      1310:     39300.000000           1         -440.7526   
      1311:     39330.000000           1         -440.7507   
      1312:     39360.000000           1         -440.7476   
      1313:     39390.000000           1         -440.7483   
      1314:     39420.000000           1         -440.7485   
      1315:     39450.000000           1         -440.7466   
      1316:     39480.000000           1         -440.7472   
      1317:     39510.000000           1         -440.7402   
      1318:     39540.000000           1         -440.7396   
      1319:     39570.000000           1         -440.7336   
      1320:     39600.000000           1         -440.7309   
      1321:     39630.000000           1         -440.7238   
      1322:     39660.000000           1         -440.7219   
      1323:     39690.000000           1         -440.7209   
      1324:     39720.000000           1         -440.7221   
      1325:     39750.000000           1         -440.7197   
      1326:     39780.000000           1         -440.7176   
      1327:     39810.000000           1         -440.7127   
      1328:     39840.000000           1         -440.7086   
      1329:     39870.000000           1         -440.7074   
      1330:     39900.000000           1         -440.7063   
      1331:     39930.000000           1         -440.7031   
      1332:     39960.000000           1         -440.6989   
      1333:     39990.000000           1         -440.7019   
      1334:     40020.000000           1         -440.7067   
      1335:     40050.000000           1         -440.7022   
      1336:     40080.000000           1         -440.7015   
      1337:     40110.000000           1         -440.6939   
      1338:     40140.000000           1         -440.6969   
      1339:     40170.000000           1         -440.6969   
      1340:     40200.000000           1         -440.6933   
      1341:     40230.000000           1         -440.6896   
      1342:     40260.000000           1         -440.6840   
      1343:     40290.000000           1         -440.6831   
      1344:     40320.000000           1         -440.6778   
      1345:     40350.000000           1         -440.6756   
      1346:     40380.000000           1         -440.6728   
      1347:     40410.000000           1         -440.6659   
      1348:     40440.000000           1         -440.6667   
      1349:     40470.000000           1         -440.6629   
      1350:     40500.000000           1         -440.6580   
      1351:     40530.000000           1         -440.6526   
      1352:     40560.000000           1         -440.6484   
      1353:     40590.000000           1         -440.6481   
      1354:     40620.000000           1         -440.6443   
      1355:     40650.000000           1         -440.6395   
      1356:     40680.000000           1         -440.6364   
      1357:     40710.000000           1         -440.6307   
      1358:     40740.000000           1         -440.6281   
      1359:     40770.000000           1         -440.6316   
      1360:     40800.000000           1         -440.6255   
      1361:     40830.000000           1         -440.6262   
      1362:     40860.000000           1         -440.6257   
      1363:     40890.000000           1         -440.6233   
      1364:     40920.000000           1         -440.6218   
      1365:     40950.000000           1         -440.6188   
      1366:     40980.000000           1         -440.6168   
      1367:     41010.000000           1         -440.6118   
      1368:     41040.000000           1         -440.6095   
      1369:     41070.000000           1         -440.6070   
      1370:     41100.000000           1         -440.6055   
      1371:     41130.000000           1         -440.6007   
      1372:     41160.000000           1         -440.5990   
      1373:     41190.000000           1         -440.5958   
      1374:     41220.000000           1         -440.5989   
      1375:     41250.000000           1         -440.5995   
      1376:     41280.000000           1         -440.6002   
      1377:     41310.000000           1         -440.5918   
      1378:     41340.000000           1         -440.5924   
      1379:     41370.000000           1         -440.5962   
      1380:     41400.000000           1         -440.5981   
      1381:     41430.000000           1         -440.5956   
      1382:     41460.000000           1         -440.5941   
      1383:     41490.000000           1         -440.5881   
      1384:     41520.000000           1         -440.5882   
      1385:     41550.000000           1         -440.5878   
      1386:     41580.000000           1         -440.5893   
      1387:     41610.000000           1         -440.5899   
      1388:     41640.000000           1         -440.5894   
      1389:     41670.000000           1         -440.5878   
      1390:     41700.000000           1         -440.5861   
      1391:     41730.000000           1         -440.5915   
      1392:     41760.000000           1         -440.5958   
      1393:     41790.000000           1         -440.5990   
      1394:     41820.000000           1         -440.5975   
      1395:     41850.000000           1         -440.6011   
      1396:     41880.000000           1         -440.6026   
      1397:     41910.000000           1         -440.6005   
      1398:     41940.000000           1         -440.5986   
      1399:     41970.000000           1         -440.6014   
      1400:     42000.000000           1         -440.5997   
      1401:     42030.000000           1         -440.5976   
      1402:     42060.000000           1         -440.5975   
      1403:     42090.000000           1         -440.5982   
      1404:     42120.000000           1         -440.5993   
      1405:     42150.000000           1         -440.6039   
      1406:     42180.000000           1         -440.6046   
      1407:     42210.000000           1         -440.6057   
      1408:     42240.000000           1         -440.6065   
      1409:     42270.000000           1         -440.6115   
      1410:     42300.000000           1         -440.6132   
      1411:     42330.000000           1         -440.6111   
      1412:     42360.000000           1         -440.6131   
      1413:     42390.000000           1         -440.6208   
      1414:     42420.000000           1         -440.6226   
      1415:     42450.000000           1         -440.6251   
      1416:     42480.000000           1         -440.6271   
      1417:     42510.000000           1         -440.6301   
      1418:     42540.000000           1         -440.6285   
      1419:     42570.000000           1         -440.6274   
      1420:     42600.000000           1         -440.6270   
      1421:     42630.000000           1         -440.6234   
      1422:     42660.000000           1         -440.6184   
      1423:     42690.000000           1         -440.6165   
      1424:     42720.000000           1         -440.6184   
      1425:     42750.000000           1         -440.6128   
      1426:     42780.000000           1         -440.6034   
      1427:     42810.000000           1         -440.5997   
      1428:     42840.000000           1         -440.5985   
      1429:     42870.000000           1         -440.5985   
      1430:     42900.000000           1         -440.5985   
      1431:     42930.000000           1         -440.5949   
      1432:     42960.000000           1         -440.5956   
      1433:     42990.000000           1         -440.5970   
      1434:     43020.000000           1         -440.5942   
      1435:     43050.000000           1         -440.5955   
      1436:     43080.000000           1         -440.5949   
      1437:     43110.000000           1         -440.5918   
      1438:     43140.000000           1         -440.5861   
      1439:     43170.000000           1         -440.5807   
      1440:     43200.000000           1         -440.5754   
      1441:     43230.000000           1         -440.5696   
      1442:     43260.000000           1         -440.5681   
      1443:     43290.000000           1         -440.5646   
      1444:     43320.000000           1         -440.5648   
      1445:     43350.000000           1         -440.5647   
      1446:     43380.000000           1         -440.5625   
      1447:     43410.000000           1         -440.5575   
      1448:     43440.000000           1         -440.5547   
      1449:     43470.000000           1         -440.5562   
      1450:     43500.000000           1         -440.5561   
      1451:     43530.000000           1         -440.5549   
      1452:     43560.000000           1         -440.5511   
      1453:     43590.000000           1         -440.5504   
      1454:     43620.000000           1         -440.5483   
      1455:     43650.000000           1         -440.5441   
      1456:     43680.000000           1         -440.5446   
      1457:     43710.000000           1         -440.5469   
      1458:     43740.000000           1         -440.5566   
      1459:     43770.000000           1         -440.5649   
      1460:     43800.000000           1         -440.5670   
      1461:     43830.000000           1         -440.5663   
      1462:     43860.000000           1         -440.5672   
      1463:     43890.000000           1         -440.5670   
      1464:     43920.000000           1         -440.5679   
      1465:     43950.000000           1         -440.5658   
      1466:     43980.000000           1         -440.5648   
      1467:     44010.000000           1         -440.5572   
      1468:     44040.000000           1         -440.5540   
      1469:     44070.000000           1         -440.5516   
      1470:     44100.000000           1         -440.5438   
      1471:     44130.000000           1         -440.5414   
      1472:     44160.000000           1         -440.5452   
      1473:     44190.000000           1         -440.5499   
      1474:     44220.000000           1         -440.5558   
      1475:     44250.000000           1         -440.5557   
      1476:     44280.000000           1         -440.5547   
      1477:     44310.000000           1         -440.5567   
      1478:     44340.000000           1         -440.5559   
      1479:     44370.000000           1         -440.5561   
      1480:     44400.000000           1         -440.5561   
      1481:     44430.000000           1         -440.5586   
      1482:     44460.000000           1         -440.5636   
      1483:     44490.000000           1         -440.5654   
      1484:     44520.000000           1         -440.5702   
      1485:     44550.000000           1         -440.5746   
      1486:     44580.000000           1         -440.5816   
      1487:     44610.000000           1         -440.5854   
      1488:     44640.000000           1         -440.5839   
      1489:     44670.000000           1         -440.5816   
      1490:     44700.000000           1         -440.5828   
      1491:     44730.000000           1         -440.5874   
      1492:     44760.000000           1         -440.5886   
      1493:     44790.000000           1         -440.5838   
      1494:     44820.000000           1         -440.5784   
      1495:     44850.000000           1         -440.5746   
      1496:     44880.000000           1         -440.5686   
      1497:     44910.000000           1         -440.5644   
      1498:     44940.000000           1         -440.5608   
      1499:     44970.000000           1         -440.5592   
      1500:     45000.000000           1         -440.5540   
      1501:     45030.000000           1         -440.5570   
      1502:     45060.000000           1         -440.5629   
      1503:     45090.000000           1         -440.5678   
      1504:     45120.000000           1         -440.5760   
      1505:     45150.000000           1         -440.5841   
      1506:     45180.000000           1         -440.5862   
      1507:     45210.000000           1         -440.5913   
      1508:     45240.000000           1         -440.5981   
      1509:     45270.000000           1         -440.5977   
      1510:     45300.000000           1         -440.6008   
      1511:     45330.000000           1         -440.6058   
      1512:     45360.000000           1         -440.6066   
      1513:     45390.000000           1         -440.6066   
      1514:     45420.000000           1         -440.6076   
      1515:     45450.000000           1         -440.6067   
      1516:     45480.000000           1         -440.6062   
      1517:     45510.000000           1         -440.6076   
      1518:     45540.000000           1         -440.6078   
      1519:     45570.000000           1         -440.6071   
      1520:     45600.000000           1         -440.6067   
      1521:     45630.000000           1         -440.6053   
      1522:     45660.000000           1         -440.6000   
      1523:     45690.000000           1         -440.5991   
      1524:     45720.000000           1         -440.6004   
      1525:     45750.000000           1         -440.6021   
      1526:     45780.000000           1         -440.6053   
      1527:     45810.000000           1         -440.6070   
      1528:     45840.000000           1         -440.6055   
      1529:     45870.000000           1         -440.6179   
      1530:     45900.000000           1         -440.6133   
      1531:     45930.000000           1         -440.6148   
      1532:     45960.000000           1         -440.6122   
      1533:     45990.000000           1         -440.6142   
      1534:     46020.000000           1         -440.6191   
      1535:     46050.000000           1         -440.6213   
      1536:     46080.000000           1         -440.6242   
      1537:     46110.000000           1         -440.6257   
      1538:     46140.000000           1         -440.6291   
      1539:     46170.000000           1         -440.6297   
      1540:     46200.000000           1         -440.6281   
      1541:     46230.000000           1         -440.6285   
      1542:     46260.000000           1         -440.6255   
      1543:     46290.000000           1         -440.6285   
      1544:     46320.000000           1         -440.6258   
      1545:     46350.000000           1         -440.6340   
      1546:     46380.000000           1         -440.6417   
      1547:     46410.000000           1         -440.6469   
      1548:     46440.000000           1         -440.6542   
      1549:     46470.000000           1         -440.6593   
      1550:     46500.000000           1         -440.6617   
      1551:     46530.000000           1         -440.6647   
      1552:     46560.000000           1         -440.6707   
      1553:     46590.000000           1         -440.6747   
      1554:     46620.000000           1         -440.6807   
      1555:     46650.000000           1         -440.6841   
      1556:     46680.000000           1         -440.6916   
      1557:     46710.000000           1         -440.6917   
      1558:     46740.000000           1         -440.6934   
      1559:     46770.000000           1         -440.6933   
      1560:     46800.000000           1         -440.7023   
      1561:     46830.000000           1         -440.7181   
      1562:     46860.000000           1         -440.7165   
      1563:     46890.000000           1         -440.7236   
      1564:     46920.000000           1         -440.7262   
      1565:     46950.000000           1         -440.7317   
      1566:     46980.000000           1         -440.7344   
      1567:     47010.000000           1         -440.7351   
      1568:     47040.000000           1         -440.7382   
      1569:     47070.000000           1         -440.7382   
      1570:     47100.000000           1         -440.7412   
      1571:     47130.000000           1         -440.7438   
      1572:     47160.000000           1         -440.7454   
      1573:     47190.000000           1         -440.7478   
      1574:     47220.000000           1         -440.7459   
      1575:     47250.000000           1         -440.7419   
      1576:     47280.000000           1         -440.7484   
      1577:     47310.000000           1         -440.7457   
      1578:     47340.000000           1         -440.7460   
      1579:     47370.000000           1         -440.7476   
      1580:     47400.000000           1         -440.7487   
      1581:     47430.000000           1         -440.7503   
      1582:     47460.000000           1         -440.7541   
      1583:     47490.000000           1         -440.7574   
      1584:     47520.000000           1         -440.7603   
      1585:     47550.000000           1         -440.7673   
      1586:     47580.000000           1         -440.7710   
      1587:     47610.000000           1         -440.7735   
      1588:     47640.000000           1         -440.7761   
      1589:     47670.000000           1         -440.7773   
      1590:     47700.000000           1         -440.7759   
      1591:     47730.000000           1         -440.7786   
      1592:     47760.000000           1         -440.7804   
      1593:     47790.000000           1         -440.7799   
      1594:     47820.000000           1         -440.7781   
      1595:     47850.000000           1         -440.7768   
      1596:     47880.000000           1         -440.7781   
      1597:     47910.000000           1         -440.7805   
      1598:     47940.000000           1         -440.7782   
      1599:     47970.000000           1         -440.7792   
      1600:     48000.000000           1         -440.7786   
      1601:     48030.000000           1         -440.7778   
      1602:     48060.000000           1         -440.7764   
      1603:     48090.000000           1         -440.7760   
      1604:     48120.000000           1         -440.7784   
      1605:     48150.000000           1         -440.7784   
      1606:     48180.000000           1         -440.7841   
      1607:     48210.000000           1         -440.7914   
      1608:     48240.000000           1         -440.7959   
      1609:     48270.000000           1         -440.7973   
      1610:     48300.000000           1         -440.7987   
      1611:     48330.000000           1         -440.8018   
      1612:     48360.000000           1         -440.8043   
      1613:     48390.000000           1         -440.8040   
      1614:     48420.000000           1         -440.8007   
      1615:     48450.000000           1         -440.8043   
      1616:     48480.000000           1         -440.8098   
      1617:     48510.000000           1         -440.8120   
      1618:     48540.000000           1         -440.8138   
      1619:     48570.000000           1         -440.8139   
      1620:     48600.000000           1         -440.8166   
      1621:     48630.000000           1         -440.8146   
      1622:     48660.000000           1         -440.8136   
      1623:     48690.000000           1         -440.8170   
      1624:     48720.000000           1         -440.8183   
      1625:     48750.000000           1         -440.8216   
      1626:     48780.000000           1         -440.8268   
      1627:     48810.000000           1         -440.8297   
      1628:     48840.000000           1         -440.8320   
      1629:     48870.000000           1         -440.8309   
      1630:     48900.000000           1         -440.8314   
      1631:     48930.000000           1         -440.8324   
      1632:     48960.000000           1         -440.8312   
      1633:     48990.000000           1         -440.8313   
      1634:     49020.000000           1         -440.8361   
      1635:     49050.000000           1         -440.8436   
      1636:     49080.000000           1         -440.8483   
      1637:     49110.000000           1         -440.8529   
      1638:     49140.000000           1         -440.8530   
      1639:     49170.000000           1         -440.8550   
      1640:     49200.000000           1         -440.8497   
      1641:     49230.000000           1         -440.8517   
      1642:     49260.000000           1         -440.8481   
      1643:     49290.000000           1         -440.8491   
      1644:     49320.000000           1         -440.8473   
      1645:     49350.000000           1         -440.8483   
      1646:     49380.000000           1         -440.8506   
      1647:     49410.000000           1         -440.8538   
      1648:     49440.000000           1         -440.8582   
      1649:     49470.000000           1         -440.8622   
      1650:     49500.000000           1         -440.8622   
      1651:     49530.000000           1         -440.8616   
      1652:     49560.000000           1         -440.8645   
      1653:     49590.000000           1         -440.8698   
      1654:     49620.000000           1         -440.8756   
      1655:     49650.000000           1         -440.8786   
      1656:     49680.000000           1         -440.8818   
      1657:     49710.000000           1         -440.8825   
      1658:     49740.000000           1         -440.8848   
      1659:     49770.000000           1         -440.8865   
      1660:     49800.000000           1         -440.8862   
      1661:     49830.000000           1         -440.8878   
      1662:     49860.000000           1         -440.8864   
      1663:     49890.000000           1         -440.8856   
      1664:     49920.000000           1         -440.8868   
      1665:     49950.000000           1         -440.8917   
      1666:     49980.000000           1         -440.8947   
      1667:     50010.000000           1         -440.8974   
      1668:     50040.000000           1         -440.8979   
      1669:     50070.000000           1         -440.8962   
      1670:     50100.000000           1         -440.8928   
      1671:     50130.000000           1         -440.8870   
      1672:     50160.000000           1         -440.8826   
      1673:     50190.000000           1         -440.8795   
      1674:     50220.000000           1         -440.8811   
      1675:     50250.000000           1         -440.8791   
      1676:     50280.000000           1         -440.8809   
      1677:     50310.000000           1         -440.8769   
      1678:     50340.000000           1         -440.8801   
      1679:     50370.000000           1         -440.8816   
      1680:     50400.000000           1         -440.8737   
      1681:     50430.000000           1         -440.8742   
      1682:     50460.000000           1         -440.8723   
      1683:     50490.000000           1         -440.8706   
      1684:     50520.000000           1         -440.8712   
      1685:     50550.000000           1         -440.8741   
      1686:     50580.000000           1         -440.8709   
      1687:     50610.000000           1         -440.8722   
      1688:     50640.000000           1         -440.8767   
      1689:     50670.000000           1         -440.8780   
      1690:     50700.000000           1         -440.8744   
      1691:     50730.000000           1         -440.8702   
      1692:     50760.000000           1         -440.8709   
      1693:     50790.000000           1         -440.8711   
      1694:     50820.000000           1         -440.8699   
      1695:     50850.000000           1         -440.8689   
      1696:     50880.000000           1         -440.8681   
      1697:     50910.000000           1         -440.8643   
      1698:     50940.000000           1         -440.8620   
      1699:     50970.000000           1         -440.8601   
      1700:     51000.000000           1         -440.8594   
      1701:     51030.000000           1         -440.8605   
      1702:     51060.000000           1         -440.8614   
      1703:     51090.000000           1         -440.8663   
      1704:     51120.000000           1         -440.8675   
      1705:     51150.000000           1         -440.8687   
      1706:     51180.000000           1         -440.8657   
      1707:     51210.000000           1         -440.8645   
      1708:     51240.000000           1         -440.8664   
      1709:     51270.000000           1         -440.8640   
      1710:     51300.000000           1         -440.8628   
      1711:     51330.000000           1         -440.8637   
      1712:     51360.000000           1         -440.8646   
      1713:     51390.000000           1         -440.8637   
      1714:     51420.000000           1         -440.8620   
      1715:     51450.000000           1         -440.8632   
      1716:     51480.000000           1         -440.8651   
      1717:     51510.000000           1         -440.8672   
      1718:     51540.000000           1         -440.8645   
      1719:     51570.000000           1         -440.8632   
      1720:     51600.000000           1         -440.8623   
      1721:     51630.000000           1         -440.8593   
      1722:     51660.000000           1         -440.8583   
      1723:     51690.000000           1         -440.8502   
      1724:     51720.000000           1         -440.8456   
      1725:     51750.000000           1         -440.8477   
      1726:     51780.000000           1         -440.8513   
      1727:     51810.000000           1         -440.8550   
      1728:     51840.000000           1         -440.8580   
      1729:     51870.000000           1         -440.8551   
      1730:     51900.000000           1         -440.8550   
      1731:     51930.000000           1         -440.8544   
      1732:     51960.000000           1         -440.8563   
      1733:     51990.000000           1         -440.8557   
      1734:     52020.000000           1         -440.8574   
      1735:     52050.000000           1         -440.8601   
      1736:     52080.000000           1         -440.8611   
      1737:     52110.000000           1         -440.8603   
      1738:     52140.000000           1         -440.8621   
      1739:     52170.000000           1         -440.8628   
      1740:     52200.000000           1         -440.8649   
      1741:     52230.000000           1         -440.8671   
      1742:     52260.000000           1         -440.8707   
      1743:     52290.000000           1         -440.8720   
      1744:     52320.000000           1         -440.8716   
      1745:     52350.000000           1         -440.8741   
      1746:     52380.000000           1         -440.8808   
      1747:     52410.000000           1         -440.8796   
      1748:     52440.000000           1         -440.8786   
      1749:     52470.000000           1         -440.8797   
      1750:     52500.000000           1         -440.8764   
      1751:     52530.000000           1         -440.8727   
      1752:     52560.000000           1         -440.8726   
      1753:     52590.000000           1         -440.8716   
      1754:     52620.000000           1         -440.8716   
      1755:     52650.000000           1         -440.8697   
      1756:     52680.000000           1         -440.8682   
      1757:     52710.000000           1         -440.8701   
      1758:     52740.000000           1         -440.8743   
      1759:     52770.000000           1         -440.8766   
      1760:     52800.000000           1         -440.8781   
      1761:     52830.000000           1         -440.8773   
      1762:     52860.000000           1         -440.8737   
      1763:     52890.000000           1         -440.8738   
      1764:     52920.000000           1         -440.8781   
      1765:     52950.000000           1         -440.8768   
      1766:     52980.000000           1         -440.8768   
      1767:     53010.000000           1         -440.8789   
      1768:     53040.000000           1         -440.8850   
      1769:     53070.000000           1         -440.8915   
      1770:     53100.000000           1         -440.8943   
      1771:     53130.000000           1         -440.8954   
      1772:     53160.000000           1         -440.8956   
      1773:     53190.000000           1         -440.8954   
      1774:     53220.000000           1         -440.8996   
      1775:     53250.000000           1         -440.9046   
      1776:     53280.000000           1         -440.9048   
      1777:     53310.000000           1         -440.9068   
      1778:     53340.000000           1         -440.9101   
      1779:     53370.000000           1         -440.9095   
      1780:     53400.000000           1         -440.9112   
      1781:     53430.000000           1         -440.9121   
      1782:     53460.000000           1         -440.9117   
      1783:     53490.000000           1         -440.9124   
      1784:     53520.000000           1         -440.9142   
      1785:     53550.000000           1         -440.9171   
      1786:     53580.000000           1         -440.9208   
      1787:     53610.000000           1         -440.9205   
      1788:     53640.000000           1         -440.9198   
      1789:     53670.000000           1         -440.9193   
      1790:     53700.000000           1         -440.9170   
      1791:     53730.000000           1         -440.9164   
      1792:     53760.000000           1         -440.9154   
      1793:     53790.000000           1         -440.9111   
      1794:     53820.000000           1         -440.9088   
      1795:     53850.000000           1         -440.9126   
      1796:     53880.000000           1         -440.9119   
      1797:     53910.000000           1         -440.9152   
      1798:     53940.000000           1         -440.9180   
      1799:     53970.000000           1         -440.9207   
      1800:     54000.000000           1         -440.9240   
      1801:     54030.000000           1         -440.9333   
      1802:     54060.000000           1         -440.9385   
      1803:     54090.000000           1         -440.9414   
      1804:     54120.000000           1         -440.9398   
      1805:     54150.000000           1         -440.9370   
      1806:     54180.000000           1         -440.9348   
      1807:     54210.000000           1         -440.9324   
      1808:     54240.000000           1         -440.9333   
      1809:     54270.000000           1         -440.9331   
      1810:     54300.000000           1         -440.9337   
      1811:     54330.000000           1         -440.9341   
      1812:     54360.000000           1         -440.9337   
      1813:     54390.000000           1         -440.9339   
      1814:     54420.000000           1         -440.9413   
      1815:     54450.000000           1         -440.9477   
      1816:     54480.000000           1         -440.9508   
      1817:     54510.000000           1         -440.9546   
      1818:     54540.000000           1         -440.9599   
      1819:     54570.000000           1         -440.9600   
      1820:     54600.000000           1         -440.9599   
      1821:     54630.000000           1         -440.9584   
      1822:     54660.000000           1         -440.9558   
      1823:     54690.000000           1         -440.9517   
      1824:     54720.000000           1         -440.9514   
      1825:     54750.000000           1         -440.9507   
      1826:     54780.000000           1         -440.9540   
      1827:     54810.000000           1         -440.9566   
      1828:     54840.000000           1         -440.9577   
      1829:     54870.000000           1         -440.9633   
      1830:     54900.000000           1         -440.9684   
      1831:     54930.000000           1         -440.9678   
      1832:     54960.000000           1         -440.9688   
      1833:     54990.000000           1         -440.9697   
      1834:     55020.000000           1         -440.9658   
      1835:     55050.000000           1         -440.9673   
      1836:     55080.000000           1         -440.9664   
      1837:     55110.000000           1         -440.9647   
      1838:     55140.000000           1         -440.9654   
      1839:     55170.000000           1         -440.9667   
      1840:     55200.000000           1         -440.9703   
      1841:     55230.000000           1         -440.9745   
      1842:     55260.000000           1         -440.9783   
      1843:     55290.000000           1         -440.9786   
      1844:     55320.000000           1         -440.9807   
      1845:     55350.000000           1         -440.9833   
      1846:     55380.000000           1         -440.9875   
      1847:     55410.000000           1         -440.9966   
      1848:     55440.000000           1         -440.9981   
      1849:     55470.000000           1         -440.9976   
      1850:     55500.000000           1         -440.9970   
      1851:     55530.000000           1         -440.9990   
      1852:     55560.000000           1         -441.0013   
      1853:     55590.000000           1         -441.0032   
      1854:     55620.000000           1         -441.0070   
      1855:     55650.000000           1         -441.0078   
      1856:     55680.000000           1         -441.0121   
      1857:     55710.000000           1         -441.0149   
      1858:     55740.000000           1         -441.0141   
      1859:     55770.000000           1           71.1039   
      1860:     55800.000000           1         -442.0480   
      1861:     55830.000000           1         -442.1285   
      1862:     55860.000000           1         -442.1030   
      1863:     55890.000000           1         -442.1020   
      1864:     55920.000000           1         -442.0922   
      1865:     55950.000000           1         -442.0931   
      1866:     55980.000000           1         -442.0749   
      1867:     56010.000000           1         -442.0768   
      1868:     56040.000000           1         -442.0613   
      1869:     56070.000000           1         -442.0581   
      1870:     56100.000000           1         -442.0534   
      1871:     56130.000000           1         -442.0424   
      1872:     56160.000000           1         -442.0336   
      1873:     56190.000000           1         -442.0193   
      1874:     56220.000000           1         -442.0114   
      1875:     56250.000000           1         -442.0117   
      1876:     56280.000000           1         -442.0140   
      1877:     56310.000000           1         -442.0068   
      1878:     56340.000000           1         -442.0033   
      1879:     56370.000000           1         -442.0002   
      1880:     56400.000000           1         -442.0037   
      1881:     56430.000000           1         -441.9973   
      1882:     56460.000000           1         -442.0010   
      1883:     56490.000000           1         -442.0005   
      1884:     56520.000000           1         -442.0065   
      1885:     56550.000000           1         -442.0146   
      1886:     56580.000000           1         -442.0212   
      1887:     56610.000000           1         -442.0210   
      1888:     56640.000000           1         -442.0198   
      1889:     56670.000000           1         -442.0193   
      1890:     56700.000000           1         -442.0218   
      1891:     56730.000000           1         -442.0287   
      1892:     56760.000000           1         -442.0437   
      1893:     56790.000000           1         -442.0503   
      1894:     56820.000000           1         -442.0561   
      1895:     56850.000000           1         -442.0638   
      1896:     56880.000000           1         -442.0679   
      1897:     56910.000000           1         -442.0711   
      1898:     56940.000000           1         -442.0754   
      1899:     56970.000000           1           70.9776   
      1900:     57000.000000           1           70.9706   
      1901:     57030.000000           1           70.9673   
      1902:     57060.000000           1           70.9638   
      1903:     57090.000000           1           70.9613   
      1904:     57120.000000           1           70.9566   
      1905:     57150.000000           1           70.9474   
      1906:     57180.000000           1           70.9457   
      1907:     57210.000000           1           70.9338   
      1908:     57240.000000           1           70.9175   
      1909:     57270.000000           1           70.9182   
      1910:     57300.000000           1           70.9114   
      1911:     57330.000000           1           70.9035   
      1912:     57360.000000           1           70.9017   
      1913:     57390.000000           1           70.9002   
      1914:     57420.000000           1           70.8953   
      1915:     57450.000000           1           70.8968   
      1916:     57480.000000           1           70.8912   
      1917:     57510.000000           1           70.8962   
      1918:     57540.000000           1           70.8935   
      1919:     57570.000000           1           70.8925   
      1920:     57600.000000           1           70.8884   
      1921:     57630.000000           1           70.8852   
      1922:     57660.000000           1           70.8847   
      1924:     57720.000000           1           70.8737   
      1925:     57750.000000           1           70.8710   
      1927:     57810.000000           1           70.8735   
