       759:    541170.000000           1          331.8477   
       760:    541200.000000           1          331.8409   
       761:    541230.000000           1          331.8409   
       762:    541260.000000           1          331.8372   
       763:    541290.000000           1          331.8331   
       764:    541320.000000           1          331.8297   
       765:    541350.000000           1          331.8254   
       766:    541380.000000           1          331.8169   
       767:    541410.000000           1          331.8090   
       768:    541440.000000           1          331.7990   
       769:    541470.000000           1          331.7873   
       770:    541500.000000           1          331.7742   
       771:    541530.000000           1          331.7629   
       772:    541560.000000           1          331.7529   
       773:    541590.000000           1          331.7451   
       774:    541620.000000           1          331.7375   
       775:    541650.000000           1          331.7298   
       776:    541680.000000           1          331.7285   
       777:    541710.000000           1          331.7251   
       778:    541740.000000           1          331.7094   
       779:    541770.000000           1          331.6943   
       780:    541800.000000           1          331.6816   
       781:    541830.000000           1          331.6680   
       782:    541860.000000           1          331.6525   
       783:    541890.000000           1          331.6345   
       784:    541920.000000           1          331.6173   
       785:    541950.000000           1          331.5989   
       786:    541980.000000           1          956.6680   
       787:    542010.000000           1          956.5228   
       788:    542040.000000           1          956.4596   
       789:    542070.000000           1          956.4035   
       790:    542100.000000           1          956.3484   
       791:    542130.000000           1          956.2789   
       792:    542160.000000           1          956.2866   
       793:    542190.000000           1          956.2803   
       794:    542220.000000           1          331.4268   
       795:    542250.000000           1          956.2046   
       796:    542280.000000           1          956.1489   
       797:    542310.000000           1          331.3568   
       798:    542340.000000           1          955.5715   
       799:    542370.000000           1          955.5669   
       800:    542400.000000           1          955.5442   
       801:    542430.000000           1          955.3928   
       802:    542460.000000           1          955.2570   
       803:    542490.000000           1          955.1480   
       804:    542520.000000           1          955.1062   
       805:    542550.000000           1          955.0390   
       806:    542580.000000           1          955.0478   
       807:    542610.000000           1          955.0653   
       808:    542640.000000           1          955.0798   
       809:    542670.000000           1          955.1152   
       810:    542700.000000           1          955.1496   
       811:    542730.000000           1          955.2171   
       812:    542760.000000           1          955.2701   
       813:    542790.000000           1          955.2792   
       814:    542820.000000           1          955.3173   
       815:    542850.000000           1          331.0922   
       816:    542880.000000           1          955.7915   
       817:    542910.000000           1          955.7383   
       818:    542940.000000           1          955.6681   
       819:    542970.000000           1          331.0033   
       820:    543000.000000           1          955.6554   
       821:    543030.000000           1          955.5716   
       822:    543060.000000           1          955.5253   
       823:    543090.000000           1          955.4332   
       824:    543120.000000           1          955.4084   
       825:    543150.000000           1          955.4247   
       826:    543180.000000           1          955.4451   
       827:    543210.000000           1          955.4569   
       828:    543240.000000           1          955.4993   
       829:    543270.000000           1          955.4980   
       830:    543300.000000           1          955.4629   
       831:    543330.000000           1          955.4405   
       832:    543360.000000           1          955.3984   
       833:    543390.000000           1          955.3657   
       834:    543420.000000           1          955.3462   
       835:    543450.000000           1          955.3652   
       836:    543480.000000           1          955.3788   
       837:    543510.000000           1          955.4099   
       838:    543540.000000           1          955.4387   
       839:    543570.000000           1          955.4384   
       840:    543600.000000           1          955.4058   
       841:    543630.000000           1          955.3870   
       842:    543660.000000           1          955.3737   
       843:    543690.000000           1          955.3445   
       844:    543720.000000           1          955.2935   
       845:    543750.000000           1          955.2517   
       846:    543780.000000           1          955.2365   
       847:    543810.000000           1          955.2163   
       848:    543840.000000           1          955.2047   
       849:    543870.000000           1          955.1876   
       850:    543900.000000           1          955.1843   
       851:    543930.000000           1          955.1769   
       852:    543960.000000           1          955.1597   
       853:    543990.000000           1          955.0996   
       854:    544020.000000           1          955.0484   
       855:    544050.000000           1          954.9855   
       856:    544080.000000           1          954.9639   
       857:    544110.000000           1          954.9273   
       858:    544140.000000           1          954.9021   
       859:    544170.000000           1          954.8860   
       860:    544200.000000           1          954.8776   
       861:    544230.000000           1          954.8820   
       862:    544260.000000           1          954.8731   
       863:    544290.000000           1          954.8542   
       864:    544320.000000           1          954.8329   
       865:    544350.000000           1          954.8130   
       866:    544380.000000           1          954.7952   
       867:    544410.000000           1          954.7837   
       868:    544440.000000           1          954.7696   
       869:    544470.000000           1          954.7524   
       870:    544500.000000           1          954.7202   
       871:    544530.000000           1          954.6896   
       872:    544560.000000           1          954.6601   
       873:    544590.000000           1          954.6435   
       874:    544620.000000           1          954.6040   
       875:    544650.000000           1          954.5747   
       876:    544680.000000           1          954.5607   
       877:    544710.000000           1          954.5436   
       878:    544740.000000           1          954.5367   
       879:    544770.000000           1          954.5271   
       880:    544800.000000           1          954.5106   
       881:    544830.000000           1          954.4966   
       882:    544860.000000           1          954.4789   
       883:    544890.000000           1          954.4633   
       884:    544920.000000           1          954.4502   
       885:    544950.000000           1          954.4451   
       886:    544980.000000           1          954.4388   
       887:    545010.000000           1          954.4341   
       888:    545040.000000           1          954.4298   
       889:    545070.000000           1          954.4228   
       890:    545100.000000           1          954.4132   
       891:    545130.000000           1          954.4058   
       892:    545160.000000           1          954.3961   
       893:    545190.000000           1          954.3844   
       894:    545220.000000           1          954.3843   
       895:    545250.000000           1          954.3752   
       896:    545280.000000           1          954.3674   
       897:    545310.000000           1          954.3586   
       898:    545340.000000           1          954.3495   
       899:    545370.000000           1          954.3410   
       900:    545400.000000           1          954.3176   
       901:    545430.000000           1          954.3122   
       902:    545460.000000           1          954.2980   
       903:    545490.000000           1          954.2850   
       904:    545520.000000           1          954.2854   
       905:    545550.000000           1          954.2790   
       906:    545580.000000           1          954.2695   
       907:    545610.000000           1          954.2532   
       908:    545640.000000           1          954.2410   
       909:    545670.000000           1          954.2214   
       910:    545700.000000           1          954.1944   
       911:    545730.000000           1          954.1647   
       912:    545760.000000           1          954.1474   
       913:    545790.000000           1          954.1273   
       914:    545820.000000           1          954.1108   
       915:    545850.000000           1          954.0875   
       916:    545880.000000           1          954.0533   
       917:    545910.000000           1          954.0421   
       918:    545940.000000           1          954.0262   
       919:    545970.000000           1          953.9954   
       920:    546000.000000           1          953.9698   
       921:    546030.000000           1          953.9567   
       922:    546060.000000           1          953.9409   
       923:    546090.000000           1          953.9151   
       924:    546120.000000           1          953.8777   
       925:    546150.000000           1          953.8167   
       926:    546180.000000           1          953.7857   
       927:    546210.000000           1          953.7460   
       928:    546240.000000           1          953.7294   
       929:    546270.000000           1          953.7076   
       930:    546300.000000           1          953.6942   
       931:    546330.000000           1          953.6704   
       932:    546360.000000           1          953.6490   
       933:    546390.000000           1          953.6287   
       934:    546420.000000           1          953.6142   
       935:    546450.000000           1          953.6077   
       936:    546480.000000           1          953.6025   
       937:    546510.000000           1          953.5848   
       938:    546540.000000           1          953.5720   
       939:    546570.000000           1          953.5486   
       940:    546600.000000           1          953.5321   
       941:    546630.000000           1          953.5180   
       942:    546660.000000           1          953.4919   
       943:    546690.000000           1          953.4620   
       944:    546720.000000           1          953.4468   
       945:    546750.000000           1          953.4382   
       946:    546780.000000           1          953.4115   
       947:    546810.000000           1          953.3829   
       948:    546840.000000           1          953.3687   
       949:    546870.000000           1          953.3505   
       950:    546900.000000           1          953.3194   
       951:    546930.000000           1          953.3045   
       952:    546960.000000           1          953.2899   
       953:    546990.000000           1          953.2758   
       954:    547020.000000           1          953.2604   
       955:    547050.000000           1          953.2440   
       956:    547080.000000           1          953.2255   
       957:    547110.000000           1          953.2144   
       958:    547140.000000           1          953.1958   
       959:    547170.000000           1          953.1787   
       960:    547200.000000           1          953.1649   
       961:    547230.000000           1          953.1468   
       962:    547260.000000           1          953.1269   
       963:    547290.000000           1          953.1070   
       964:    547320.000000           1          953.0863   
       965:    547350.000000           1          953.0413   
       966:    547380.000000           1          952.9976   
       967:    547410.000000           1          952.9562   
       968:    547440.000000           1          952.9183   
       969:    547470.000000           1          952.8771   
       970:    547500.000000           1          952.8470   
       971:    547530.000000           1          952.8235   
       972:    547560.000000           1          952.8030   
       973:    547590.000000           1          952.7726   
       974:    547620.000000           1          952.7489   
       975:    547650.000000           1          952.7285   
       976:    547680.000000           1          952.7029   
       977:    547710.000000           1          952.6842   
       978:    547740.000000           1          952.6634   
       979:    547770.000000           1          952.6473   
       980:    547800.000000           1          952.6114   
       981:    547830.000000           1          952.5849   
       982:    547860.000000           1          952.5638   
       983:    547890.000000           1          952.5354   
       984:    547920.000000           1          952.5126   
       985:    547950.000000           1          952.5006   
       986:    547980.000000           1          952.4891   
       987:    548010.000000           1          952.4789   
       988:    548040.000000           1          952.4500   
       989:    548070.000000           1          952.4199   
       990:    548100.000000           1          952.4058   
       991:    548130.000000           1          952.3950   
       992:    548160.000000           1          952.3803   
       993:    548190.000000           1          952.3642   
       994:    548220.000000           1          952.3533   
       995:    548250.000000           1          952.3328   
       996:    548280.000000           1          952.3142   
       997:    548310.000000           1          952.3016   
       998:    548340.000000           1          952.2923   
       999:    548370.000000           1          952.2798   
      1000:    548400.000000           1          952.2639   
      1001:    548430.000000           1          952.2521   
      1002:    548460.000000           1          952.2412   
      1003:    548490.000000           1          952.2298   
      1004:    548520.000000           1          952.2166   
      1005:    548550.000000           1          952.2077   
      1006:    548580.000000           1          952.2020   
      1007:    548610.000000           1          952.1960   
      1008:    548640.000000           1          952.1868   
      1009:    548670.000000           1          952.1759   
      1010:    548700.000000           1          952.1489   
      1011:    548730.000000           1          952.1207   
      1012:    548760.000000           1          952.1050   
      1013:    548790.000000           1          952.0726   
      1014:    548820.000000           1          952.0478   
      1015:    548850.000000           1          952.0355   
      1016:    548880.000000           1          952.0133   
      1017:    548910.000000           1          951.9922   
      1018:    548940.000000           1          951.9838   
      1019:    548970.000000           1          951.9647   
      1020:    549000.000000           1          951.9439   
      1021:    549030.000000           1          951.9341   
      1022:    549060.000000           1          951.9016   
      1023:    549090.000000           1          951.8757   
      1024:    549120.000000           1          951.8506   
      1025:    549150.000000           1          951.8225   
      1026:    549180.000000           1          951.7890   
      1027:    549210.000000           1          951.7567   
      1028:    549240.000000           1          951.7265   
      1029:    549270.000000           1          951.7024   
      1030:    549300.000000           1          951.6911   
      1031:    549330.000000           1          951.6815   
      1032:    549360.000000           1          951.6724   
      1033:    549390.000000           1          951.6668   
      1034:    549420.000000           1          951.6607   
      1035:    549450.000000           1          951.6516   
      1036:    549480.000000           1          951.6451   
      1037:    549510.000000           1          951.6361   
      1038:    549540.000000           1          951.6160   
      1039:    549570.000000           1          951.5955   
      1040:    549600.000000           1          951.5747   
      1041:    549630.000000           1          951.5630   
      1042:    549660.000000           1          951.5607   
      1043:    549690.000000           1          951.5527   
      1044:    549720.000000           1          951.5479   
      1045:    549750.000000           1          951.5381   
      1046:    549780.000000           1          951.5300   
      1047:    549810.000000           1          951.5232   
      1048:    549840.000000           1          951.5139   
      1049:    549870.000000           1          951.4987   
      1050:    549900.000000           1          951.4792   
      1051:    549930.000000           1          951.4708   
      1052:    549960.000000           1          951.4459   
      1053:    549990.000000           1          951.4213   
      1054:    550020.000000           1          951.4120   
      1055:    550050.000000           1          951.4032   
      1056:    550080.000000           1          951.3931   
      1057:    550110.000000           1          951.3788   
      1058:    550140.000000           1          951.3591   
      1059:    550170.000000           1          951.3379   
      1060:    550200.000000           1          951.3266   
      1061:    550230.000000           1          951.3174   
      1062:    550260.000000           1          951.3104   
      1063:    550290.000000           1          951.3016   
      1064:    550320.000000           1          951.2930   
      1065:    550350.000000           1          951.2811   
      1066:    550380.000000           1          951.2690   
      1067:    550410.000000           1          951.2607   
      1068:    550440.000000           1          951.2492   
      1069:    550470.000000           1          951.2321   
      1070:    550500.000000           1          951.2148   
      1071:    550530.000000           1          951.2055   
      1072:    550560.000000           1          951.1998   
      1073:    550590.000000           1          951.1962   
      1074:    550620.000000           1          951.1825   
      1075:    550650.000000           1          951.1818   
      1076:    550680.000000           1          951.1769   
      1077:    550710.000000           1          951.1723   
      1078:    550740.000000           1          951.1594   
      1079:    550770.000000           1          951.1490   
      1080:    550800.000000           1          951.1386   
      1081:    550830.000000           1          951.1311   
      1082:    550860.000000           1          951.1281   
      1083:    550890.000000           1          951.1273   
      1084:    550920.000000           1          951.1243   
      1085:    550950.000000           1          951.1176   
      1086:    550980.000000           1          951.1145   
      1087:    551010.000000           1          951.1134   
      1088:    551040.000000           1          951.1072   
      1089:    551070.000000           1          951.1030   
      1090:    551100.000000           1          951.0972   
      1091:    551130.000000           1          951.0906   
      1092:    551160.000000           1          951.0835   
      1093:    551190.000000           1          951.0773   
      1094:    551220.000000           1          951.0715   
      1095:    551250.000000           1          951.0642   
      1096:    551280.000000           1          951.0561   
      1097:    551310.000000           1          951.0387   
      1098:    551340.000000           1          951.0287   
      1099:    551370.000000           1          951.0179   
      1100:    551400.000000           1          951.0090   
      1101:    551430.000000           1          950.9979   
      1102:    551460.000000           1          950.9848   
      1103:    551490.000000           1          950.9759   
      1104:    551520.000000           1          950.9661   
      1105:    551550.000000           1          950.9574   
      1106:    551580.000000           1          950.9470   
      1107:    551610.000000           1          950.9416   
      1108:    551640.000000           1          950.9339   
      1109:    551670.000000           1          950.9318   
      1110:    551700.000000           1          950.9260   
      1111:    551730.000000           1          950.9254   
      1112:    551760.000000           1          950.9171   
      1113:    551790.000000           1          950.9120   
      1114:    551820.000000           1          950.9004   
      1115:    551850.000000           1          950.8963   
      1116:    551880.000000           1          950.8909   
      1117:    551910.000000           1          950.8865   
      1118:    551940.000000           1          950.8829   
      1119:    551970.000000           1          950.8801   
      1120:    552000.000000           1          950.8750   
      1121:    552030.000000           1          950.8595   
      1122:    552060.000000           1          950.8547   
      1123:    552090.000000           1          950.8513   
      1124:    552120.000000           1          950.8410   
      1125:    552150.000000           1          950.8329   
      1126:    552180.000000           1          950.8279   
      1127:    552210.000000           1          950.8240   
      1128:    552240.000000           1          950.8207   
      1129:    552270.000000           1          950.8174   
      1130:    552300.000000           1          950.8151   
      1131:    552330.000000           1          950.8132   
      1132:    552360.000000           1          950.8107   
      1133:    552390.000000           1          950.8063   
      1134:    552420.000000           1          950.8044   
      1135:    552450.000000           1          950.8024   
      1136:    552480.000000           1          950.7995   
      1137:    552510.000000           1          950.7950   
      1138:    552540.000000           1          950.7916   
      1139:    552570.000000           1          950.7878   
      1140:    552600.000000           1          950.7864   
      1141:    552630.000000           1          950.7857   
      1142:    552660.000000           1          950.7847   
      1143:    552690.000000           1          950.7780   
      1144:    552720.000000           1          950.7741   
      1145:    552750.000000           1          950.7718   
      1146:    552780.000000           1          950.7709   
      1147:    552810.000000           1          950.7690   
      1148:    552840.000000           1          950.7675   
      1149:    552870.000000           1          950.7705   
      1150:    552900.000000           1          950.7703   
      1151:    552930.000000           1          950.7751   
      1152:    552960.000000           1          950.7806   
      1153:    552990.000000           1          950.7797   
      1154:    553020.000000           1          950.7773   
      1155:    553050.000000           1          950.7731   
      1156:    553080.000000           1          950.7728   
      1157:    553110.000000           1          950.7748   
      1158:    553140.000000           1          950.7759   
      1159:    553170.000000           1          950.7757   
      1160:    553200.000000           1          950.7749   
      1161:    553230.000000           1          950.7717   
      1162:    553260.000000           1          950.7710   
      1163:    553290.000000           1          950.7721   
      1164:    553320.000000           1          950.7726   
      1165:    553350.000000           1          950.7727   
      1166:    553380.000000           1          950.7773   
      1167:    553410.000000           1          950.7783   
      1168:    553440.000000           1          950.7767   
      1169:    553470.000000           1          950.7772   
      1170:    553500.000000           1          950.7784   
      1171:    553530.000000           1          950.7821   
      1172:    553560.000000           1          950.7856   
      1173:    553590.000000           1          950.7871   
      1174:    553620.000000           1          950.7874   
      1175:    553650.000000           1          950.7887   
      1176:    553680.000000           1          950.7895   
      1177:    553710.000000           1          950.7924   
      1178:    553740.000000           1          950.7951   
      1179:    553770.000000           1          950.7972   
      1180:    553800.000000           1          950.7989   
      1181:    553830.000000           1          950.8015   
      1182:    553860.000000           1          950.8128   
      1183:    553890.000000           1          950.8253   
      1184:    553920.000000           1          950.8295   
      1185:    553950.000000           1          950.8338   
      1186:    553980.000000           1          950.8461   
      1187:    554010.000000           1          950.8588   
      1188:    554040.000000           1          950.8591   
      1189:    554070.000000           1          950.8599   
      1190:    554100.000000           1          950.8629   
      1191:    554130.000000           1          950.8655   
      1192:    554160.000000           1          950.8710   
      1193:    554190.000000           1          950.8794   
      1194:    554220.000000           1          326.5143   
      1195:    554250.000000           1          950.8966   
      1196:    554280.000000           1          950.9003   
      1197:    554310.000000           1          950.9038   
      1198:    554340.000000           1          950.9079   
      1199:    554370.000000           1          950.9103   
      1200:    554400.000000           1          950.9192   
      1201:    554430.000000           1          950.9292   
      1202:    554460.000000           1          950.9389   
      1203:    554490.000000           1          950.9435   
      1204:    554520.000000           1          950.9467   
      1205:    554550.000000           1          950.9508   
      1206:    554580.000000           1          950.9550   
      1207:    554610.000000           1          950.9588   
      1208:    554640.000000           1          950.9628   
      1209:    554670.000000           1          950.9692   
      1210:    554700.000000           1          950.9736   
      1211:    554730.000000           1          950.9782   
      1212:    554760.000000           1          950.9828   
      1213:    554790.000000           1          950.9886   
      1214:    554820.000000           1          950.9945   
      1215:    554850.000000           1          950.9997   
      1216:    554880.000000           1          951.0023   
      1217:    554910.000000           1          951.0071   
      1218:    554940.000000           1          951.0217   
      1219:    554970.000000           1          951.0279   
      1220:    555000.000000           1          951.0345   
      1221:    555030.000000           1          951.0419   
      1222:    555060.000000           1          951.0527   
      1223:    555090.000000           1          951.0602   
      1224:    555120.000000           1          951.0669   
      1225:    555150.000000           1          951.0735   
      1226:    555180.000000           1          326.7186   
      1227:    555210.000000           1          951.0963   
      1228:    555240.000000           1          951.1034   
      1229:    555270.000000           1          951.1214   
      1230:    555300.000000           1          951.1314   
      1231:    555330.000000           1          951.1394   
      1232:    555360.000000           1          951.1505   
      1233:    555390.000000           1          951.1669   
      1234:    555420.000000           1          951.1773   
      1235:    555450.000000           1          951.1871   
      1236:    555480.000000           1          951.1954   
      1237:    555510.000000           1          951.2088   
      1238:    555540.000000           1          951.2580   
      1239:    555570.000000           1          951.2925   
      1240:    555600.000000           1          326.8456   
      1241:    555630.000000           1          326.8558   
      1242:    555660.000000           1          326.8627   
      1243:    555690.000000           1          326.8690   
      1244:    555720.000000           1          326.8827   
      1245:    555750.000000           1          326.8966   
      1246:    555780.000000           1          326.9136   
      1247:    555810.000000           1          326.9207   
      1248:    555840.000000           1          326.9293   
      1249:    555870.000000           1          326.9361   
      1250:    555900.000000           1          326.9401   
      1251:    555930.000000           1          326.9462   
      1252:    555960.000000           1          326.9600   
      1253:    555990.000000           1          326.9699   
      1254:    556020.000000           1          326.9802   
      1255:    556050.000000           1          326.9877   
      1256:    556080.000000           1          326.9911   
      1257:    556110.000000           1          327.0009   
      1258:    556140.000000           1          327.0127   
      1259:    556170.000000           1          327.0238   
      1260:    556200.000000           1          327.0306   
      1261:    556230.000000           1          327.0418   
      1262:    556260.000000           1          327.0576   
      1263:    556290.000000           1          327.0643   
      1264:    556320.000000           1          951.5065   
      1265:    556350.000000           1          951.5276   
      1266:    556380.000000           1          951.5367   
      1267:    556410.000000           1          951.5460   
      1268:    556440.000000           1          951.5671   
      1269:    556470.000000           1          951.5816   
      1270:    556500.000000           1          951.5886   
      1271:    556530.000000           1          951.5921   
      1272:    556560.000000           1          951.5968   
      1273:    556590.000000           1          951.6073   
      1274:    556620.000000           1          951.6132   
      1275:    556650.000000           1          951.6198   
      1276:    556680.000000           1          326.9956   
      1277:    556710.000000           1          327.0315   
      1278:    556740.000000           1          327.0327   
      1279:    556770.000000           1          327.0501   
      1280:    556800.000000           1          327.0585   
      1281:    556830.000000           1          327.0609   
      1282:    556860.000000           1          327.0693   
      1283:    556890.000000           1          327.0737   
      1284:    556920.000000           1          327.0839   
      1285:    556950.000000           1          327.0944   
      1286:    556980.000000           1          327.0988   
      1287:    557010.000000           1          327.1131   
      1288:    557040.000000           1          327.1252   
      1289:    557070.000000           1          327.1382   
      1290:    557100.000000           1          327.1475   
      1291:    557130.000000           1          327.1591   
      1292:    557160.000000           1          327.1710   
      1293:    557190.000000           1          327.1843   
      1294:    557220.000000           1          327.2050   
      1295:    557250.000000           1          327.2125   
      1296:    557280.000000           1          327.2223   
      1297:    557310.000000           1          115.0005   
      1298:    557340.000000           1          327.0220   
      1299:    557370.000000           1          327.1317   
      1300:    557400.000000           1          327.1674   
      1301:    557430.000000           1          951.8704   
      1302:    557460.000000           1          951.8780   
      1303:    557490.000000           1          951.8820   
      1304:    557520.000000           1          951.8864   
      1305:    557550.000000           1          951.8929   
      1306:    557580.000000           1          951.9078   
      1307:    557610.000000           1          951.9249   
      1308:    557640.000000           1          951.9317   
      1309:    557670.000000           1          951.9388   
      1310:    557700.000000           1          951.9452   
      1311:    557730.000000           1          951.9536   
      1312:    557760.000000           1          951.9691   
      1313:    557790.000000           1          951.9816   
      1314:    557820.000000           1          951.9946   
      1315:    557850.000000           1          952.0019   
      1316:    557880.000000           1          952.0121   
      1317:    557910.000000           1          952.0274   
      1318:    557940.000000           1          952.0364   
      1319:    557970.000000           1          952.0538   
      1320:    558000.000000           1          952.0678   
      1321:    558030.000000           1          952.0759   
      1322:    558060.000000           1          952.0963   
      1323:    558090.000000           1          952.1070   
      1324:    558120.000000           1          952.1212   
      1325:    558150.000000           1          952.1302   
      1326:    558180.000000           1          952.1362   
      1327:    558210.000000           1          952.1441   
      1328:    558240.000000           1          952.1535   
      1329:    558270.000000           1          952.1609   
      1330:    558300.000000           1          952.1758   
      1331:    558330.000000           1          952.1964   
      1332:    558360.000000           1          952.2041   
      1333:    558390.000000           1          952.2156   
      1334:    558420.000000           1          952.2238   
      1335:    558450.000000           1          952.2340   
      1336:    558480.000000           1          952.2456   
      1337:    558510.000000           1         -423.6374   
      1338:    558540.000000           1          952.2740   
      1339:    558570.000000           1          952.2864   
      1340:    558600.000000           1          952.2909   
      1341:    558630.000000           1          952.3037   
      1342:    558660.000000           1          952.3197   
      1343:    558690.000000           1          952.3322   
      1344:    558720.000000           1          952.3409   
      1345:    558750.000000           1          952.3434   
      1346:    558780.000000           1          952.3809   
      1347:    558810.000000           1          952.3922   
      1348:    558840.000000           1          952.4024   
      1349:    558870.000000           1          952.4099   
      1350:    558900.000000           1          952.4239   
      1351:    558930.000000           1          952.4334   
      1352:    558960.000000           1          952.4430   
      1353:    558990.000000           1          952.4545   
      1354:    559020.000000           1          952.4601   
      1355:    559050.000000           1          952.4656   
      1356:    559080.000000           1          952.4699   
      1357:    559110.000000           1          952.4748   
      1358:    559140.000000           1          952.4797   
      1359:    559170.000000           1          952.4946   
      1360:    559200.000000           1          952.5040   
      1361:    559230.000000           1          952.5141   
      1362:    559260.000000           1          952.5206   
      1363:    559290.000000           1          952.5266   
      1364:    559320.000000           1          952.5355   
      1365:    559350.000000           1          952.5400   
      1366:    559380.000000           1          952.5460   
      1367:    559410.000000           1          952.5535   
      1368:    559440.000000           1          952.5613   
      1369:    559470.000000           1          952.5669   
      1370:    559500.000000           1          952.5724   
      1371:    559530.000000           1          952.5688   
      1372:    559560.000000           1          952.5647   
      1373:    559590.000000           1          952.5564   
      1374:    559620.000000           1          952.5532   
      1375:    559650.000000           1          952.5501   
      1376:    559680.000000           1          952.5452   
      1377:    559710.000000           1          952.5415   
      1378:    559740.000000           1          952.5356   
      1379:    559770.000000           1          952.5261   
      1380:    559800.000000           1          952.5162   
      1381:    559830.000000           1          952.5089   
      1382:    559860.000000           1          952.5044   
      1383:    559890.000000           1          952.5022   
      1384:    559920.000000           1          952.5049   
      1385:    559950.000000           1          952.4999   
      1386:    559980.000000           1          952.4913   
      1387:    560010.000000           1          952.4848   
      1388:    560040.000000           1          952.4805   
      1389:    560070.000000           1          952.4714   
      1390:    560100.000000           1          952.4687   
      1391:    560130.000000           1          952.4659   
      1392:    560160.000000           1          952.4577   
      1393:    560190.000000           1          952.4508   
      1394:    560220.000000           1          952.4501   
      1395:    560250.000000           1          952.4472   
      1396:    560280.000000           1          952.4437   
      1397:    560310.000000           1          952.4408   
      1398:    560340.000000           1          952.4383   
      1399:    560370.000000           1          952.4352   
      1400:    560400.000000           1          952.4317   
      1401:    560430.000000           1          952.4293   
      1402:    560460.000000           1          952.4232   
      1403:    560490.000000           1          952.4121   
      1404:    560520.000000           1          952.4107   
      1405:    560550.000000           1          952.4067   
      1406:    560580.000000           1          952.4038   
      1407:    560610.000000           1          952.4013   
      1408:    560640.000000           1          952.3988   
      1409:    560670.000000           1          952.3966   
      1410:    560700.000000           1          952.3920   
      1411:    560730.000000           1          952.3881   
      1412:    560760.000000           1          952.3843   
      1413:    560790.000000           1          952.3805   
      1414:    560820.000000           1          952.3762   
      1415:    560850.000000           1          952.3670   
      1416:    560880.000000           1          952.3622   
      1417:    560910.000000           1          952.3593   
      1418:    560940.000000           1          952.3549   
      1419:    560970.000000           1          952.3527   
      1420:    561000.000000           1          952.3494   
      1421:    561030.000000           1          952.3415   
      1422:    561060.000000           1          952.3326   
      1423:    561090.000000           1          952.3270   
      1424:    561120.000000           1          952.3226   
      1425:    561150.000000           1          952.3182   
      1426:    561180.000000           1          952.3140   
      1427:    561210.000000           1          952.3081   
      1428:    561240.000000           1          952.3024   
      1429:    561270.000000           1          952.2976   
      1430:    561300.000000           1          952.2931   
      1431:    561330.000000           1          952.2836   
      1432:    561360.000000           1          952.2717   
      1433:    561390.000000           1          952.2619   
      1434:    561420.000000           1          952.2499   
      1435:    561450.000000           1          952.2390   
      1436:    561480.000000           1          952.2305   
      1437:    561510.000000           1          952.2266   
      1438:    561540.000000           1          952.2200   
      1439:    561570.000000           1          952.2110   
      1440:    561600.000000           1          952.2016   
      1441:    561630.000000           1          952.1885   
      1442:    561660.000000           1          952.1842   
      1443:    561690.000000           1          952.1749   
      1444:    561720.000000           1          952.1659   
      1445:    561750.000000           1          952.1599   
      1446:    561780.000000           1          952.1510   
      1447:    561810.000000           1          952.1466   
      1448:    561840.000000           1          952.1418   
      1449:    561870.000000           1          952.1271   
      1450:    561900.000000           1          952.1177   
      1451:    561930.000000           1          952.1112   
      1452:    561960.000000           1          952.1012   
      1453:    561990.000000           1          952.0962   
      1454:    562020.000000           1          952.0907   
      1455:    562050.000000           1          952.0780   
      1456:    562080.000000           1          952.0688   
      1457:    562110.000000           1          952.0601   
      1458:    562140.000000           1          952.0549   
      1459:    562170.000000           1          952.0517   
      1460:    562200.000000           1          952.0492   
      1461:    562230.000000           1          952.0433   
      1462:    562260.000000           1          952.0372   
      1463:    562290.000000           1          952.0328   
      1464:    562320.000000           1          952.0288   
      1465:    562350.000000           1          952.0248   
      1466:    562380.000000           1          952.0207   
      1467:    562410.000000           1          952.0153   
      1468:    562440.000000           1          952.0122   
      1469:    562470.000000           1          952.0082   
      1470:    562500.000000           1          952.0017   
      1471:    562530.000000           1          951.9978   
      1472:    562560.000000           1          951.9922   
      1473:    562590.000000           1          951.9886   
      1474:    562620.000000           1          951.9851   
      1475:    562650.000000           1          951.9782   
      1476:    562680.000000           1          951.9762   
      1477:    562710.000000           1          951.9732   
      1478:    562740.000000           1          951.9712   
      1479:    562770.000000           1          951.9677   
      1480:    562800.000000           1          951.9679   
      1481:    562830.000000           1          951.9843   
      1482:    562860.000000           1          951.9916   
      1483:    562890.000000           1          951.9983   
      1484:    562920.000000           1          952.0039   
      1485:    562950.000000           1          952.0089   
      1486:    562980.000000           1          952.0143   
      1487:    563010.000000           1          952.0213   
      1488:    563040.000000           1          952.0286   
      1489:    563070.000000           1          952.0343   
      1490:    563100.000000           1          952.0403   
      1491:    563130.000000           1          952.0530   
      1492:    563160.000000           1          952.0666   
      1493:    563190.000000           1          952.0746   
      1494:    563220.000000           1          952.0792   
      1495:    563250.000000           1          952.0844   
      1496:    563280.000000           1          952.0971   
      1497:    563310.000000           1          952.1023   
      1498:    563340.000000           1          952.1089   
      1499:    563370.000000           1          952.1142   
      1500:    563400.000000           1          952.1183   
      1501:    563430.000000           1          952.1236   
      1502:    563460.000000           1          952.1297   
      1503:    563490.000000           1          952.1364   
      1504:    563520.000000           1          952.1518   
      1505:    563550.000000           1          952.1624   
      1506:    563580.000000           1          952.1653   
      1507:    563610.000000           1          952.1726   
      1508:    563640.000000           1          952.1780   
      1509:    563670.000000           1          952.1936   
      1510:    563700.000000           1          952.1996   
      1511:    563730.000000           1          952.2030   
      1512:    563760.000000           1          952.2143   
      1513:    563790.000000           1          952.2276   
      1514:    563820.000000           1          952.2321   
      1515:    563850.000000           1          952.2368   
      1516:    563880.000000           1          952.2425   
      1517:    563910.000000           1          952.2467   
      1518:    563940.000000           1          952.2525   
      1519:    563970.000000           1          952.2575   
      1520:    564000.000000           1          952.2630   
      1521:    564030.000000           1          952.2681   
      1522:    564060.000000           1          952.2724   
      1523:    564090.000000           1          952.2826   
      1524:    564120.000000           1          952.2881   
      1525:    564150.000000           1          952.2900   
      1526:    564180.000000           1          952.2926   
      1527:    564210.000000           1          952.3023   
      1528:    564240.000000           1          952.3094   
      1529:    564270.000000           1          952.3158   
      1530:    564300.000000           1          952.3186   
      1531:    564330.000000           1          952.3245   
      1532:    564360.000000           1          952.3277   
      1533:    564390.000000           1          952.3313   
      1534:    564420.000000           1          952.3343   
      1535:    564450.000000           1          952.3446   
      1536:    564480.000000           1          952.3497   
      1537:    564510.000000           1          952.3545   
      1538:    564540.000000           1          952.3596   
      1539:    564570.000000           1          952.3631   
      1540:    564600.000000           1          952.3669   
      1541:    564630.000000           1          952.3703   
      1542:    564660.000000           1          952.3773   
      1543:    564690.000000           1          952.3838   
      1544:    564720.000000           1          952.3881   
      1545:    564750.000000           1          952.3993   
      1546:    564780.000000           1          952.4058   
      1547:    564810.000000           1          952.4108   
      1548:    564840.000000           1          952.4171   
      1549:    564870.000000           1          952.4232   
      1550:    564900.000000           1          952.4348   
      1551:    564930.000000           1          952.4408   
      1552:    564960.000000           1          952.4445   
      1553:    564990.000000           1          952.4483   
      1554:    565020.000000           1          952.4519   
      1555:    565050.000000           1          952.4569   
      1556:    565080.000000           1          952.4606   
      1557:    565110.000000           1          952.4655   
      1558:    565140.000000           1          952.4694   
      1559:    565170.000000           1          952.4760   
      1560:    565200.000000           1          952.4804   
      1561:    565230.000000           1          952.4845   
      1562:    565260.000000           1          952.4927   
      1563:    565290.000000           1          952.5041   
      1564:    565320.000000           1          952.5124   
      1565:    565350.000000           1          952.5173   
      1566:    565380.000000           1          952.5223   
      1567:    565410.000000           1          952.5259   
      1568:    565440.000000           1          952.5296   
      1569:    565470.000000           1          952.5343   
      1570:    565500.000000           1          952.5374   
      1571:    565530.000000           1          952.5417   
      1572:    565560.000000           1          952.5540   
      1573:    565590.000000           1          952.5648   
      1574:    565620.000000           1          952.5734   
      1575:    565650.000000           1          952.5833   
      1576:    565680.000000           1          952.5927   
      1577:    565710.000000           1          952.5969   
      1578:    565740.000000           1          952.6022   
      1579:    565770.000000           1          952.6104   
      1580:    565800.000000           1          952.6156   
      1581:    565830.000000           1          952.6221   
      1582:    565860.000000           1          952.6280   
      1583:    565890.000000           1          952.6356   
      1584:    565920.000000           1          952.6474   
      1585:    565950.000000           1          952.6513   
      1586:    565980.000000           1          952.6544   
      1587:    566010.000000           1          952.6601   
      1588:    566040.000000           1          952.6654   
      1589:    566070.000000           1          952.6695   
      1590:    566100.000000           1          952.6730   
      1591:    566130.000000           1          952.6769   
      1592:    566160.000000           1          952.6791   
      1593:    566190.000000           1          952.6839   
      1594:    566220.000000           1          952.6888   
      1595:    566250.000000           1          952.6944   
      1596:    566280.000000           1          952.6987   
      1597:    566310.000000           1          952.7102   
      1598:    566340.000000           1          952.7170   
      1599:    566370.000000           1          952.7214   
      1600:    566400.000000           1          952.7268   
      1601:    566430.000000           1          952.7314   
      1602:    566460.000000           1          952.7372   
      1603:    566490.000000           1          952.7442   
      1604:    566520.000000           1          952.7525   
      1605:    566550.000000           1          952.7636   
      1606:    566580.000000           1          952.7665   
      1607:    566610.000000           1          952.7729   
      1608:    566640.000000           1          201.2492   
      1609:    566670.000000           1          952.3477   
      1610:    566700.000000           1          952.3044   
      1611:    566730.000000           1          952.3286   
      1612:    566760.000000           1          952.3309   
      1613:    566790.000000           1          952.3211   
      1614:    566820.000000           1          952.3962   
      1615:    566850.000000           1          201.2861   
      1616:    566880.000000           1          951.8862   
      1617:    566910.000000           1          951.8954   
      1618:    566940.000000           1          951.9732   
      1619:    566970.000000           1          952.0728   
      1620:    567000.000000           1          952.1464   
      1621:    567030.000000           1          952.1688   
      1622:    567060.000000           1          952.2490   
      1623:    567090.000000           1          952.3144   
      1624:    567120.000000           1          201.3724   
      1625:    567150.000000           1          952.7124   
      1626:    567180.000000           1          201.3971   
      1627:    567210.000000           1          952.6095   
      1628:    567240.000000           1          952.5490   
      1629:    567270.000000           1          952.4089   
      1630:    567300.000000           1          952.3463   
      1631:    567330.000000           1          952.2663   
      1632:    567360.000000           1          952.1305   
      1633:    567390.000000           1          201.4749   
      1634:    567420.000000           1          951.4704   
      1635:    567450.000000           1          951.5134   
      1636:    567480.000000           1          951.6597   
      1637:    567510.000000           1          201.5371   
      1638:    567540.000000           1          951.6886   
      1639:    567570.000000           1          951.6215   
      1640:    567600.000000           1          951.6971   
      1641:    567630.000000           1          201.5835   
      1642:    567660.000000           1          951.1150   
      1643:    567690.000000           1          951.0738   
      1644:    567720.000000           1          201.6107   
      1645:    567750.000000           1          201.6154   
      1646:    567780.000000           1          201.6231   
      1647:    567810.000000           1          201.6287   
      1648:    567840.000000           1          201.6374   
      1649:    567870.000000           1          201.6472   
      1650:    567900.000000           1          201.6552   
      1651:    567930.000000           1          201.6656   
      1652:    567960.000000           1          201.6762   
      1653:    567990.000000           1          201.6838   
      1654:    568020.000000           1          201.6916   
      1655:    568050.000000           1          201.6993   
      1656:    568080.000000           1          201.7080   
      1657:    568110.000000           1          201.7155   
      1658:    568140.000000           1          201.7200   
      1659:    568170.000000           1          201.7301   
      1660:    568200.000000           1          201.7386   
      1661:    568230.000000           1          201.7492   
      1662:    568260.000000           1          201.7595   
      1663:    568290.000000           1          201.7682   
      1664:    568320.000000           1          201.7782   
      1665:    568350.000000           1          201.7897   
      1666:    568380.000000           1          201.8182   
      1667:    568410.000000           1          201.8396   
      1668:    568440.000000           1          201.8474   
