       538:    534540.000000           1         -158.8583   
       539:    534570.000000           1         -158.8554   
       540:    534600.000000           1         -158.8553   
       541:    534630.000000           1         -158.8553   
       542:    534660.000000           1         -158.8585   
       543:    534690.000000           1         -158.8678   
       544:    534720.000000           1         -158.8732   
       545:    534750.000000           1         -158.8741   
       546:    534780.000000           1         -158.8758   
       547:    534810.000000           1         -158.8758   
       548:    534840.000000           1         -158.8765   
       549:    534870.000000           1         -158.8699   
       550:    534900.000000           1         -158.8707   
       551:    534930.000000           1         -158.8714   
       552:    534960.000000           1         -158.8678   
       553:    534990.000000           1         -158.8689   
       554:    535020.000000           1          120.4708   
       555:    535050.000000           1         -158.8534   
       556:    535080.000000           1         -158.8463   
       557:    535110.000000           1         -158.8439   
       558:    535140.000000           1         -158.8453   
       559:    535170.000000           1         -158.8361   
       560:    535200.000000           1          168.7309   
       561:    535230.000000           1         -158.8279   
       562:    535260.000000           1          325.1993   
       563:    535290.000000           1          325.1988   
       564:    535320.000000           1          325.1996   
       565:    535350.000000           1          168.8375   
       566:    535380.000000           1          168.8061   
       567:    535410.000000           1          168.8070   
       568:    535440.000000           1          168.7931   
       569:    535470.000000           1          168.7903   
       570:    535500.000000           1          325.2083   
       571:    535530.000000           1         -158.7638   
       572:    535560.000000           1          325.2017   
       573:    535590.000000           1          325.1989   
       574:    535620.000000           1          168.8436   
       575:    535650.000000           1          325.1920   
       576:    535680.000000           1          325.1810   
       577:    535710.000000           1          325.1688   
       578:    535740.000000           1          325.1508   
       579:    535770.000000           1          325.1383   
       580:    535800.000000           1          325.1270   
       581:    535830.000000           1          325.1159   
       582:    535860.000000           1          325.1058   
       583:    535890.000000           1          325.0919   
       584:    535920.000000           1          325.0846   
       585:    535950.000000           1          325.0790   
       586:    535980.000000           1         -158.8421   
       587:    536010.000000           1          325.0548   
       588:    536040.000000           1          325.0501   
       589:    536070.000000           1          325.0466   
       590:    536100.000000           1         -158.8447   
       591:    536130.000000           1         -158.8486   
       592:    536160.000000           1         -158.8661   
       593:    536190.000000           1         -158.8671   
       594:    536220.000000           1         -158.8748   
       595:    536250.000000           1         -158.8858   
       596:    536280.000000           1         -158.8878   
       597:    536310.000000           1         -158.8878   
       598:    536340.000000           1         -158.8892   
       599:    536370.000000           1         -158.8867   
       600:    536400.000000           1         -158.8931   
       601:    536430.000000           1         -158.8873   
       602:    536460.000000           1         -158.8922   
       603:    536490.000000           1         -158.9027   
       604:    536520.000000           1         -158.9067   
       605:    536550.000000           1         -158.9083   
       606:    536580.000000           1         -158.9104   
       607:    536610.000000           1         -158.9176   
       608:    536640.000000           1          325.0184   
       609:    536670.000000           1         -158.9114   
       610:    536700.000000           1          325.0182   
       611:    536730.000000           1          325.0207   
       612:    536760.000000           1          325.0258   
       613:    536790.000000           1          325.0301   
       614:    536820.000000           1          169.6599   
       615:    536850.000000           1          325.0199   
       616:    536880.000000           1          169.6107   
       617:    536910.000000           1          169.5821   
       618:    536940.000000           1          169.5876   
       619:    536970.000000           1          169.5911   
       620:    537000.000000           1          169.5977   
       621:    537030.000000           1          169.6053   
       622:    537060.000000           1          169.6096   
       623:    537090.000000           1          169.6144   
       624:    537120.000000           1          169.6239   
       625:    537150.000000           1          324.9861   
       626:    537180.000000           1          324.9803   
       627:    537210.000000           1          169.6484   
       628:    537240.000000           1          169.6488   
       629:    537270.000000           1          169.6673   
       630:    537300.000000           1          324.9885   
       631:    537330.000000           1          169.7302   
       632:    537360.000000           1          169.7870   
       633:    537390.000000           1          169.6945   
       634:    537420.000000           1          169.6542   
       635:    537450.000000           1          169.6363   
       636:    537480.000000           1          169.6551   
       637:    537510.000000           1          169.6455   
       638:    537540.000000           1          324.9877   
       639:    537570.000000           1          324.9802   
       640:    537600.000000           1          324.9777   
       641:    537630.000000           1          324.9720   
       642:    537660.000000           1          324.9638   
       643:    537690.000000           1          324.9573   
       644:    537720.000000           1          324.9547   
       645:    537750.000000           1         -158.9601   
       646:    537780.000000           1          324.9363   
       647:    537810.000000           1         -158.9787   
       648:    537840.000000           1         -158.9859   
       649:    537870.000000           1          324.8912   
       650:    537900.000000           1          324.8854   
       651:    537930.000000           1          324.8835   
       652:    537960.000000           1          324.8768   
       653:    537990.000000           1          324.8712   
       654:    538020.000000           1          324.8593   
       655:    538050.000000           1          324.8561   
       656:    538080.000000           1          324.8563   
       657:    538110.000000           1          324.8510   
       658:    538140.000000           1          324.8463   
       659:    538170.000000           1          324.8416   
       660:    538200.000000           1          324.8397   
       661:    538230.000000           1          324.8377   
       662:    538260.000000           1          169.7274   
       663:    538290.000000           1          324.7985   
       664:    538320.000000           1          169.6972   
       665:    538350.000000           1          169.7050   
       666:    538380.000000           1          169.7001   
       667:    538410.000000           1          169.6997   
       668:    538440.000000           1          169.6981   
       669:    538470.000000           1          169.6973   
       670:    538500.000000           1          169.6946   
       671:    538530.000000           1          169.6860   
       672:    538560.000000           1          169.6759   
       673:    538590.000000           1          169.6570   
       674:    538620.000000           1          169.6442   
       675:    538650.000000           1          169.6373   
       676:    538680.000000           1          169.6292   
       677:    538710.000000           1          169.6250   
       678:    538740.000000           1          169.6236   
       679:    538770.000000           1          169.6155   
       680:    538800.000000           1          169.5967   
       681:    538830.000000           1          169.5800   
       682:    538860.000000           1          169.5641   
       683:    538890.000000           1          324.6125   
       684:    538920.000000           1          169.5172   
       685:    538950.000000           1          324.5777   
       686:    538980.000000           1          169.4630   
       687:    539010.000000           1          169.4331   
       688:    539040.000000           1          169.3984   
       689:    539070.000000           1          324.4982   
       690:    539100.000000           1          169.3516   
       691:    539130.000000           1          169.3368   
       692:    539160.000000           1          169.3260   
       693:    539190.000000           1          169.3129   
       694:    539220.000000           1          169.3077   
       695:    539250.000000           1          169.3024   
       696:    539280.000000           1          169.2991   
       697:    539310.000000           1          169.2902   
       698:    539340.000000           1          169.2880   
       699:    539370.000000           1          324.4084   
       700:    539400.000000           1          324.4046   
       701:    539430.000000           1          324.3981   
       702:    539460.000000           1          324.3823   
       703:    539490.000000           1         -159.6015   
       704:    539520.000000           1         -159.6065   
       705:    539550.000000           1          324.3446   
       706:    539580.000000           1          324.3404   
       707:    539610.000000           1          324.3359   
       708:    539640.000000           1          324.3306   
       709:    539670.000000           1          324.3226   
       710:    539700.000000           1          324.3127   
       711:    539730.000000           1          324.3047   
       712:    539760.000000           1          324.2969   
       713:    539790.000000           1          324.2906   
       714:    539820.000000           1          324.2844   
       715:    539850.000000           1          324.2672   
       716:    539880.000000           1          324.2531   
       717:    539910.000000           1          324.2362   
       718:    539940.000000           1          324.2334   
       719:    539970.000000           1          324.2290   
       720:    540000.000000           1          324.2201   
       721:    540030.000000           1          324.2119   
       722:    540060.000000           1          324.2035   
       723:    540090.000000           1          169.0926   
       724:    540120.000000           1          169.0872   
       725:    540150.000000           1          324.1754   
       726:    540180.000000           1          169.0652   
       727:    540210.000000           1          324.1598   
       728:    540240.000000           1          324.1507   
       729:    540270.000000           1          324.1466   
       730:    540300.000000           1          324.1424   
       731:    540330.000000           1          324.1355   
       732:    540360.000000           1          324.1265   
       733:    540390.000000           1          324.1174   
       734:    540420.000000           1          324.1105   
       735:    540450.000000           1          324.1058   
       736:    540480.000000           1          324.1032   
       737:    540510.000000           1          324.0999   
       738:    540540.000000           1          324.0963   
       739:    540570.000000           1          324.0928   
       740:    540600.000000           1          324.0874   
       741:    540630.000000           1          324.0798   
       742:    540660.000000           1          324.0687   
       743:    540690.000000           1          324.0616   
       744:    540720.000000           1          324.0556   
       745:    540750.000000           1          324.0450   
       746:    540780.000000           1          324.0373   
       747:    540810.000000           1          324.0336   
       748:    540840.000000           1          324.0306   
       749:    540870.000000           1          324.0294   
       750:    540900.000000           1          324.0216   
       751:    540930.000000           1          324.0124   
       752:    540960.000000           1          324.0094   
       753:    540990.000000           1          323.9985   
       754:    541020.000000           1          323.9894   
       755:    541050.000000           1          323.9675   
       756:    541080.000000           1          323.9588   
       757:    541110.000000           1          168.8010   
       758:    541140.000000           1          168.7899   
       759:    541170.000000           1          323.9333   
       760:    541200.000000           1          323.9281   
       761:    541230.000000           1          323.9285   
       762:    541260.000000           1          323.9234   
       763:    541290.000000           1          323.9174   
       764:    541320.000000           1          323.9133   
       765:    541350.000000           1          323.9071   
       766:    541380.000000           1          323.8973   
       767:    541410.000000           1          323.8873   
       768:    541440.000000           1          323.8754   
       769:    541470.000000           1          323.8639   
       770:    541500.000000           1          323.8515   
       771:    541530.000000           1          323.8411   
       772:    541560.000000           1          323.8316   
       773:    541590.000000           1          323.8222   
       774:    541620.000000           1          323.8098   
       775:    541650.000000           1          323.7974   
       776:    541680.000000           1          323.7903   
       777:    541710.000000           1          323.7843   
       778:    541740.000000           1          323.7698   
       779:    541770.000000           1          323.7557   
       780:    541800.000000           1          323.7433   
       781:    541830.000000           1          323.7319   
       782:    541860.000000           1          323.7185   
       783:    541890.000000           1          323.7026   
       784:    541920.000000           1          323.6907   
       785:    541950.000000           1          323.6816   
       786:    541980.000000           1          168.4999   
       787:    542010.000000           1          168.4898   
       788:    542040.000000           1          168.4798   
       789:    542070.000000           1          168.4703   
       790:    542100.000000           1          168.4538   
       791:    542130.000000           1          168.4405   
       792:    542160.000000           1          168.4280   
       793:    542190.000000           1          168.4129   
       794:    542220.000000           1          323.5416   
       795:    542250.000000           1          323.5184   
       796:    542280.000000           1          168.3228   
       797:    542310.000000           1          323.4670   
       798:    542340.000000           1          168.2866   
       799:    542370.000000           1          168.2720   
       800:    542400.000000           1          168.2564   
       801:    542430.000000           1          168.2468   
       802:    542460.000000           1          168.2379   
       803:    542490.000000           1          168.2193   
       804:    542520.000000           1          323.3666   
       805:    542550.000000           1          323.3534   
       806:    542580.000000           1          323.3339   
       807:    542610.000000           1          323.3168   
       808:    542640.000000           1          323.3027   
       809:    542670.000000           1          323.2840   
       810:    542700.000000           1          323.2692   
       811:    542730.000000           1          323.2559   
       812:    542760.000000           1          323.2450   
       813:    542790.000000           1          323.2335   
       814:    542820.000000           1          323.2251   
       815:    542850.000000           1         -160.7939   
       816:    542880.000000           1          323.1836   
       817:    542910.000000           1          323.1707   
       818:    542940.000000           1          323.1572   
       819:    542970.000000           1         -160.8580   
       820:    543000.000000           1          323.1188   
       821:    543030.000000           1          323.1103   
       822:    543060.000000           1          323.0981   
       823:    543090.000000           1         -160.9168   
       824:    543120.000000           1         -160.9329   
       825:    543150.000000           1         -160.9439   
       826:    543180.000000           1         -160.9561   
       827:    543210.000000           1         -160.9727   
       828:    543240.000000           1         -160.9821   
       829:    543270.000000           1         -160.9932   
       830:    543300.000000           1         -161.0172   
       831:    543330.000000           1         -161.0283   
       832:    543360.000000           1         -161.0417   
       833:    543390.000000           1         -161.0513   
       834:    543420.000000           1         -161.0639   
       835:    543450.000000           1         -161.0732   
       836:    543480.000000           1         -161.0829   
       837:    543510.000000           1         -161.0893   
       838:    543540.000000           1         -161.0935   
       839:    543570.000000           1         -161.1033   
       840:    543600.000000           1         -161.1136   
       841:    543630.000000           1         -161.1267   
       842:    543660.000000           1         -161.1375   
       843:    543690.000000           1         -161.1477   
       844:    543720.000000           1         -161.1603   
       845:    543750.000000           1         -161.1713   
       846:    543780.000000           1         -161.1827   
       847:    543810.000000           1         -161.2073   
       848:    543840.000000           1         -161.2168   
       849:    543870.000000           1         -161.2302   
       850:    543900.000000           1         -161.2410   
       851:    543930.000000           1         -161.2533   
       852:    543960.000000           1          322.7259   
       853:    543990.000000           1          322.7068   
       854:    544020.000000           1          322.6872   
       855:    544050.000000           1          322.6616   
       856:    544080.000000           1          322.6513   
       857:    544110.000000           1          322.6387   
       858:    544140.000000           1          322.6252   
       859:    544170.000000           1          322.6138   
       860:    544200.000000           1          322.5992   
       861:    544230.000000           1          322.5856   
       862:    544260.000000           1          322.5618   
       863:    544290.000000           1          322.5445   
       864:    544320.000000           1          322.5219   
       865:    544350.000000           1          322.5068   
       866:    544380.000000           1          322.4923   
       867:    544410.000000           1          322.4836   
       868:    544440.000000           1          322.4746   
       869:    544470.000000           1          322.4633   
       870:    544500.000000           1          322.4400   
       871:    544530.000000           1          322.4154   
       872:    544560.000000           1          322.3870   
       873:    544590.000000           1          322.3722   
       874:    544620.000000           1          322.3442   
       875:    544650.000000           1          322.3209   
       876:    544680.000000           1          322.3087   
       877:    544710.000000           1          322.2838   
       878:    544740.000000           1          322.2573   
       879:    544770.000000           1          322.2440   
       880:    544800.000000           1          322.2196   
       881:    544830.000000           1          322.2046   
       882:    544860.000000           1          322.1808   
       883:    544890.000000           1          322.1661   
       884:    544920.000000           1         -161.8320   
       885:    544950.000000           1         -161.8441   
       886:    544980.000000           1         -161.8599   
       887:    545010.000000           1         -161.8734   
       888:    545040.000000           1         -161.8834   
       889:    545070.000000           1         -161.8951   
       890:    545100.000000           1         -161.9066   
       891:    545130.000000           1         -161.9189   
       892:    545160.000000           1         -161.9421   
       893:    545190.000000           1         -161.9625   
       894:    545220.000000           1         -161.9772   
       895:    545250.000000           1         -161.9859   
       896:    545280.000000           1         -161.9962   
       897:    545310.000000           1         -162.0061   
       898:    545340.000000           1         -162.0198   
       899:    545370.000000           1         -162.0299   
       900:    545400.000000           1         -162.0517   
       901:    545430.000000           1         -162.0603   
       902:    545460.000000           1         -162.0726   
       903:    545490.000000           1         -162.0856   
       904:    545520.000000           1         -162.0938   
       905:    545550.000000           1         -162.1023   
       906:    545580.000000           1         -162.1193   
       907:    545610.000000           1         -162.1444   
       908:    545640.000000           1         -162.1590   
       909:    545670.000000           1         -162.1896   
       910:    545700.000000           1          321.7671   
       911:    545730.000000           1          321.7349   
       912:    545760.000000           1         -162.2741   
       913:    545790.000000           1          321.6910   
       914:    545820.000000           1          321.6665   
       915:    545850.000000           1          321.6439   
       916:    545880.000000           1          321.6186   
       917:    545910.000000           1         -162.3919   
       918:    545940.000000           1          321.5753   
       919:    545970.000000           1          321.5450   
       920:    546000.000000           1          321.5198   
       921:    546030.000000           1          321.5039   
       922:    546060.000000           1          321.4907   
       923:    546090.000000           1          321.4647   
       924:    546120.000000           1          321.4334   
       925:    546150.000000           1          321.4018   
       926:    546180.000000           1         -162.6116   
       927:    546210.000000           1          321.3448   
       928:    546240.000000           1          321.3309   
       929:    546270.000000           1          321.3112   
       930:    546300.000000           1          321.2982   
       931:    546330.000000           1          321.2708   
       932:    546360.000000           1          321.2412   
       933:    546390.000000           1         -162.7707   
       934:    546420.000000           1          321.1847   
       935:    546450.000000           1          321.1728   
       936:    546480.000000           1          321.1596   
       937:    546510.000000           1          321.1280   
       938:    546540.000000           1          321.1031   
       939:    546570.000000           1          321.0736   
       940:    546600.000000           1          321.0608   
       941:    546630.000000           1          321.0454   
       942:    546660.000000           1         -162.9597   
       943:    546690.000000           1          320.9850   
       944:    546720.000000           1          320.9698   
       945:    546750.000000           1          320.9592   
       946:    546780.000000           1         -163.0408   
       947:    546810.000000           1          320.9004   
       948:    546840.000000           1          320.8887   
       949:    546870.000000           1          320.8747   
       950:    546900.000000           1          320.8455   
       951:    546930.000000           1          320.8311   
       952:    546960.000000           1          320.8187   
       953:    546990.000000           1          320.8072   
       954:    547020.000000           1          165.5083   
       955:    547050.000000           1          165.4947   
       956:    547080.000000           1          165.4774   
       957:    547110.000000           1          165.4647   
       958:    547140.000000           1          165.4489   
       959:    547170.000000           1          165.4348   
       960:    547200.000000           1          165.4239   
       961:    547230.000000           1          165.4087   
       962:    547260.000000           1          165.3944   
       963:    547290.000000           1          165.3803   
       964:    547320.000000           1          165.3666   
       965:    547350.000000           1          165.3375   
       966:    547380.000000           1          165.3034   
       967:    547410.000000           1          165.2745   
       968:    547440.000000           1          165.2480   
       969:    547470.000000           1          165.2179   
       970:    547500.000000           1          165.1880   
       971:    547530.000000           1          165.1635   
       972:    547560.000000           1          320.4579   
       973:    547590.000000           1          165.1104   
       974:    547620.000000           1          165.0814   
       975:    547650.000000           1          165.0547   
       976:    547680.000000           1          165.0252   
       977:    547710.000000           1          165.0021   
       978:    547740.000000           1          164.9756   
       979:    547770.000000           1          164.9543   
       980:    547800.000000           1          164.9231   
       981:    547830.000000           1          320.2224   
       982:    547860.000000           1          164.8772   
       983:    547890.000000           1          164.8466   
       984:    547920.000000           1          320.1503   
       985:    547950.000000           1          320.1403   
       986:    547980.000000           1          320.1311   
       987:    548010.000000           1          320.1222   
       988:    548040.000000           1          320.0950   
       989:    548070.000000           1          320.0682   
       990:    548100.000000           1          320.0552   
       991:    548130.000000           1          320.0438   
       992:    548160.000000           1          320.0289   
       993:    548190.000000           1          320.0144   
       994:    548220.000000           1          320.0037   
       995:    548250.000000           1          319.9837   
       996:    548280.000000           1          319.9641   
       997:    548310.000000           1          319.9517   
       998:    548340.000000           1          319.9412   
       999:    548370.000000           1          319.9295   
      1000:    548400.000000           1          319.9152   
      1001:    548430.000000           1          319.9038   
      1002:    548460.000000           1          319.8920   
      1003:    548490.000000           1          319.8778   
      1004:    548520.000000           1          319.8534   
      1005:    548550.000000           1          319.8329   
      1006:    548580.000000           1          319.8168   
      1007:    548610.000000           1          319.8064   
      1008:    548640.000000           1          319.7954   
      1009:    548670.000000           1          319.7833   
      1010:    548700.000000           1          164.4121   
      1011:    548730.000000           1          164.3858   
      1012:    548760.000000           1          164.3728   
      1013:    548790.000000           1          164.3446   
      1014:    548820.000000           1          164.3230   
      1015:    548850.000000           1          164.3132   
      1016:    548880.000000           1          164.2958   
      1017:    548910.000000           1          164.2764   
      1018:    548940.000000           1          164.2692   
      1019:    548970.000000           1          164.2505   
      1020:    549000.000000           1          164.2314   
      1021:    549030.000000           1          164.2238   
      1022:    549060.000000           1          319.7271   
      1023:    549090.000000           1          164.1835   
      1024:    549120.000000           1          319.7094   
      1025:    549150.000000           1          164.1420   
      1026:    549180.000000           1          164.1179   
      1027:    549210.000000           1          164.0957   
      1028:    549240.000000           1          319.3616   
      1029:    549270.000000           1          164.0580   
      1030:    549300.000000           1          164.0484   
      1031:    549330.000000           1          164.0385   
      1032:    549360.000000           1          164.0285   
      1033:    549390.000000           1          164.0213   
      1034:    549420.000000           1          164.0150   
      1035:    549450.000000           1          164.0026   
      1036:    549480.000000           1          163.9949   
      1037:    549510.000000           1          163.9873   
      1038:    549540.000000           1          163.9683   
      1039:    549570.000000           1          163.9494   
      1040:    549600.000000           1          163.9303   
      1041:    549630.000000           1          163.9115   
      1042:    549660.000000           1          163.9050   
      1043:    549690.000000           1          163.8943   
      1044:    549720.000000           1          163.8893   
      1045:    549750.000000           1          163.8806   
      1046:    549780.000000           1          163.8739   
      1047:    549810.000000           1          163.8667   
      1048:    549840.000000           1          163.8577   
      1049:    549870.000000           1          163.8452   
      1050:    549900.000000           1          163.8268   
      1051:    549930.000000           1          163.8186   
      1052:    549960.000000           1          163.7944   
      1053:    549990.000000           1          163.7720   
      1054:    550020.000000           1          163.7643   
      1055:    550050.000000           1          163.7566   
      1056:    550080.000000           1          163.7491   
      1057:    550110.000000           1          163.7396   
      1058:    550140.000000           1          163.7269   
      1059:    550170.000000           1          163.7114   
      1060:    550200.000000           1          163.7019   
      1061:    550230.000000           1          163.6925   
      1062:    550260.000000           1          163.6860   
      1063:    550290.000000           1          163.6786   
      1064:    550320.000000           1          163.6723   
      1065:    550350.000000           1          163.6642   
      1066:    550380.000000           1          163.6568   
      1067:    550410.000000           1          163.6520   
      1068:    550440.000000           1          163.6450   
      1069:    550470.000000           1          163.6331   
      1070:    550500.000000           1          163.6191   
      1071:    550530.000000           1          163.6094   
      1072:    550560.000000           1          163.6034   
      1073:    550590.000000           1          163.5975   
      1074:    550620.000000           1          163.5805   
      1075:    550650.000000           1          163.5771   
      1076:    550680.000000           1          163.5718   
      1077:    550710.000000           1          163.5667   
      1078:    550740.000000           1           65.0720   
      1079:    550770.000000           1          163.5456   
      1080:    550800.000000           1           65.0538   
      1081:    550830.000000           1           65.0439   
      1082:    550860.000000           1           65.0372   
      1083:    550890.000000           1           65.0336   
      1084:    550920.000000           1           65.0281   
      1085:    550950.000000           1          835.6807   
      1086:    550980.000000           1          835.5782   
      1087:    551010.000000           1          835.5391   
      1088:    551040.000000           1          835.3635   
      1089:    551070.000000           1          835.2712   
      1090:    551100.000000           1          835.1900   
      1091:    551130.000000           1          835.1224   
      1092:    551160.000000           1          835.0961   
      1093:    551190.000000           1          835.0926   
      1094:    551220.000000           1          835.0728   
      1095:    551250.000000           1          835.0386   
      1096:    551280.000000           1          835.0237   
      1097:    551310.000000           1          835.0083   
      1098:    551340.000000           1          835.0374   
      1099:    551370.000000           1          835.0591   
      1100:    551400.000000           1          835.0772   
      1101:    551430.000000           1          835.0683   
      1102:    551460.000000           1          835.1011   
      1103:    551490.000000           1          835.1823   
      1104:    551520.000000           1          835.2600   
      1105:    551550.000000           1          835.3610   
      1106:    551580.000000           1          835.4519   
      1107:    551610.000000           1          835.5259   
      1108:    551640.000000           1          835.5989   
      1109:    551670.000000           1          835.6742   
      1110:    551700.000000           1          835.7424   
      1111:    551730.000000           1           64.8491   
      1112:    551760.000000           1          835.7935   
      1113:    551790.000000           1          835.8025   
      1114:    551820.000000           1          835.8259   
      1115:    551850.000000           1          835.8504   
      1116:    551880.000000           1          835.8664   
      1117:    551910.000000           1          835.8744   
      1118:    551940.000000           1          835.8733   
      1119:    551970.000000           1          163.2958   
      1120:    552000.000000           1          163.2913   
      1121:    552030.000000           1          163.2791   
      1122:    552060.000000           1          163.2752   
      1123:    552090.000000           1          163.2731   
      1124:    552120.000000           1          163.2647   
      1125:    552150.000000           1          163.2578   
      1126:    552180.000000           1          163.2537   
      1127:    552210.000000           1          163.2527   
      1128:    552240.000000           1          163.2513   
      1129:    552270.000000           1          163.2492   
      1130:    552300.000000           1          163.2479   
      1131:    552330.000000           1          163.2482   
      1132:    552360.000000           1          163.2470   
      1133:    552390.000000           1          163.2443   
      1134:    552420.000000           1          836.4674   
      1135:    552450.000000           1          836.5367   
      1136:    552480.000000           1          836.5695   
      1137:    552510.000000           1          836.5754   
      1138:    552540.000000           1          836.5609   
      1139:    552570.000000           1          836.5389   
      1140:    552600.000000           1          836.5431   
      1141:    552630.000000           1          836.5583   
      1142:    552660.000000           1          836.5895   
      1143:    552690.000000           1           64.7136   
      1144:    552720.000000           1          836.8826   
      1145:    552750.000000           1          836.8927   
      1146:    552780.000000           1           -2.2544   
      1147:    552810.000000           1           -2.1854   
      1148:    552840.000000           1           -2.1637   
      1149:    552870.000000           1          836.8113   
      1150:    552900.000000           1           -2.8135   
      1151:    552930.000000           1          836.7923   
      1152:    552960.000000           1           -3.6075   
      1153:    552990.000000           1           -3.5447   
      1154:    553020.000000           1           -3.4678   
      1155:    553050.000000           1          163.1578   
      1156:    553080.000000           1          163.1427   
      1157:    553110.000000           1          163.1429   
      1158:    553140.000000           1          163.1362   
      1159:    553170.000000           1          163.1576   
      1160:    553200.000000           1          163.1578   
      1161:    553230.000000           1          163.1781   
      1162:    553260.000000           1          163.1789   
      1163:    553290.000000           1          163.2027   
      1164:    553320.000000           1          163.2150   
      1165:    553350.000000           1          163.2194   
      1166:    553380.000000           1          163.2219   
      1167:    553410.000000           1          163.2276   
      1168:    553440.000000           1          163.2277   
      1169:    553470.000000           1          163.2330   
      1170:    553500.000000           1          163.2346   
      1171:    553530.000000           1          163.2325   
      1172:    553560.000000           1          163.2386   
      1173:    553590.000000           1          163.2386   
      1174:    553620.000000           1          163.2398   
      1175:    553650.000000           1          163.2455   
      1176:    553680.000000           1          163.2483   
      1177:    553710.000000           1          163.2601   
      1178:    553740.000000           1          163.2718   
      1179:    553770.000000           1          163.2802   
      1180:    553800.000000           1          163.2835   
      1181:    553830.000000           1          163.2877   
      1182:    553860.000000           1          163.3010   
      1183:    553890.000000           1           -3.0423   
      1184:    553920.000000           1          163.3084   
      1185:    553950.000000           1          163.3082   
      1186:    553980.000000           1          163.3088   
      1187:    554010.000000           1          163.3254   
      1188:    554040.000000           1          163.3301   
      1189:    554070.000000           1          163.3356   
      1190:    554100.000000           1          163.3399   
      1191:    554130.000000           1          163.3404   
      1192:    554160.000000           1          163.3355   
      1193:    554190.000000           1          163.3258   
      1194:    554220.000000           1           -2.9045   
      1195:    554250.000000           1          163.3138   
      1196:    554280.000000           1          163.3123   
      1197:    554310.000000           1          163.3123   
      1198:    554340.000000           1          163.3171   
      1199:    554370.000000           1          163.3192   
      1200:    554400.000000           1          163.3280   
      1201:    554430.000000           1          163.3362   
      1202:    554460.000000           1          163.3466   
      1203:    554490.000000           1          163.3551   
      1204:    554520.000000           1          163.3626   
      1205:    554550.000000           1          163.3689   
      1206:    554580.000000           1          163.3743   
      1207:    554610.000000           1          163.3792   
      1208:    554640.000000           1          163.3843   
      1209:    554670.000000           1          163.3915   
      1210:    554700.000000           1          163.3974   
      1211:    554730.000000           1          163.4029   
      1212:    554760.000000           1          163.4094   
      1213:    554790.000000           1          163.4169   
      1214:    554820.000000           1          163.4252   
      1215:    554850.000000           1          163.4311   
      1216:    554880.000000           1          163.4359   
      1217:    554910.000000           1          163.4429   
      1218:    554940.000000           1          163.4639   
      1219:    554970.000000           1          163.4726   
      1220:    555000.000000           1          163.4812   
      1221:    555030.000000           1          163.4892   
      1222:    555060.000000           1          163.4998   
      1223:    555090.000000           1          163.5050   
      1224:    555120.000000           1          163.5104   
      1225:    555150.000000           1          163.5183   
      1226:    555180.000000           1           -2.5142   
      1227:    555210.000000           1          163.5458   
      1228:    555240.000000           1          163.5500   
      1229:    555270.000000           1          163.5659   
      1230:    555300.000000           1          163.5761   
      1231:    555330.000000           1          163.5840   
      1232:    555360.000000           1          163.5984   
      1233:    555390.000000           1          163.6153   
      1234:    555420.000000           1          163.6287   
      1235:    555450.000000           1          163.6257   
      1236:    555480.000000           1          163.6302   
      1237:    555510.000000           1          163.6249   
      1238:    555540.000000           1          163.5913   
      1239:    555570.000000           1          163.5639   
      1240:    555600.000000           1           -1.4639   
      1241:    555630.000000           1           -1.4404   
      1242:    555660.000000           1           -1.4188   
      1243:    555690.000000           1           -1.3825   
      1244:    555720.000000           1           -1.4132   
      1245:    555750.000000           1           -1.5012   
      1246:    555780.000000           1           -1.6037   
      1247:    555810.000000           1           -1.6563   
      1248:    555840.000000           1           -1.6875   
      1249:    555870.000000           1           -1.6947   
      1250:    555900.000000           1           -1.6919   
      1251:    555930.000000           1           -1.7017   
      1252:    555960.000000           1           -1.6905   
      1253:    555990.000000           1           -1.6841   
      1254:    556020.000000           1           -1.6835   
      1255:    556050.000000           1           -1.7033   
      1256:    556080.000000           1           -1.7191   
      1257:    556110.000000           1           -1.7145   
      1258:    556140.000000           1           -1.7407   
      1259:    556170.000000           1           -1.7533   
      1260:    556200.000000           1           -1.7385   
      1261:    556230.000000           1           -1.7130   
      1262:    556260.000000           1           -1.6641   
      1263:    556290.000000           1           -1.6576   
      1264:    556320.000000           1          163.8104   
      1265:    556350.000000           1          163.8212   
      1266:    556380.000000           1          163.8256   
      1267:    556410.000000           1          163.8275   
      1268:    556440.000000           1           -1.5160   
      1269:    556470.000000           1          163.8363   
      1270:    556500.000000           1          163.8438   
      1271:    556530.000000           1          163.8502   
      1272:    556560.000000           1          163.8586   
      1273:    556590.000000           1          163.8667   
      1274:    556620.000000           1          163.8697   
      1275:    556650.000000           1          163.8760   
      1276:    556680.000000           1           -1.4534   
      1277:    556710.000000           1           -1.4364   
      1278:    556740.000000           1           -1.4289   
      1279:    556770.000000           1           -1.4229   
      1280:    556800.000000           1          837.6588   
      1281:    556830.000000           1           -1.4189   
      1282:    556860.000000           1           -1.4165   
      1283:    556890.000000           1           -1.4181   
      1284:    556920.000000           1           -1.4159   
      1285:    556950.000000           1           -1.4130   
      1286:    556980.000000           1           -1.4054   
      1287:    557010.000000           1           -1.4005   
      1288:    557040.000000           1           -1.3977   
      1289:    557070.000000           1           -1.3922   
      1290:    557100.000000           1           -1.3886   
      1291:    557130.000000           1           -1.3880   
      1292:    557160.000000           1           -1.3855   
      1293:    557190.000000           1           -1.3805   
      1294:    557220.000000           1           -1.3714   
      1295:    557250.000000           1           -1.3647   
      1296:    557280.000000           1           -1.3629   
      1297:    557310.000000           1          837.8710   
      1298:    557340.000000           1           -1.3583   
      1299:    557370.000000           1           -1.3514   
      1300:    557400.000000           1           -1.3473   
      1301:    557430.000000           1          164.1504   
      1302:    557460.000000           1          164.1597   
      1303:    557490.000000           1          164.1667   
      1304:    557520.000000           1          164.1749   
      1305:    557550.000000           1          164.1843   
      1306:    557580.000000           1           -1.3357   
      1307:    557610.000000           1          164.5204   
      1308:    557640.000000           1          164.4449   
      1309:    557670.000000           1          164.3862   
      1310:    557700.000000           1          164.3897   
      1311:    557730.000000           1          164.3602   
      1312:    557760.000000           1          164.4636   
      1313:    557790.000000           1          838.0634   
      1314:    557820.000000           1          164.6665   
      1315:    557850.000000           1          164.7680   
      1316:    557880.000000           1          838.0988   
      1317:    557910.000000           1          164.7856   
      1318:    557940.000000           1          164.7448   
      1319:    557970.000000           1          164.7604   
      1320:    558000.000000           1           -1.2326   
      1321:    558030.000000           1           -1.2268   
      1322:    558060.000000           1           -1.2086   
      1323:    558090.000000           1           -1.1962   
      1324:    558120.000000           1           -1.1800   
      1325:    558150.000000           1           -1.1688   
      1326:    558180.000000           1           -1.1626   
      1327:    558210.000000           1           -1.1560   
      1328:    558240.000000           1           -1.1478   
      1329:    558270.000000           1           -1.1413   
      1330:    558300.000000           1           -1.1278   
      1331:    558330.000000           1           -1.1079   
      1332:    558360.000000           1           -1.1001   
      1333:    558390.000000           1           -1.0886   
      1334:    558420.000000           1           -1.0816   
      1335:    558450.000000           1           -1.0741   
      1336:    558480.000000           1          838.3162   
      1337:    558510.000000           1           66.0980   
      1338:    558540.000000           1          838.3354   
      1339:    558570.000000           1          838.3440   
      1340:    558600.000000           1          838.3483   
      1341:    558630.000000           1          838.3625   
      1342:    558660.000000           1          838.3804   
      1343:    558690.000000           1          838.3980   
      1344:    558720.000000           1          838.4062   
      1345:    558750.000000           1          838.4058   
      1346:    558780.000000           1          838.4482   
      1347:    558810.000000           1          838.4558   
      1348:    558840.000000           1          838.4597   
      1349:    558870.000000           1          838.4668   
      1350:    558900.000000           1           -0.9799   
      1351:    558930.000000           1           -0.9619   
      1352:    558960.000000           1          838.5059   
      1353:    558990.000000           1          838.5303   
      1354:    559020.000000           1          838.5417   
      1355:    559050.000000           1          838.5540   
      1356:    559080.000000           1          838.5637   
      1357:    559110.000000           1          838.5709   
      1358:    559140.000000           1          838.5755   
      1359:    559170.000000           1          838.5874   
      1360:    559200.000000           1           -0.8949   
      1361:    559230.000000           1           -0.8869   
      1362:    559260.000000           1           -0.8828   
      1363:    559290.000000           1           -0.8772   
      1364:    559320.000000           1           -0.8699   
      1365:    559350.000000           1           -0.8656   
      1366:    559380.000000           1           -0.8593   
      1367:    559410.000000           1           -0.8518   
      1368:    559440.000000           1           -0.8451   
      1369:    559470.000000           1           -0.8396   
      1370:    559500.000000           1           -0.8348   
      1371:    559530.000000           1           -0.8372   
      1372:    559560.000000           1           -0.8425   
      1373:    559590.000000           1           -0.8493   
      1374:    559620.000000           1           -0.8520   
      1375:    559650.000000           1           -0.8553   
      1376:    559680.000000           1           -0.8593   
      1377:    559710.000000           1           -0.8625   
      1378:    559740.000000           1           -0.8665   
      1379:    559770.000000           1           -0.8736   
      1380:    559800.000000           1          838.5973   
      1381:    559830.000000           1           -0.8914   
      1382:    559860.000000           1           -0.8964   
      1383:    559890.000000           1           -0.8992   
      1384:    559920.000000           1           -0.8980   
      1385:    559950.000000           1          164.6032   
      1386:    559980.000000           1           -0.9159   
      1387:    560010.000000           1          164.4976   
      1388:    560040.000000           1          164.3956   
      1389:    560070.000000           1           -0.9400   
      1390:    560100.000000           1           -0.9431   
      1391:    560130.000000           1           -0.9460   
      1392:    560160.000000           1          838.5370   
      1393:    560190.000000           1           -0.9627   
      1394:    560220.000000           1           -0.9638   
      1395:    560250.000000           1           -0.9665   
      1396:    560280.000000           1           -0.9707   
      1397:    560310.000000           1           -0.9745   
      1398:    560340.000000           1           -0.9777   
      1399:    560370.000000           1           -0.9815   
      1400:    560400.000000           1           -0.9853   
      1401:    560430.000000           1           -0.9878   
      1402:    560460.000000           1           -0.9951   
      1403:    560490.000000           1          838.4864   
      1404:    560520.000000           1          838.4863   
      1405:    560550.000000           1          838.4829   
      1406:    560580.000000           1          838.4790   
      1407:    560610.000000           1          838.4760   
      1408:    560640.000000           1          838.4741   
      1409:    560670.000000           1          838.4732   
      1410:    560700.000000           1          838.4690   
      1411:    560730.000000           1          838.4673   
      1412:    560760.000000           1          838.4666   
      1413:    560790.000000           1          838.4638   
      1414:    560820.000000           1           66.1954   
      1415:    560850.000000           1          838.4503   
      1416:    560880.000000           1          838.4446   
      1417:    560910.000000           1          838.4398   
      1418:    560940.000000           1          838.4342   
      1419:    560970.000000           1          838.4322   
      1420:    561000.000000           1          838.4293   
      1421:    561030.000000           1          838.4190   
      1422:    561060.000000           1          838.4057   
      1423:    561090.000000           1          838.3997   
