         0:    518400.000000           1         -121.8627   
         1:    518430.000000           1           40.6078   
         2:    518460.000000           1           42.6579   
         3:    518490.000000           1         -104.7348   
         4:    518520.000000           1          -98.9055   
         5:    518550.000000           1          -97.2109   
         6:    518580.000000           1          -96.6293   
         7:    518610.000000           1           48.9932   
         8:    518640.000000           1          -93.5595   
         9:    518670.000000           1          -93.0661   
        10:    518700.000000           1          -93.8655   
        11:    518730.000000           1          -94.8395   
        12:    518760.000000           1          -95.8287   
        13:    518790.000000           1          -96.5447   
        14:    518820.000000           1          -97.8160   
        15:    518850.000000           1          -98.8440   
        16:    518880.000000           1          -99.9802   
        17:    518910.000000           1         -100.8880   
        18:    518940.000000           1         -101.8616   
        19:    518970.000000           1          162.2595   
        20:    519000.000000           1         -103.4219   
        21:    519030.000000           1         -104.1006   
        22:    519060.000000           1         -104.7616   
        23:    519090.000000           1          158.0224   
        24:    519120.000000           1          156.9007   
        25:    519150.000000           1         -107.4059   
        26:    519180.000000           1         -108.0808   
        27:    519210.000000           1         -108.8302   
        28:    519240.000000           1         -109.5062   
        29:    519270.000000           1         -110.0309   
        30:    519300.000000           1         -110.4544   
        31:    519330.000000           1         -110.7368   
        32:    519360.000000           1           77.3228   
        33:    519390.000000           1         -111.7109   
        34:    519420.000000           1         -111.8621   
        35:    519450.000000           1         -112.0225   
        36:    519480.000000           1         -112.0940   
        37:    519510.000000           1         -112.0658   
        38:    519540.000000           1         -111.9191   
        39:    519570.000000           1         -111.8787   
        40:    519600.000000           1         -112.1204   
        41:    519630.000000           1         -112.1388   
        42:    519660.000000           1         -112.3024   
        43:    519690.000000           1         -112.3953   
        44:    519720.000000           1         -112.5795   
        45:    519750.000000           1         -112.7895   
        46:    519780.000000           1         -112.7988   
        47:    519810.000000           1         -112.8299   
        48:    519840.000000           1         -112.8558   
        49:    519870.000000           1         -113.0373   
        50:    519900.000000           1          147.1619   
        51:    519930.000000           1         -113.3238   
        52:    519960.000000           1          146.9359   
        53:    519990.000000           1          146.9195   
        54:    520020.000000           1          146.7763   
        55:    520050.000000           1          146.7122   
        56:    520080.000000           1          146.6423   
        57:    520110.000000           1          146.6142   
        58:    520140.000000           1          146.5301   
        59:    520170.000000           1          146.4108   
        60:    520200.000000           1          146.3162   
        61:    520230.000000           1          512.2495   
        62:    520260.000000           1          512.3194   
        63:    520290.000000           1          512.3688   
        64:    520320.000000           1         -114.6335   
        65:    520350.000000           1          512.4145   
        66:    520380.000000           1          512.4607   
        67:    520410.000000           1          512.5486   
        68:    520440.000000           1          512.7047   
        69:    520470.000000           1          145.1719   
        70:    520500.000000           1          145.1607   
        71:    520530.000000           1         -320.7356   
        72:    520560.000000           1         -114.9936   
        73:    520590.000000           1         -114.9950   
        74:    520620.000000           1         -114.9860   
        75:    520650.000000           1          145.1204   
        76:    520680.000000           1         -114.9189   
        77:    520710.000000           1           81.9907   
        78:    520740.000000           1         -114.8131   
        79:    520770.000000           1         -114.7597   
        80:    520800.000000           1         -114.7257   
        81:    520830.000000           1         -114.6473   
        82:    520860.000000           1           82.4530   
        83:    520890.000000           1         -114.5382   
        84:    520920.000000           1         -114.4978   
        85:    520950.000000           1         -114.5199   
        86:    520980.000000           1         -114.4489   
        87:    521010.000000           1         -114.4481   
        88:    521040.000000           1         -114.4471   
        89:    521070.000000           1           82.8481   
        90:    521100.000000           1           82.8959   
        91:    521130.000000           1           82.9972   
        92:    521160.000000           1           83.0806   
        93:    521190.000000           1         -114.3203   
        94:    521220.000000           1         -114.2694   
        95:    521250.000000           1         -114.2318   
        96:    521280.000000           1         -114.1986   
        97:    521310.000000           1         -114.1656   
        98:    521340.000000           1          145.6507   
        99:    521370.000000           1          145.6215   
       100:    521400.000000           1          145.6234   
       101:    521430.000000           1          145.6459   
       102:    521460.000000           1         -114.0320   
       103:    521490.000000           1           83.6854   
       104:    521520.000000           1         -113.9889   
       105:    521550.000000           1         -113.9562   
       106:    521580.000000           1         -113.9381   
       107:    521610.000000           1         -320.6707   
       108:    521640.000000           1         -113.8601   
       109:    521670.000000           1         -113.7998   
       110:    521700.000000           1         -113.8077   
       111:    521730.000000           1         -113.8536   
       112:    521760.000000           1           84.0849   
       113:    521790.000000           1          148.0527   
       114:    521820.000000           1          148.1944   
       115:    521850.000000           1           84.2371   
       116:    521880.000000           1          148.1285   
       117:    521910.000000           1          148.0205   
       118:    521940.000000           1         -113.8340   
       119:    521970.000000           1          147.8552   
       120:    522000.000000           1           84.4203   
       121:    522030.000000           1          147.6107   
       122:    522060.000000           1          198.9314   
       123:    522090.000000           1          198.7272   
       124:    522120.000000           1          198.5981   
       125:    522150.000000           1          198.5273   
       126:    522180.000000           1         -113.5932   
       127:    522210.000000           1         -113.5550   
       128:    522240.000000           1         -113.4708   
       129:    522270.000000           1          198.5814   
       130:    522300.000000           1          198.5535   
       131:    522330.000000           1         -113.3261   
       132:    522360.000000           1          198.5448   
       133:    522390.000000           1          198.5198   
       134:    522420.000000           1          198.5106   
       135:    522450.000000           1          198.4801   
       136:    522480.000000           1         -113.2475   
       137:    522510.000000           1         -113.1846   
       138:    522540.000000           1           64.3012   
       139:    522570.000000           1           64.3084   
       140:    522600.000000           1         -113.1348   
       141:    522630.000000           1         -113.1320   
       142:    522660.000000           1           64.1581   
       143:    522690.000000           1         -113.0444   
       144:    522720.000000           1           63.9635   
       145:    522750.000000           1         -112.9260   
       146:    522780.000000           1         -112.9107   
       147:    522810.000000           1         -112.9295   
       148:    522840.000000           1         -112.9222   
       149:    522870.000000           1         -112.9268   
       150:    522900.000000           1         -112.9713   
       151:    522930.000000           1         -113.0077   
       152:    522960.000000           1         -113.0101   
       153:    522990.000000           1         -113.0205   
       154:    523020.000000           1         -113.0182   
       155:    523050.000000           1         -113.0257   
       156:    523080.000000           1         -113.0273   
       157:    523110.000000           1         -113.0498   
       158:    523140.000000           1         -113.0869   
       159:    523170.000000           1         -113.0683   
       160:    523200.000000           1           62.9896   
       161:    523230.000000           1         -113.1034   
       162:    523260.000000           1           63.1071   
       163:    523290.000000           1         -113.0567   
       164:    523320.000000           1         -113.0453   
       165:    523350.000000           1         -113.0337   
       166:    523380.000000           1         -113.0277   
       167:    523410.000000           1          196.9649   
       168:    523440.000000           1          196.9803   
       169:    523470.000000           1         -113.0060   
       170:    523500.000000           1           63.1984   
       171:    523530.000000           1         -113.0135   
       172:    523560.000000           1         -112.9904   
       173:    523590.000000           1         -112.9824   
       174:    523620.000000           1         -112.9753   
       175:    523650.000000           1         -112.9594   
       176:    523680.000000           1         -112.9598   
       177:    523710.000000           1           63.0066   
       178:    523740.000000           1           62.9835   
       179:    523770.000000           1           62.9900   
       180:    523800.000000           1           62.9809   
       181:    523830.000000           1           62.9687   
       182:    523860.000000           1           62.9680   
       183:    523890.000000           1           62.9525   
       184:    523920.000000           1           62.9562   
       185:    523950.000000           1           62.9618   
       186:    523980.000000           1           62.9738   
       187:    524010.000000           1           62.9640   
       188:    524040.000000           1           62.9789   
       189:    524070.000000           1           62.9905   
       190:    524100.000000           1           62.9986   
       191:    524130.000000           1           62.9983   
       192:    524160.000000           1          160.6585   
       193:    524190.000000           1          160.6801   
       194:    524220.000000           1          160.6979   
       195:    524250.000000           1           85.9250   
       196:    524280.000000           1           85.9472   
       197:    524310.000000           1           86.0163   
       198:    524340.000000           1           86.0392   
       199:    524370.000000           1          161.0021   
       200:    524400.000000           1           63.3241   
       201:    524430.000000           1         -112.8310   
       202:    524460.000000           1           63.3609   
       203:    524490.000000           1         -112.8346   
       204:    524520.000000           1         -112.8344   
       205:    524550.000000           1         -112.8082   
       206:    524580.000000           1         -112.7869   
       207:    524610.000000           1         -112.7770   
       208:    524640.000000           1         -112.7473   
       209:    524670.000000           1         -112.6990   
       210:    524700.000000           1          198.2231   
       211:    524730.000000           1          198.2406   
       212:    524760.000000           1          198.2825   
       213:    524790.000000           1          198.3303   
       214:    524820.000000           1          198.3255   
       215:    524850.000000           1          198.3284   
       216:    524880.000000           1         -112.6068   
       217:    524910.000000           1          198.4175   
       218:    524940.000000           1          198.4491   
       219:    524970.000000           1          198.4681   
       220:    525000.000000           1          198.4849   
       221:    525030.000000           1          198.5077   
       222:    525060.000000           1          523.7431   
       223:    525090.000000           1          523.7560   
       224:    525120.000000           1          523.7669   
       225:    525150.000000           1          523.7865   
       226:    525180.000000           1          198.6356   
       227:    525210.000000           1          523.8364   
       228:    525240.000000           1          523.8224   
       229:    525270.000000           1          523.8313   
       230:    525300.000000           1          523.8416   
       231:    525330.000000           1          523.8380   
       232:    525360.000000           1          523.8702   
       233:    525390.000000           1          198.5884   
       234:    525420.000000           1          523.9595   
       235:    525450.000000           1          523.9599   
       236:    525480.000000           1          524.0298   
       237:    525510.000000           1          524.0279   
       238:    525540.000000           1          524.0402   
       239:    525570.000000           1          524.0618   
       240:    525600.000000           1          524.0577   
       241:    525630.000000           1          524.0432   
       242:    525660.000000           1          524.0723   
       243:    525690.000000           1          524.0929   
       244:    525720.000000           1          524.1046   
       245:    525750.000000           1          524.1019   
       246:    525780.000000           1          524.1087   
       247:    525810.000000           1          524.1232   
       248:    525840.000000           1          524.1210   
       249:    525870.000000           1          524.1116   
       250:    525900.000000           1          524.1150   
       251:    525930.000000           1          524.1215   
       252:    525960.000000           1          524.1417   
       253:    525990.000000           1          524.1449   
       254:    526020.000000           1          524.1435   
       255:    526050.000000           1          524.1460   
       256:    526080.000000           1          524.1641   
       257:    526110.000000           1          524.1624   
       258:    526140.000000           1          524.1586   
       259:    526170.000000           1          524.1517   
       260:    526200.000000           1          524.1567   
       261:    526230.000000           1          524.1629   
       262:    526260.000000           1          524.1635   
       263:    526290.000000           1          524.1645   
       264:    526320.000000           1          524.1582   
       265:    526350.000000           1          524.1533   
       266:    526380.000000           1          524.1527   
       267:    526410.000000           1          524.1537   
       268:    526440.000000           1          199.0211   
       269:    526470.000000           1          524.1382   
       270:    526500.000000           1          524.1284   
       271:    526530.000000           1          524.0888   
       272:    526560.000000           1          524.0450   
       273:    526590.000000           1          524.0374   
       274:    526620.000000           1          524.0314   
       275:    526650.000000           1          524.0243   
       276:    526680.000000           1          524.0187   
       277:    526710.000000           1          198.9259   
       278:    526740.000000           1          523.9638   
       279:    526770.000000           1          523.9590   
       280:    526800.000000           1          523.9602   
       281:    526830.000000           1          523.9536   
       282:    526860.000000           1          198.9078   
       283:    526890.000000           1          523.9253   
       284:    526920.000000           1          523.9063   
       285:    526950.000000           1          523.8836   
       286:    526980.000000           1          198.8216   
       287:    527010.000000           1          198.8170   
       288:    527040.000000           1          198.8142   
       289:    527070.000000           1         -113.0530   
       290:    527100.000000           1         -113.0561   
       291:    527130.000000           1         -113.0666   
       292:    527160.000000           1         -113.0729   
       293:    527190.000000           1         -113.0781   
       294:    527220.000000           1           63.3884   
       295:    527250.000000           1         -113.1095   
       296:    527280.000000           1         -113.1118   
       297:    527310.000000           1         -113.1152   
       298:    527340.000000           1         -113.1168   
       299:    527370.000000           1         -113.1142   
       300:    527400.000000           1         -113.1119   
       301:    527430.000000           1         -113.1142   
       302:    527460.000000           1         -113.1225   
       303:    527490.000000           1           63.3976   
       304:    527520.000000           1           63.3900   
       305:    527550.000000           1          161.6961   
       306:    527580.000000           1          161.7018   
       307:    527610.000000           1          161.7060   
       308:    527640.000000           1          161.7129   
       309:    527670.000000           1          161.7256   
       310:    527700.000000           1           63.3930   
       311:    527730.000000           1           63.3986   
       312:    527760.000000           1          161.7139   
       313:    527790.000000           1         -113.1563   
       314:    527820.000000           1           63.3796   
       315:    527850.000000           1           63.3900   
       316:    527880.000000           1           63.3700   
       317:    527910.000000           1           63.3538   
       318:    527940.000000           1           63.3409   
       319:    527970.000000           1           63.3413   
       320:    528000.000000           1           63.3423   
       321:    528030.000000           1           63.3229   
       322:    528060.000000           1           63.3237   
       323:    528090.000000           1           63.3222   
       324:    528120.000000           1           63.3284   
       325:    528150.000000           1           63.3282   
       326:    528180.000000           1         -113.2610   
       327:    528210.000000           1           63.3310   
       328:    528240.000000           1           63.3242   
       329:    528270.000000           1           63.3166   
       330:    528300.000000           1           63.3047   
       331:    528330.000000           1           63.2997   
       332:    528360.000000           1           63.2846   
       333:    528390.000000           1           63.2810   
       334:    528420.000000           1           63.2759   
       335:    528450.000000           1           63.2635   
       336:    528480.000000           1           63.2543   
       337:    528510.000000           1           63.2418   
       338:    528540.000000           1           63.2347   
       339:    528570.000000           1           63.2213   
       340:    528600.000000           1           63.2035   
       341:    528630.000000           1           63.2052   
       342:    528660.000000           1         -113.4308   
       343:    528690.000000           1         -113.4360   
       344:    528720.000000           1         -113.4380   
       345:    528750.000000           1         -113.4463   
       346:    528780.000000           1          198.9320   
       347:    528810.000000           1         -113.4749   
       348:    528840.000000           1          198.9183   
       349:    528870.000000           1          198.9156   
       350:    528900.000000           1          198.9201   
       351:    528930.000000           1          198.9197   
       352:    528960.000000           1         -113.5237   
       353:    528990.000000           1         -113.5241   
       354:    529020.000000           1         -113.5221   
       355:    529050.000000           1         -113.5294   
       356:    529080.000000           1         -113.5284   
       357:    529110.000000           1           63.0520   
       358:    529140.000000           1         -113.5593   
       359:    529170.000000           1         -113.5647   
       360:    529200.000000           1          198.9551   
       361:    529230.000000           1         -113.5661   
       362:    529260.000000           1         -113.5693   
       363:    529290.000000           1           63.0207   
       364:    529320.000000           1         -113.5849   
       365:    529350.000000           1         -113.5857   
       366:    529380.000000           1         -113.5844   
       367:    529410.000000           1         -113.5841   
       368:    529440.000000           1         -113.5880   
       369:    529470.000000           1          198.9657   
       370:    529500.000000           1         -113.5829   
       371:    529530.000000           1         -113.5848   
       372:    529560.000000           1          199.0025   
       373:    529590.000000           1          198.9957   
       374:    529620.000000           1          198.9974   
       375:    529650.000000           1          198.9874   
       376:    529680.000000           1         -113.6263   
       377:    529710.000000           1         -113.6432   
       378:    529740.000000           1          198.9944   
       379:    529770.000000           1          198.9884   
       380:    529800.000000           1          198.9925   
       381:    529830.000000           1         -113.6654   
       382:    529860.000000           1           62.9062   
       383:    529890.000000           1         -113.7097   
       384:    529920.000000           1           62.8625   
       385:    529950.000000           1           62.8348   
       386:    529980.000000           1          161.3935   
       387:    530010.000000           1           62.8112   
       388:    530040.000000           1          161.3634   
       389:    530070.000000           1           62.7654   
       390:    530100.000000           1           62.7521   
       391:    530130.000000           1           62.7466   
       392:    530160.000000           1          161.3183   
       393:    530190.000000           1           62.7116   
       394:    530220.000000           1          161.2962   
       395:    530250.000000           1           62.7099   
       396:    530280.000000           1          161.2853   
       397:    530310.000000           1           62.6878   
       398:    530340.000000           1           62.6782   
       399:    530370.000000           1           62.6677   
       400:    530400.000000           1           62.6625   
       401:    530430.000000           1           62.6570   
       402:    530460.000000           1           62.6563   
       403:    530490.000000           1           62.6500   
       404:    530520.000000           1           62.6379   
       405:    530550.000000           1          161.2244   
       406:    530580.000000           1          161.2202   
       407:    530610.000000           1          161.2161   
       408:    530640.000000           1         -320.7266   
       409:    530670.000000           1         -320.7339   
       410:    530700.000000           1          161.1385   
       411:    530730.000000           1          161.3616   
       412:    530760.000000           1          161.6775   
       413:    530790.000000           1          161.2250   
       414:    530820.000000           1           62.4137   
       415:    530850.000000           1           62.4140   
       416:    530880.000000           1           62.4219   
       417:    530910.000000           1           62.4140   
       418:    530940.000000           1           62.4289   
       419:    530970.000000           1         -320.6269   
       420:    531000.000000           1          160.6524   
       421:    531030.000000           1          160.6478   
       422:    531060.000000           1          160.7043   
       423:    531090.000000           1          160.7616   
       424:    531120.000000           1         -159.3037   
       425:    531150.000000           1          160.8219   
       426:    531180.000000           1         -320.6920   
       427:    531210.000000           1          161.0432   
       428:    531240.000000           1          161.1651   
       429:    531270.000000           1          161.2416   
       430:    531300.000000           1           62.5486   
       884:    544920.000000           1         -421.5250   
       885:    544950.000000           1         -421.5370   
       886:    544980.000000           1         -421.5525   
       887:    545010.000000           1         -421.5661   
       888:    545040.000000           1         -421.5770   
       889:    545070.000000           1         -421.5900   
       890:    545100.000000           1         -421.6024   
       891:    545130.000000           1         -421.6145   
       892:    545160.000000           1         -421.6386   
       893:    545190.000000           1         -421.6597   
       894:    545220.000000           1         -421.6755   
       895:    545250.000000           1         -421.6853   
       896:    545280.000000           1         -421.6966   
       897:    545310.000000           1         -421.7069   
       898:    545340.000000           1         -421.7208   
       899:    545370.000000           1         -421.7311   
       900:    545400.000000           1         -421.7536   
       901:    545430.000000           1         -421.7622   
       902:    545460.000000           1         -421.7744   
       903:    545490.000000           1         -421.7872   
       904:    545520.000000           1         -421.7952   
       905:    545550.000000           1         -421.8036   
       906:    545580.000000           1         -421.8211   
       907:    545610.000000           1         -421.8472   
       908:    545640.000000           1         -421.8627   
       909:    545670.000000           1         -421.8949   
       910:    545700.000000           1          116.6190   
       911:    545730.000000           1          116.6044   
       912:    545760.000000           1          116.4124   
       913:    545790.000000           1          116.4320   
       914:    545820.000000           1          116.4528   
       915:    545850.000000           1          116.4960   
       916:    545880.000000           1          116.6145   
       917:    545910.000000           1         -422.1063   
       918:    545940.000000           1          116.6849   
       919:    545970.000000           1          116.6055   
       920:    546000.000000           1          116.8922   
       921:    546030.000000           1          117.0190   
       922:    546060.000000           1          117.1196   
       923:    546090.000000           1          117.2451   
       924:    546120.000000           1          117.3172   
       925:    546150.000000           1          117.3859   
       926:    546180.000000           1         -422.3370   
       927:    546210.000000           1          117.4590   
       928:    546240.000000           1          117.4488   
       929:    546270.000000           1          117.4043   
       930:    546300.000000           1          117.2944   
       931:    546330.000000           1          117.2172   
       932:    546360.000000           1          117.1632   
       933:    546390.000000           1         -422.5002   
       934:    546420.000000           1          117.0053   
       935:    546450.000000           1          117.1160   
       936:    546480.000000           1          117.0886   
       937:    546510.000000           1          117.0235   
       938:    546540.000000           1          117.0741   
       939:    546570.000000           1          117.1355   
       940:    546600.000000           1          117.1811   
       941:    546630.000000           1          117.1756   
       942:    546660.000000           1          117.1332   
       943:    546690.000000           1          117.1562   
       944:    546720.000000           1          117.1178   
       945:    546750.000000           1          117.1182   
       946:    546780.000000           1          117.1235   
       947:    546810.000000           1          117.1306   
       948:    546840.000000           1          117.1308   
       949:    546870.000000           1          117.1204   
       950:    546900.000000           1          117.0955   
       951:    546930.000000           1          117.0586   
       952:    546960.000000           1          117.0280   
       953:    546990.000000           1          117.0063   
       954:    547020.000000           1          116.9870   
       955:    547050.000000           1          116.9590   
       956:    547080.000000           1          116.9192   
       957:    547110.000000           1          116.8929   
       958:    547140.000000           1          116.8725   
       959:    547170.000000           1          116.8438   
       960:    547200.000000           1          116.8294   
       961:    547230.000000           1          116.8160   
       962:    547260.000000           1          116.8279   
       963:    547290.000000           1          116.8176   
       964:    547320.000000           1          116.7957   
       965:    547350.000000           1          116.7464   
       966:    547380.000000           1          116.7062   
       967:    547410.000000           1          116.6443   
       968:    547440.000000           1          116.5861   
       969:    547470.000000           1          116.5502   
       970:    547500.000000           1          116.5207   
       971:    547530.000000           1          116.5235   
       972:    547560.000000           1          116.5090   
       973:    547590.000000           1          116.5007   
       974:    547620.000000           1          116.4729   
       975:    547650.000000           1          116.4536   
       976:    547680.000000           1          116.4029   
       977:    547710.000000           1          116.3476   
       978:    547740.000000           1          116.2921   
       979:    547770.000000           1          116.2596   
       980:    547800.000000           1          116.2336   
       981:    547830.000000           1         -423.4954   
       982:    547860.000000           1          116.8025   
       983:    547890.000000           1          116.7823   
       984:    547920.000000           1          116.7589   
       985:    547950.000000           1          116.7049   
       986:    547980.000000           1          116.6182   
       987:    548010.000000           1          116.5883   
       988:    548040.000000           1          116.4492   
       989:    548070.000000           1          116.2838   
       990:    548100.000000           1          116.2373   
       991:    548130.000000           1          116.2123   
       992:    548160.000000           1          116.1778   
       993:    548190.000000           1          116.1346   
       994:    548220.000000           1          116.1011   
       995:    548250.000000           1          116.1187   
       996:    548280.000000           1          116.1310   
       997:    548310.000000           1          116.1377   
       998:    548340.000000           1          116.1310   
       999:    548370.000000           1          116.1047   
      1000:    548400.000000           1          116.0807   
      1001:    548430.000000           1          116.0707   
      1002:    548460.000000           1          116.0499   
      1003:    548490.000000           1          116.0365   
      1004:    548520.000000           1          116.0510   
      1005:    548550.000000           1          116.0394   
      1006:    548580.000000           1          116.0131   
      1007:    548610.000000           1          115.9875   
      1008:    548640.000000           1          115.9596   
      1009:    548670.000000           1          115.9266   
      1010:    548700.000000           1          115.8926   
      1011:    548730.000000           1          115.8636   
      1012:    548760.000000           1          115.8578   
      1013:    548790.000000           1          115.8557   
      1014:    548820.000000           1          115.8725   
      1015:    548850.000000           1          115.8819   
      1016:    548880.000000           1          115.9027   
      1017:    548910.000000           1          115.8958   
      1018:    548940.000000           1          115.8952   
      1019:    548970.000000           1          115.8714   
      1020:    549000.000000           1          115.8392   
      1021:    549030.000000           1          115.8238   
      1022:    549060.000000           1          115.7833   
      1023:    549090.000000           1          115.7332   
      1024:    549120.000000           1          115.6931   
      1025:    549150.000000           1          115.6471   
      1026:    549180.000000           1          115.5940   
      1027:    549210.000000           1          115.5662   
      1028:    549240.000000           1          115.5472   
      1029:    549270.000000           1          115.5291   
      1030:    549300.000000           1          115.5126   
      1031:    549330.000000           1          115.4974   
      1032:    549360.000000           1          115.4761   
      1033:    549390.000000           1          115.4500   
      1034:    549420.000000           1          115.4303   
      1035:    549450.000000           1          115.4042   
      1036:    549480.000000           1          115.3801   
      1037:    549510.000000           1          115.3557   
      1038:    549540.000000           1          115.3043   
      1039:    549570.000000           1          115.2630   
      1040:    549600.000000           1          115.2342   
      1041:    549630.000000           1          115.1921   
      1042:    549660.000000           1          115.1746   
      1043:    549690.000000           1          115.1490   
      1044:    549720.000000           1          115.1347   
      1045:    549750.000000           1          115.1114   
      1046:    549780.000000           1          115.0870   
      1047:    549810.000000           1          115.0657   
      1048:    549840.000000           1          115.0504   
      1049:    549870.000000           1          115.0252   
      1050:    549900.000000           1          115.0087   
      1051:    549930.000000           1          115.0016   
      1052:    549960.000000           1          114.9778   
      1053:    549990.000000           1          114.9460   
      1054:    550020.000000           1          114.9362   
      1055:    550050.000000           1          114.9279   
      1056:    550080.000000           1          114.9156   
      1057:    550110.000000           1          114.9007   
      1058:    550140.000000           1          114.8736   
      1059:    550170.000000           1          114.8480   
      1060:    550200.000000           1          114.8337   
      1061:    550230.000000           1          114.8230   
      1062:    550260.000000           1          114.8119   
      1063:    550290.000000           1          114.8048   
      1064:    550320.000000           1          114.8023   
      1065:    550350.000000           1          114.7961   
      1066:    550380.000000           1          114.7966   
      1067:    550410.000000           1          114.8008   
      1068:    550440.000000           1          114.8022   
      1069:    550470.000000           1          114.7901   
      1070:    550500.000000           1          114.7702   
      1071:    550530.000000           1          114.7636   
      1072:    550560.000000           1          114.7627   
      1073:    550590.000000           1          114.7626   
      1074:    550620.000000           1          114.7405   
      1075:    550650.000000           1          114.7354   
      1076:    550680.000000           1          114.7256   
      1077:    550710.000000           1          114.7220   
      1078:    550740.000000           1          114.7163   
      1079:    550770.000000           1          114.7083   
      1080:    550800.000000           1          114.7004   
      1081:    550830.000000           1          114.6894   
      1082:    550860.000000           1          114.6864   
      1083:    550890.000000           1          114.6876   
      1084:    550920.000000           1          114.6820   
      1085:    550950.000000           1          114.6719   
      1086:    550980.000000           1          114.6668   
      1087:    551010.000000           1          114.6615   
      1088:    551040.000000           1          114.6547   
      1089:    551070.000000           1          114.6481   
      1090:    551100.000000           1          114.6394   
      1091:    551130.000000           1          114.6317   
      1092:    551160.000000           1          114.6249   
      1093:    551190.000000           1          114.6137   
      1094:    551220.000000           1          114.6023   
      1095:    551250.000000           1          114.5925   
      1096:    551280.000000           1          114.5844   
      1097:    551310.000000           1          114.5626   
      1098:    551340.000000           1          114.5493   
      1099:    551370.000000           1          114.5322   
      1100:    551400.000000           1          114.5210   
      1101:    551430.000000           1          114.5116   
      1102:    551460.000000           1          114.5031   
      1103:    551490.000000           1          114.4983   
      1104:    551520.000000           1          114.5012   
      1105:    551550.000000           1          114.4989   
      1106:    551580.000000           1          114.4927   
      1107:    551610.000000           1          114.4881   
      1108:    551640.000000           1          114.4854   
      1109:    551670.000000           1          114.4891   
      1110:    551700.000000           1          114.4850   
      1111:    551730.000000           1          114.4822   
      1112:    551760.000000           1          114.4690   
      1113:    551790.000000           1          114.4634   
      1114:    551820.000000           1          114.4424   
      1115:    551850.000000           1          114.4372   
      1116:    551880.000000           1          114.4242   
      1117:    551910.000000           1          114.4118   
      1118:    551940.000000           1          114.3990   
      1119:    551970.000000           1          114.3937   
      1120:    552000.000000           1          114.3885   
      1121:    552030.000000           1          114.3702   
      1122:    552060.000000           1          114.3646   
      1123:    552090.000000           1          114.3615   
      1124:    552120.000000           1          114.3513   
      1125:    552150.000000           1          114.3410   
      1126:    552180.000000           1          114.3332   
      1127:    552210.000000           1          114.3301   
      1128:    552240.000000           1          114.3275   
      1129:    552270.000000           1          114.3270   
      1130:    552300.000000           1          114.3253   
      1131:    552330.000000           1          114.3260   
      1132:    552360.000000           1          114.3243   
      1133:    552390.000000           1          114.3209   
      1134:    552420.000000           1          114.3224   
      1135:    552450.000000           1          114.3245   
      1136:    552480.000000           1          114.3237   
      1137:    552510.000000           1          114.3202   
      1138:    552540.000000           1          114.3184   
      1139:    552570.000000           1          114.3159   
      1140:    552600.000000           1          114.3153   
      1141:    552630.000000           1          114.3133   
      1142:    552660.000000           1          114.3118   
      1143:    552690.000000           1          114.3059   
      1144:    552720.000000           1          114.2987   
      1145:    552750.000000           1          114.2912   
      1146:    552780.000000           1          114.2869   
      1147:    552810.000000           1          114.2853   
      1148:    552840.000000           1          114.2858   
      1149:    552870.000000           1          114.2912   
      1150:    552900.000000           1          114.2905   
      1151:    552930.000000           1          114.2965   
      1152:    552960.000000           1          114.3071   
      1153:    552990.000000           1          114.3107   
      1154:    553020.000000           1          114.3108   
      1155:    553050.000000           1          114.3088   
      1156:    553080.000000           1          114.3091   
      1157:    553110.000000           1          114.3109   
      1158:    553140.000000           1          114.3124   
      1159:    553170.000000           1          114.3112   
      1160:    553200.000000           1          114.3108   
      1161:    553230.000000           1          114.3088   
      1162:    553260.000000           1          114.3122   
      1163:    553290.000000           1          114.3182   
      1164:    553320.000000           1          114.3232   
      1165:    553350.000000           1          114.3278   
      1166:    553380.000000           1          114.3335   
      1167:    553410.000000           1          114.3372   
      1168:    553440.000000           1          114.3380   
      1169:    553470.000000           1          114.3404   
      1170:    553500.000000           1          114.3423   
      1171:    553530.000000           1          114.3441   
      1172:    553560.000000           1          114.3466   
      1173:    553590.000000           1          114.3485   
      1174:    553620.000000           1          114.3510   
      1175:    553650.000000           1          114.3563   
      1176:    553680.000000           1          114.3597   
      1177:    553710.000000           1          114.3649   
      1178:    553740.000000           1          114.3692   
      1179:    553770.000000           1          114.3719   
      1180:    553800.000000           1          114.3734   
      1181:    553830.000000           1          114.3741   
      1182:    553860.000000           1          114.3829   
      1183:    553890.000000           1          114.3917   
      1184:    553920.000000           1          114.3964   
      1185:    553950.000000           1          114.3977   
      1186:    553980.000000           1          114.4030   
      1187:    554010.000000           1          114.4090   
      1188:    554040.000000           1          114.4088   
      1189:    554070.000000           1          114.4098   
      1190:    554100.000000           1          114.4128   
      1191:    554130.000000           1          114.4178   
      1192:    554160.000000           1          114.4249   
      1193:    554190.000000           1          114.4358   
      1194:    554220.000000           1         -424.9572   
      1195:    554250.000000           1          114.4535   
      1196:    554280.000000           1          114.4584   
      1197:    554310.000000           1          114.4640   
      1198:    554340.000000           1          114.4700   
      1199:    554370.000000           1          114.4751   
      1200:    554400.000000           1          114.4850   
      1201:    554430.000000           1          114.4954   
      1202:    554460.000000           1          114.5079   
      1203:    554490.000000           1          114.5183   
      1204:    554520.000000           1          114.5257   
      1205:    554550.000000           1          114.5306   
      1206:    554580.000000           1          114.5357   
      1207:    554610.000000           1          114.5406   
      1208:    554640.000000           1          114.5462   
      1209:    554670.000000           1          114.5531   
      1210:    554700.000000           1          114.5575   
      1211:    554730.000000           1          114.5611   
      1212:    554760.000000           1          114.5642   
      1213:    554790.000000           1          114.5682   
      1214:    554820.000000           1          114.5720   
      1215:    554850.000000           1          114.5732   
      1216:    554880.000000           1          114.5721   
      1217:    554910.000000           1          114.5741   
      1218:    554940.000000           1          114.5852   
      1219:    554970.000000           1          114.5912   
      1220:    555000.000000           1          114.5984   
      1221:    555030.000000           1          114.6092   
      1222:    555060.000000           1          114.6221   
      1223:    555090.000000           1          114.6293   
      1224:    555120.000000           1          114.6358   
      1225:    555150.000000           1          114.6425   
      1226:    555180.000000           1         -424.7517   
      1227:    555210.000000           1          114.6691   
      1228:    555240.000000           1          114.6777   
      1229:    555270.000000           1          114.6970   
      1230:    555300.000000           1          114.7078   
      1231:    555330.000000           1          114.7150   
      1232:    555360.000000           1          114.7260   
      1233:    555390.000000           1          114.7417   
      1234:    555420.000000           1          114.7526   
      1235:    555450.000000           1          114.7558   
      1236:    555480.000000           1          114.7607   
      1237:    555510.000000           1          114.7656   
      1238:    555540.000000           1          114.7773   
      1239:    555570.000000           1          114.7847   
      1240:    555600.000000           1         -424.6233   
      1241:    555630.000000           1         -424.6131   
      1242:    555660.000000           1         -424.6063   
      1243:    555690.000000           1         -424.5998   
      1244:    555720.000000           1         -424.5861   
      1245:    555750.000000           1         -424.5724   
      1246:    555780.000000           1         -424.5557   
      1247:    555810.000000           1         -424.5487   
      1248:    555840.000000           1         -424.5402   
      1249:    555870.000000           1         -424.5334   
      1250:    555900.000000           1         -424.5293   
      1251:    555930.000000           1         -424.5232   
      1252:    555960.000000           1         -424.5092   
      1253:    555990.000000           1         -424.4991   
      1254:    556020.000000           1         -424.4888   
      1255:    556050.000000           1         -424.4812   
      1256:    556080.000000           1         -424.4778   
      1257:    556110.000000           1         -424.4681   
      1258:    556140.000000           1         -424.4566   
      1259:    556170.000000           1         -424.4458   
      1260:    556200.000000           1         -424.4391   
      1261:    556230.000000           1         -424.4280   
      1262:    556260.000000           1         -424.4124   
      1263:    556290.000000           1         -424.4056   
      1264:    556320.000000           1          115.0264   
      1265:    556350.000000           1          115.0467   
      1266:    556380.000000           1          115.0549   
      1267:    556410.000000           1          115.0616   
      1268:    556440.000000           1         -424.3425   
      1269:    556470.000000           1          115.0872   
      1270:    556500.000000           1          115.0941   
      1271:    556530.000000           1          115.0990   
      1272:    556560.000000           1          115.1061   
      1273:    556590.000000           1          115.1163   
      1274:    556620.000000           1          115.1213   
      1275:    556650.000000           1          115.1284   
      1276:    556680.000000           1         -424.2787   
      1277:    556710.000000           1         -424.2662   
      1278:    556740.000000           1         -424.2611   
      1279:    556770.000000           1         -424.2551   
      1280:    556800.000000           1          140.1947   
      1281:    556830.000000           1         -424.2304   
      1282:    556860.000000           1         -424.2240   
      1283:    556890.000000           1         -424.2180   
      1284:    556920.000000           1         -424.2112   
      1285:    556950.000000           1         -424.1980   
      1286:    556980.000000           1         -424.1844   
      1287:    557010.000000           1         -424.1754   
      1288:    557040.000000           1         -424.1679   
      1289:    557070.000000           1         -424.1592   
      1290:    557100.000000           1         -424.1510   
      1291:    557130.000000           1         -424.1432   
      1292:    557160.000000           1         -424.1356   
      1293:    557190.000000           1         -424.1269   
      1294:    557220.000000           1         -424.1129   
      1295:    557250.000000           1         -424.1001   
      1296:    557280.000000           1         -424.0889   
      1297:    557310.000000           1          140.3944   
      1298:    557340.000000           1         -424.0611   
      1299:    557370.000000           1         -424.0441   
      1300:    557400.000000           1         -424.0381   
      1301:    557430.000000           1          114.9989   
      1302:    557460.000000           1          114.9978   
      1303:    557490.000000           1          114.9982   
      1304:    557520.000000           1          115.0004   
      1305:    557550.000000           1          115.0063   
      1306:    557580.000000           1          115.0320   
      1307:    557610.000000           1          115.0564   
      1308:    557640.000000           1          115.0667   
      1309:    557670.000000           1          115.0772   
      1310:    557700.000000           1          115.0857   
      1311:    557730.000000           1          115.0902   
      1312:    557760.000000           1          115.1067   
      1313:    557790.000000           1         -423.9141   
      1314:    557820.000000           1          115.3342   
      1315:    557850.000000           1          115.2772   
      1316:    557880.000000           1          140.6166   
      1317:    557910.000000           1          115.3549   
      1318:    557940.000000           1          115.3383   
      1319:    557970.000000           1          115.4484   
      1320:    558000.000000           1         -423.8274   
      1321:    558030.000000           1         -423.8191   
      1322:    558060.000000           1         -423.7989   
      1323:    558090.000000           1         -423.7874   
      1324:    558120.000000           1         -423.7741   
      1325:    558150.000000           1         -423.7661   
      1326:    558180.000000           1         -423.7604   
      1327:    558210.000000           1         -423.7526   
      1328:    558240.000000           1         -423.7440   
      1329:    558270.000000           1         -423.7371   
      1330:    558300.000000           1         -423.7232   
      1331:    558330.000000           1         -423.7059   
      1332:    558360.000000           1         -423.6992   
      1333:    558390.000000           1         -423.6886   
      1334:    558420.000000           1         -423.6800   
      1335:    558450.000000           1         -423.6677   
      1336:    558480.000000           1          140.8318   
      1337:    558510.000000           1          634.0980   
      1338:    558540.000000           1          140.8624   
      1339:    558570.000000           1          140.8721   
      1340:    558600.000000           1          140.8760   
      1341:    558630.000000           1          140.8893   
      1342:    558660.000000           1          140.9055   
      1343:    558690.000000           1          140.9196   
      1344:    558720.000000           1          140.9274   
      1345:    558750.000000           1          140.9336   
      1346:    558780.000000           1          140.9381   
      1347:    558810.000000           1          140.9495   
      1348:    558840.000000           1          140.9584   
      1349:    558870.000000           1          140.9670   
      1350:    558900.000000           1         -423.5002   
      1351:    558930.000000           1         -423.4880   
      1352:    558960.000000           1          141.0102   
      1353:    558990.000000           1          141.0228   
      1354:    559020.000000           1          141.0283   
      1355:    559050.000000           1          141.0356   
      1356:    559080.000000           1          141.0414   
      1357:    559110.000000           1          141.0468   
      1358:    559140.000000           1          141.0506   
      1359:    559170.000000           1          141.0647   
      2549:    594870.000000           1          170.8209   
      2550:    594900.000000           1         -947.6295   
      2551:    594930.000000           1         -947.6312   
      2552:    594960.000000           1         -947.6332   
      2553:    594990.000000           1         -947.6358   
      2554:    595020.000000           1         -947.6375   
      2555:    595050.000000           1         -947.6388   
      2556:    595080.000000           1         -947.6398   
      2557:    595110.000000           1         -947.6414   
      2558:    595140.000000           1         -947.6422   
      2559:    595170.000000           1         -947.6444   
      2560:    595200.000000           1         -947.6455   
      2561:    595230.000000           1         -947.6489   
      2562:    595260.000000           1         -947.6516   
      2563:    595290.000000           1         -947.6558   
      2564:    595320.000000           1         -947.6593   
      2565:    595350.000000           1         -947.6613   
      2566:    595380.000000           1         -947.6626   
      2567:    595410.000000           1         -947.6670   
      2568:    595440.000000           1         -947.6725   
      2569:    595470.000000           1         -947.6750   
      2570:    595500.000000           1         -947.6780   
      2571:    595530.000000           1         -947.6802   
      2572:    595560.000000           1         -947.6812   
      2573:    595590.000000           1         -947.6834   
      2574:    595620.000000           1           18.9880   
      2575:    595650.000000           1         -947.6886   
      2576:    595680.000000           1           18.9673   
      2577:    595710.000000           1         -947.6899   
      2578:    595740.000000           1           18.9500   
      2579:    595770.000000           1          170.7406   
      2580:    595800.000000           1           18.9421   
      2581:    595830.000000           1           18.9366   
      2582:    595860.000000           1           18.9299   
      2583:    595890.000000           1           18.9215   
      2584:    595920.000000           1           18.9116   
      2585:    595950.000000           1           18.9033   
      2586:    595980.000000           1           18.8934   
      2587:    596010.000000           1           18.8842   
      2588:    596040.000000           1          542.9905   
      2589:    596070.000000           1          542.9951   
      2590:    596100.000000           1           18.8544   
      2591:    596130.000000           1          542.6876   
      2592:    596160.000000           1          542.8382   
      2593:    596190.000000           1          542.9197   
      2594:    596220.000000           1          542.9082   
      2595:    596250.000000           1           18.8131   
      2596:    596280.000000           1         -947.7676   
      2597:    596310.000000           1           18.7884   
      2598:    596340.000000           1           18.7843   
      2599:    596370.000000           1           18.7787   
      2600:    596400.000000           1           18.7755   
      2601:    596430.000000           1           18.7747   
      2602:    596460.000000           1           18.7719   
      2603:    596490.000000           1           18.7674   
      2604:    596520.000000           1         -947.7988   
      2605:    596550.000000           1           18.7601   
      2606:    596580.000000           1           18.7608   
      2607:    596610.000000           1           18.7613   
      2608:    596640.000000           1           18.7629   
      2609:    596670.000000           1           18.7623   
      2610:    596700.000000           1           18.7592   
      2611:    596730.000000           1           18.7537   
      2612:    596760.000000           1           18.7509   
      2613:    596790.000000           1           18.7494   
      2614:    596820.000000           1           18.7512   
      2615:    596850.000000           1           18.7507   
      2616:    596880.000000           1           18.7496   
      2617:    596910.000000           1           18.7513   
      2618:    596940.000000           1           18.7556   
      2619:    596970.000000           1         -947.8618   
      2620:    597000.000000           1          541.7129   
      2621:    597030.000000           1          541.6992   
      2622:    597060.000000           1           18.7359   
      2623:    597090.000000           1           18.7335   
      2624:    597120.000000           1           18.7298   
      2625:    597150.000000           1           18.7251   
      2626:    597180.000000           1           18.7179   
      2627:    597210.000000           1           18.7095   
      2628:    597240.000000           1           18.6996   
      2629:    597270.000000           1           18.6785   
      2630:    597300.000000           1           18.6753   
      2631:    597330.000000           1           18.6727   
      2632:    597360.000000           1           18.6680   
      2633:    597390.000000           1           18.6623   
      2634:    597420.000000           1           18.6567   
      2635:    597450.000000           1           18.6503   
      2636:    597480.000000           1           18.6432   
      2637:    597510.000000           1           18.6378   
      2638:    597540.000000           1           18.6332   
      2639:    597570.000000           1           18.6294   
      2640:    597600.000000           1          113.3513   
      2641:    597630.000000           1           18.6151   
      2642:    597660.000000           1           18.6083   
      2643:    597690.000000           1           18.6007   
      2644:    597720.000000           1           18.5887   
      2645:    597750.000000           1           18.5801   
      2646:    597780.000000           1           18.5757   
      2647:    597810.000000           1           18.5709   
      2648:    597840.000000           1           18.5673   
      2649:    597870.000000           1           18.5642   
      2650:    597900.000000           1           18.5604   
      2651:    597930.000000           1           18.5533   
      2652:    597960.000000           1           18.5428   
      2653:    597990.000000           1           18.5327   
      2654:    598020.000000           1           18.5230   
      2655:    598050.000000           1           18.5134   
      2656:    598080.000000           1           18.5056   
      2657:    598110.000000           1           18.4984   
      2658:    598140.000000           1          541.4916   
      2659:    598170.000000           1          541.4787   
      2660:    598200.000000           1          541.4761   
      2661:    598230.000000           1          541.4813   
      2662:    598260.000000           1          541.5017   
      2663:    598290.000000           1          541.5030   
      2664:    598320.000000           1          541.5138   
      2665:    598350.000000           1          541.5251   
      2666:    598380.000000           1          541.5395   
      2667:    598410.000000           1          541.5445   
      2668:    598440.000000           1          541.5482   
      2669:    598470.000000           1          541.5488   
      2670:    598500.000000           1          541.5479   
      2671:    598530.000000           1          541.5584   
      2672:    598560.000000           1          541.5747   
      2673:    598590.000000           1          541.5883   
      2674:    598620.000000           1           18.3953   
      2675:    598650.000000           1          541.6296   
      2676:    598680.000000           1          541.6359   
      2677:    598710.000000           1          541.6367   
      2678:    598740.000000           1          541.6309   
      2679:    598770.000000           1          541.6254   
      2680:    598800.000000           1          541.6140   
      2681:    598830.000000           1          541.5972   
      2682:    598860.000000           1          541.5842   
      2683:    598890.000000           1          541.5769   
      2684:    598920.000000           1          541.5635   
      2685:    598950.000000           1          541.5521   
      2686:    598980.000000           1          541.5377   
      2687:    599010.000000           1          541.5329   
      2688:    599040.000000           1          541.5276   
      2689:    599070.000000           1          541.5178   
      2690:    599100.000000           1          541.5030   
      2691:    599130.000000           1          541.4927   
      2692:    599160.000000           1          541.4917   
      2693:    599190.000000           1          541.4828   
      2694:    599220.000000           1          541.4613   
      2695:    599250.000000           1          541.4329   
      2696:    599280.000000           1          541.3805   
      2697:    599310.000000           1          541.3398   
      2698:    599340.000000           1          541.3248   
      2699:    599370.000000           1          541.3186   
      2700:    599400.000000           1          541.3164   
      2701:    599430.000000           1           18.2359   
      2702:    599460.000000           1          541.3182   
      2703:    599490.000000           1          541.3207   
      2704:    599520.000000           1          541.3184   
      2705:    599550.000000           1          541.3072   
      2706:    599580.000000           1          541.2898   
      2707:    599610.000000           1          541.2804   
      2708:    599640.000000           1          541.2733   
      2709:    599670.000000           1          541.2684   
      2710:    599700.000000           1          541.2644   
      2711:    599730.000000           1          541.2594   
      2712:    599760.000000           1          541.2554   
      2713:    599790.000000           1          541.2499   
      2714:    599820.000000           1          541.2531   
      2715:    599850.000000           1          541.2526   
      2716:    599880.000000           1          541.2488   
      2717:    599910.000000           1          541.2465   
      2718:    599940.000000           1          541.2451   
      2719:    599970.000000           1          541.2351   
      2720:    600000.000000           1          541.2193   
      2721:    600030.000000           1          541.2075   
      2722:    600060.000000           1          541.1995   
      2723:    600090.000000           1          541.1933   
      2724:    600120.000000           1          541.1859   
      2725:    600150.000000           1          541.1853   
      2726:    600180.000000           1          541.1791   
      2727:    600210.000000           1          541.1704   
      2728:    600240.000000           1          541.1610   
      2729:    600270.000000           1          541.1559   
      2730:    600300.000000           1          541.1503   
      2731:    600330.000000           1         -948.5341   
      2732:    600360.000000           1         -948.5501   
      2733:    600390.000000           1         -948.5649   
      2734:    600420.000000           1         -948.5726   
      2735:    600450.000000           1         -948.5806   
      2736:    600480.000000           1         -948.5963   
      2737:    600510.000000           1         -948.6126   
      2738:    600540.000000           1         -948.6206   
      2739:    600570.000000           1         -948.6290   
      2740:    600600.000000           1         -948.6369   
      2741:    600630.000000           1         -948.6447   
      2742:    600660.000000           1         -948.6520   
      2743:    600690.000000           1         -948.6601   
      2744:    600720.000000           1         -948.6761   
      2745:    600750.000000           1         -948.6913   
      2746:    600780.000000           1         -948.6991   
      2747:    600810.000000           1         -948.7071   
      2748:    600840.000000           1         -948.7146   
      2749:    600870.000000           1         -948.7225   
      2750:    600900.000000           1         -948.7306   
      2751:    600930.000000           1         -948.7454   
      2752:    600960.000000           1         -948.7602   
      2753:    600990.000000           1         -948.7675   
      2754:    601020.000000           1         -948.7753   
      2755:    601050.000000           1         -948.7826   
      2756:    601080.000000           1         -948.7901   
      2757:    601110.000000           1         -948.7978   
      2758:    601140.000000           1         -948.8058   
      2759:    601170.000000           1         -948.8135   
      2760:    601200.000000           1         -948.8212   
      2761:    601230.000000           1         -948.8295   
      2762:    601260.000000           1         -948.8378   
      2763:    601290.000000           1         -948.8537   
      2764:    601320.000000           1         -948.8697   
      2765:    601350.000000           1         -948.8779   
      2766:    601380.000000           1         -948.8863   
      2767:    601410.000000           1         -948.8942   
      2768:    601440.000000           1         -948.9020   
      2769:    601470.000000           1         -948.9098   
      2770:    601500.000000           1         -948.9254   
      2771:    601530.000000           1         -948.9330   
      2772:    601560.000000           1         -948.9413   
      2773:    601590.000000           1         -948.9496   
      2774:    601620.000000           1         -948.9578   
      2775:    601650.000000           1         -948.9658   
      2776:    601680.000000           1         -948.9735   
      2777:    601710.000000           1         -948.9816   
      2778:    601740.000000           1         -948.9890   
      2779:    601770.000000           1         -948.9969   
      2780:    601800.000000           1          111.2975   
      2781:    601830.000000           1         -950.0501   
      2782:    601860.000000           1         -949.9696   
      2783:    601890.000000           1         -950.0149   
      2784:    601920.000000           1         -950.0486   
      2785:    601950.000000           1         -950.1118   
      2786:    601980.000000           1         -950.1788   
      2787:    602010.000000           1         -950.2354   
      2788:    602040.000000           1         -950.3002   
      2789:    602070.000000           1         -950.3150   
      2790:    602100.000000           1         -950.3253   
      2791:    602130.000000           1          111.1693   
      2792:    602160.000000           1         -950.8832   
      2793:    602190.000000           1         -950.5969   
      2794:    602220.000000           1         -950.3544   
      2795:    602250.000000           1         -950.2578   
      2796:    602280.000000           1         -950.1617   
      2797:    602310.000000           1         -950.1322   
      2798:    602340.000000           1         -950.0977   
      2799:    602370.000000           1         -950.1267   
      2800:    602400.000000           1         -950.1775   
      2801:    602430.000000           1         -950.2357   
      2802:    602460.000000           1         -950.3143   
      2803:    602490.000000           1         -950.3742   
      2804:    602520.000000           1         -950.4202   
      2805:    602550.000000           1         -950.4717   
      2806:    602580.000000           1          111.0126   
      2807:    602610.000000           1          111.0027   
      2808:    602640.000000           1          110.9946   
      2809:    602670.000000           1          110.9878   
      2810:    602700.000000           1          110.9815   
      2811:    602730.000000           1          110.9754   
      2812:    602760.000000           1          110.9729   
      2813:    602790.000000           1          110.9687   
      2814:    602820.000000           1          110.9629   
      2815:    602850.000000           1          110.9535   
      2816:    602880.000000           1          110.9336   
      2817:    602910.000000           1          110.9220   
      2818:    602940.000000           1          110.9094   
      2819:    602970.000000           1          110.8992   
      2820:    603000.000000           1          110.8928   
      2821:    603030.000000           1          110.8835   
      2822:    603060.000000           1          110.8729   
      2823:    603090.000000           1          110.8620   
      2824:    603120.000000           1          110.8507   
      2825:    603150.000000           1          110.8426   
      2826:    603180.000000           1          110.8320   
      2827:    603210.000000           1          110.8209   
      2828:    603240.000000           1          110.8105   
      2829:    603270.000000           1          110.7999   
      2830:    603300.000000           1          110.7911   
      2831:    603330.000000           1          110.7824   
      2832:    603360.000000           1          110.7703   
      2833:    603390.000000           1          110.7565   
      2834:    603420.000000           1          110.7417   
      2835:    603450.000000           1          110.7272   
      2836:    603480.000000           1          110.7123   
      2837:    603510.000000           1          110.7019   
      2838:    603540.000000           1          110.6956   
      2839:    603570.000000           1          110.6904   
      2840:    603600.000000           1          110.6827   
      2841:    603630.000000           1          110.6739   
      2842:    603660.000000           1          110.6644   
      2843:    603690.000000           1          110.6562   
      2844:    603720.000000           1          110.6475   
      2845:    603750.000000           1          110.6384   
      2846:    603780.000000           1          110.6286   
      2847:    603810.000000           1          110.6207   
      2848:    603840.000000           1          110.6144   
      2849:    603870.000000           1          110.6095   
      2850:    603900.000000           1          110.6022   
      2851:    603930.000000           1          110.5929   
      2852:    603960.000000           1          110.5854   
      2853:    603990.000000           1          110.5805   
      2854:    604020.000000           1          110.5758   
      2855:    604050.000000           1          110.5684   
      2856:    604080.000000           1          110.5599   
      2857:    604110.000000           1          110.5488   
      2858:    604140.000000           1          110.5381   
      2859:    604170.000000           1          110.5323   
      2860:    604200.000000           1          110.5239   
      2861:    604230.000000           1          110.5157   
      2862:    604260.000000           1          110.5063   
      2863:    604290.000000           1          110.4947   
      2864:    604320.000000           1          110.4823   
      2865:    604350.000000           1          110.4703   
      2866:    604380.000000           1          110.4567   
      2867:    604410.000000           1          119.0556   
      2868:    604440.000000           1          119.0478   
      2869:    604470.000000           1          119.0395   
      2870:    604500.000000           1          119.0311   
      2871:    604530.000000           1          119.0231   
      2872:    604560.000000           1          119.0153   
      2873:    604590.000000           1          119.0074   
      2874:    604620.000000           1          118.9993   
      2875:    604650.000000           1          118.9835   
      2876:    604680.000000           1          118.9683   
      2877:    604710.000000           1          118.9604   
      2878:    604740.000000           1          118.9527   
      2879:    604770.000000           1          110.3181   
