      1707:    569610.000000           1          202.1931   
      1708:    569640.000000           1          202.1982   
      1709:    569670.000000           1          202.2062   
      1710:    569700.000000           1          202.2159   
      1711:    569730.000000           1          202.2432   
      1712:    569760.000000           1          202.2722   
      1713:    569790.000000           1          202.2988   
      1714:    569820.000000           1          202.3131   
      1715:    569850.000000           1          202.3256   
      1716:    569880.000000           1          202.3382   
      1717:    569910.000000           1          202.3511   
      1718:    569940.000000           1          202.3804   
      1719:    569970.000000           1          202.3911   
      1720:    570000.000000           1          202.4044   
      1721:    570030.000000           1          202.4178   
      1722:    570060.000000           1          202.4300   
      1723:    570090.000000           1          202.4454   
      1724:    570120.000000           1          202.4576   
      1725:    570150.000000           1          202.4713   
      1726:    570180.000000           1          202.4824   
      1727:    570210.000000           1          202.4956   
      1728:    570240.000000           1          202.5074   
      1729:    570270.000000           1          202.5195   
      1730:    570300.000000           1          202.5321   
      1731:    570330.000000           1          202.5518   
      1732:    570360.000000           1          202.5714   
      1733:    570390.000000           1          202.5816   
      1734:    570420.000000           1          121.6932   
      1735:    570450.000000           1          121.3386   
      1736:    570480.000000           1          121.1479   
      1737:    570510.000000           1          202.6510   
      1738:    570540.000000           1          122.4145   
      1739:    570570.000000           1          122.6755   
      1740:    570600.000000           1          202.7005   
      1741:    570630.000000           1          123.9424   
      1742:    570660.000000           1          124.4025   
      1743:    570690.000000           1          124.0649   
      1744:    570720.000000           1          123.9437   
      1745:    570750.000000           1          202.7876   
      1746:    570780.000000           1          125.1493   
      1747:    570810.000000           1          124.8007   
      1748:    570840.000000           1          124.4927   
      1749:    570870.000000           1          124.3413   
      1750:    570900.000000           1          124.0961   
      1751:    570930.000000           1          123.9643   
      1752:    570960.000000           1          123.8792   
      1753:    570990.000000           1          123.6800   
      1754:    571020.000000           1          123.4833   
      1755:    571050.000000           1          123.2161   
      1756:    571080.000000           1          123.0285   
      1757:    571110.000000           1          122.9293   
      1758:    571140.000000           1          122.8734   
      1759:    571170.000000           1          122.8597   
      1760:    571200.000000           1          122.9041   
      1761:    571230.000000           1          123.0253   
      1762:    571260.000000           1          123.2506   
      1763:    571290.000000           1          123.4909   
      1764:    571320.000000           1          123.5637   
      1765:    571350.000000           1          123.5945   
      1766:    571380.000000           1          123.6622   
      1767:    571410.000000           1          123.7049   
      1768:    571440.000000           1          123.7602   
      1769:    571470.000000           1          123.8380   
      1770:    571500.000000           1          123.8038   
      1771:    571530.000000           1          123.7667   
      1772:    571560.000000           1          123.7839   
      1773:    571590.000000           1          123.8687   
      1774:    571620.000000           1          124.0159   
      1775:    571650.000000           1          124.1115   
      1776:    571680.000000           1          124.2132   
      1777:    571710.000000           1          124.2780   
      1778:    571740.000000           1          124.3098   
      1779:    571770.000000           1          124.3153   
      1780:    571800.000000           1          124.3054   
      1781:    571830.000000           1          124.2588   
      1782:    571860.000000           1          124.2522   
      1783:    571890.000000           1          124.2520   
      1784:    571920.000000           1          124.2651   
      1785:    571950.000000           1          124.2474   
      1786:    571980.000000           1          124.2172   
      1787:    572010.000000           1          124.2116   
      1788:    572040.000000           1          124.1972   
      1789:    572070.000000           1          124.2037   
      1790:    572100.000000           1          124.2107   
      1791:    572130.000000           1          124.2430   
      1792:    572160.000000           1          124.2378   
      1793:    572190.000000           1          124.2652   
      1794:    572220.000000           1          124.3015   
      1795:    572250.000000           1          124.3511   
      1796:    572280.000000           1          124.3959   
      1797:    572310.000000           1          124.4235   
      1798:    572340.000000           1          124.4761   
      1799:    572370.000000           1          124.5063   
      1800:    572400.000000           1          124.5018   
      1801:    572430.000000           1          124.4800   
      1802:    572460.000000           1          124.4701   
      1803:    572490.000000           1          124.4492   
      1804:    572520.000000           1          124.4295   
      1805:    572550.000000           1          124.4032   
      1806:    572580.000000           1          124.3819   
      1807:    572610.000000           1          124.3555   
      1808:    572640.000000           1          124.3417   
      1809:    572670.000000           1          124.3340   
      1810:    572700.000000           1          124.3578   
      1811:    572730.000000           1          124.3702   
      1812:    572760.000000           1          124.3809   
      1813:    572790.000000           1          124.3961   
      1814:    572820.000000           1          124.4029   
      1815:    572850.000000           1          124.3772   
      1816:    572880.000000           1          124.3707   
      1817:    572910.000000           1          124.3737   
      1818:    572940.000000           1          124.3897   
      1819:    572970.000000           1          124.4181   
      1820:    573000.000000           1          124.4364   
      1821:    573030.000000           1          203.8830   
      1822:    573060.000000           1          203.9074   
      1823:    573090.000000           1          203.9346   
      1824:    573120.000000           1          203.9457   
      1825:    573150.000000           1          203.9659   
      1826:    573180.000000           1          203.9886   
      1827:    573210.000000           1          203.9985   
      1828:    573240.000000           1          204.0096   
      1829:    573270.000000           1          204.0313   
      1830:    573300.000000           1          204.0510   
      1831:    573330.000000           1          204.0726   
      1832:    573360.000000           1          204.0930   
      1833:    573390.000000           1          204.1144   
      1834:    573420.000000           1          204.1365   
      1835:    573450.000000           1          204.1478   
      1836:    573480.000000           1          204.1582   
      1837:    573510.000000           1          204.1784   
      1838:    573540.000000           1          204.1995   
      1839:    573570.000000           1          204.2100   
      1840:    573600.000000           1          204.2305   
      1841:    573630.000000           1          204.2544   
      1842:    573660.000000           1          204.2653   
      1843:    573690.000000           1          204.2753   
      1844:    573720.000000           1          204.2978   
      1845:    573750.000000           1          204.3176   
      1846:    573780.000000           1          204.3294   
      1847:    573810.000000           1          204.3412   
      1848:    573840.000000           1          204.3512   
      1849:    573870.000000           1          204.3684   
      1850:    573900.000000           1          204.3785   
      1851:    573930.000000           1          204.3889   
      1852:    573960.000000           1          204.4008   
      1853:    573990.000000           1          204.4105   
      1854:    574020.000000           1          204.4333   
      1855:    574050.000000           1          204.4436   
      1856:    574080.000000           1          204.4671   
      1857:    574110.000000           1          204.4903   
      1858:    574140.000000           1          204.5102   
      1859:    574170.000000           1          204.5192   
      1860:    574200.000000           1          204.5298   
      1861:    574230.000000           1          204.5407   
      1862:    574260.000000           1          204.5652   
      1863:    574290.000000           1          204.5904   
      1864:    574320.000000           1          204.6167   
      1865:    574350.000000           1          204.6379   
      1866:    574380.000000           1          204.6494   
      1867:    574410.000000           1          204.6600   
      1868:    574440.000000           1          204.6709   
      1869:    574470.000000           1          204.6816   
      1870:    574500.000000           1          204.6934   
      1871:    574530.000000           1          204.7046   
      1872:    574560.000000           1          204.7173   
      1873:    574590.000000           1          204.7289   
      1874:    574620.000000           1          204.7510   
      1875:    574650.000000           1          204.7749   
      1876:    574680.000000           1          204.7845   
      1877:    574710.000000           1          204.8052   
      1878:    574740.000000           1          204.8242   
      1879:    574770.000000           1          204.8431   
      1880:    574800.000000           1          204.8547   
      1881:    574830.000000           1          204.8639   
      1882:    574860.000000           1          204.8831   
      1883:    574890.000000           1          204.9047   
      1884:    574920.000000           1          204.9139   
      1885:    574950.000000           1          204.9354   
      1886:    574980.000000           1          204.9592   
      1887:    575010.000000           1          204.9790   
      1888:    575040.000000           1          205.0036   
      1889:    575070.000000           1          205.0242   
      1890:    575100.000000           1          205.0455   
      1891:    575130.000000           1          205.0549   
      1892:    575160.000000           1          205.0766   
      1893:    575190.000000           1          205.0974   
      1894:    575220.000000           1          205.1057   
      1895:    575250.000000           1          205.1273   
      1896:    575280.000000           1          205.1476   
      1897:    575310.000000           1          205.1700   
      1898:    575340.000000           1          205.1881   
      1899:    575370.000000           1          205.2063   
      1900:    575400.000000           1          205.2221   
      1901:    575430.000000           1          205.2393   
      1902:    575460.000000           1          205.2598   
      1903:    575490.000000           1          205.2805   
      1904:    575520.000000           1          205.3020   
      1905:    575550.000000           1          205.3240   
      1906:    575580.000000           1          205.3473   
      1907:    575610.000000           1          205.3702   
      1908:    575640.000000           1          205.3907   
      1909:    575670.000000           1          205.4119   
      1910:    575700.000000           1          205.4333   
      1911:    575730.000000           1          205.4575   
      1912:    575760.000000           1          205.4790   
      1913:    575790.000000           1          205.5014   
      1914:    575820.000000           1          205.5242   
      1915:    575850.000000           1          205.5471   
      1916:    575880.000000           1          205.5571   
      1917:    575910.000000           1          205.5761   
      1918:    575940.000000           1          205.5983   
      1919:    575970.000000           1          205.6183   
      1920:    576000.000000           1          205.6367   
      1921:    576030.000000           1          205.6555   
      1922:    576060.000000           1          205.6657   
      1923:    576090.000000           1          205.6837   
      1924:    576120.000000           1          205.7038   
      1925:    576150.000000           1          205.7257   
      1926:    576180.000000           1          205.7465   
      1927:    576210.000000           1          205.7582   
      1928:    576240.000000           1          205.7677   
      1929:    576270.000000           1          205.7780   
      1930:    576300.000000           1          205.7888   
      1931:    576330.000000           1          205.8120   
      1932:    576360.000000           1          205.8338   
      1933:    576390.000000           1          205.8444   
      1934:    576420.000000           1          205.8533   
      1935:    576450.000000           1          205.8624   
      1936:    576480.000000           1          205.8719   
      1937:    576510.000000           1          205.8873   
      1938:    576540.000000           1          205.9077   
      1939:    576570.000000           1          205.9289   
      1940:    576600.000000           1          205.9482   
      1941:    576630.000000           1          205.9593   
      1942:    576660.000000           1          205.9812   
      1943:    576690.000000           1          206.0004   
      1944:    576720.000000           1          206.0104   
      1945:    576750.000000           1          206.0312   
      1946:    576780.000000           1          206.0537   
      1947:    576810.000000           1          206.0745   
      1948:    576840.000000           1          206.0844   
      1949:    576870.000000           1          206.0944   
      1950:    576900.000000           1          206.1046   
      1951:    576930.000000           1          206.1152   
      1952:    576960.000000           1          206.1364   
      1953:    576990.000000           1          206.1560   
      1954:    577020.000000           1          206.1657   
      1955:    577050.000000           1          206.1770   
      1956:    577080.000000           1          206.1877   
      1957:    577110.000000           1          206.1982   
      1958:    577140.000000           1          206.2096   
      1959:    577170.000000           1          206.2196   
      1960:    577200.000000           1          206.2302   
      1961:    577230.000000           1          206.2407   
      1962:    577260.000000           1          206.2621   
      1963:    577290.000000           1          206.2833   
      1964:    577320.000000           1          206.2929   
      1965:    577350.000000           1          206.3038   
      1966:    577380.000000           1          206.3143   
      1967:    577410.000000           1          206.3249   
      1968:    577440.000000           1          206.3479   
      1969:    577470.000000           1          206.3692   
      1970:    577500.000000           1          206.3787   
      1971:    577530.000000           1          206.3883   
      1972:    577560.000000           1          206.4071   
      1973:    577590.000000           1          206.4266   
      1974:    577620.000000           1          206.4465   
      1975:    577650.000000           1          206.4560   
      1976:    577680.000000           1          206.4658   
      1977:    577710.000000           1          206.4757   
      1978:    577740.000000           1          206.4848   
      1979:    577770.000000           1          206.5054   
      1980:    577800.000000           1          206.5142   
      1981:    577830.000000           1          206.5242   
      1982:    577860.000000           1          206.5337   
      1983:    577890.000000           1          206.5424   
      1984:    577920.000000           1          206.5519   
      1985:    577950.000000           1          206.5616   
      1986:    577980.000000           1          206.5716   
      1987:    578010.000000           1          206.5814   
      1988:    578040.000000           1          206.5924   
      1989:    578070.000000           1          206.6034   
      1990:    578100.000000           1          206.6131   
      1991:    578130.000000           1         -238.6409   
      1992:    578160.000000           1          206.3729   
      1993:    578190.000000           1          206.4024   
      1994:    578220.000000           1          206.4759   
      1995:    578250.000000           1          206.4662   
      1996:    578280.000000           1         -238.5662   
      1997:    578310.000000           1          206.2954   
      1998:    578340.000000           1          206.4237   
      1999:    578370.000000           1          206.3883   
      2000:    578400.000000           1          206.3818   
      2001:    578430.000000           1          206.4251   
      2002:    578460.000000           1          206.4519   
      2003:    578490.000000           1          206.5017   
      2004:    578520.000000           1          206.5601   
      2005:    578550.000000           1          206.5900   
      2006:    578580.000000           1          206.6125   
      2007:    578610.000000           1          206.6364   
      2008:    578640.000000           1          206.6538   
      2009:    578670.000000           1          206.6652   
      2010:    578700.000000           1          206.6623   
      2011:    578730.000000           1          206.6648   
      2012:    578760.000000           1          206.6719   
      2013:    578790.000000           1          206.6671   
      2014:    578820.000000           1          206.6609   
      2015:    578850.000000           1          206.6541   
      2016:    578880.000000           1          206.6479   
      2017:    578910.000000           1          206.6405   
      2018:    578940.000000           1          206.6378   
      2019:    578970.000000           1          206.6320   
      2020:    579000.000000           1          206.6288   
      2021:    579030.000000           1          206.6278   
      2022:    579060.000000           1          206.6302   
      2023:    579090.000000           1          206.6325   
      2024:    579120.000000           1          206.6371   
      2025:    579150.000000           1         -238.1799   
      2026:    579180.000000           1          206.1036   
      2027:    579210.000000           1          205.9699   
      2028:    579240.000000           1         -238.1216   
      2029:    579270.000000           1          206.0524   
      2030:    579300.000000           1          206.1231   
      2031:    579330.000000           1          126.9363   
      2032:    579360.000000           1          126.9800   
      2033:    579390.000000           1          127.3100   
      2034:    579420.000000           1          127.6877   
      2035:    579450.000000           1          127.8888   
      2036:    579480.000000           1          127.9016   
      2037:    579510.000000           1          127.8183   
      2038:    579540.000000           1          127.7889   
      2039:    579570.000000           1          127.8121   
      2040:    579600.000000           1          127.8673   
      2041:    579630.000000           1          127.9436   
      2042:    579660.000000           1          128.1008   
      2043:    579690.000000           1          128.1194   
      2044:    579720.000000           1          128.1038   
      2045:    579750.000000           1          128.0929   
      2046:    579780.000000           1          128.0989   
      2047:    579810.000000           1          128.1391   
      2048:    579840.000000           1          128.1774   
      2049:    579870.000000           1          128.2103   
      2050:    579900.000000           1          128.2205   
      2051:    579930.000000           1          128.1964   
      2052:    579960.000000           1          128.1974   
      2053:    579990.000000           1          128.2224   
      2054:    580020.000000           1          128.1937   
      2055:    580050.000000           1          128.1875   
      2056:    580080.000000           1          128.1869   
      2057:    580110.000000           1          128.1446   
      2058:    580140.000000           1          128.1305   
      2059:    580170.000000           1          128.1111   
      2060:    580200.000000           1          128.1238   
      2061:    580230.000000           1          128.1208   
      2062:    580260.000000           1          128.1437   
      2063:    580290.000000           1          128.1509   
      2064:    580320.000000           1          128.2259   
      2065:    580350.000000           1          128.2978   
      2066:    580380.000000           1          128.3829   
      2067:    580410.000000           1          128.4209   
      2068:    580440.000000           1          128.4250   
      2069:    580470.000000           1          128.4275   
      2070:    580500.000000           1          128.4390   
      2071:    580530.000000           1          128.4797   
      2072:    580560.000000           1          128.5144   
      2073:    580590.000000           1          128.5347   
      2074:    580620.000000           1          128.5721   
      2075:    580650.000000           1          128.5936   
      2076:    580680.000000           1          128.6140   
      2077:    580710.000000           1          128.6355   
      2078:    580740.000000           1          128.6489   
      2079:    580770.000000           1          128.6575   
      2080:    580800.000000           1          128.6648   
      2081:    580830.000000           1          128.6725   
      2082:    580860.000000           1          128.6680   
      2083:    580890.000000           1          128.6747   
      2084:    580920.000000           1          128.6803   
      2085:    580950.000000           1          128.6965   
      2086:    580980.000000           1          128.7071   
      2087:    581010.000000           1          128.7201   
      2088:    581040.000000           1          128.7269   
      2089:    581070.000000           1          128.7304   
      2090:    581100.000000           1          128.7491   
      2091:    581130.000000           1          128.7756   
      2092:    581160.000000           1          128.7959   
      2093:    581190.000000           1          128.8210   
      2094:    581220.000000           1          128.8444   
      2095:    581250.000000           1          128.9077   
      2096:    581280.000000           1          128.9579   
      2097:    581310.000000           1          128.9742   
      2098:    581340.000000           1          128.9953   
      2099:    581370.000000           1          129.0113   
      2100:    581400.000000           1          129.0189   
      2101:    581430.000000           1          129.0273   
      2102:    581460.000000           1          129.0462   
      2103:    581490.000000           1          129.0889   
      2104:    581520.000000           1          129.1096   
      2105:    581550.000000           1          129.1300   
      2106:    581580.000000           1          129.1503   
      2107:    581610.000000           1          129.1701   
      2108:    581640.000000           1          129.1871   
      2109:    581670.000000           1          129.2014   
      2110:    581700.000000           1          129.2081   
      2111:    581730.000000           1          129.2061   
      2112:    581760.000000           1          129.2068   
      2113:    581790.000000           1          129.2050   
      2114:    581820.000000           1          129.2078   
      2115:    581850.000000           1          129.2138   
      2116:    581880.000000           1          129.2140   
      2117:    581910.000000           1          129.2151   
      2118:    581940.000000           1          129.2119   
      2119:    581970.000000           1          129.2266   
      2120:    582000.000000           1          129.2377   
      2121:    582030.000000           1          129.2550   
      2122:    582060.000000           1          129.2608   
      2123:    582090.000000           1          129.2701   
      2124:    582120.000000           1          129.2772   
      2125:    582150.000000           1          129.2869   
      2126:    582180.000000           1          129.2922   
      2127:    582210.000000           1          129.2931   
      2128:    582240.000000           1          129.2893   
      2129:    582270.000000           1          129.3065   
      2130:    582300.000000           1          129.3249   
      2131:    582330.000000           1          129.3642   
      2132:    582360.000000           1          129.4194   
      2133:    582390.000000           1          129.4505   
      2134:    582420.000000           1          129.4778   
      2135:    582450.000000           1          129.5062   
      2136:    582480.000000           1          129.5276   
      2137:    582510.000000           1          129.5459   
      2138:    582540.000000           1          129.5642   
      2139:    582570.000000           1          129.5729   
      2140:    582600.000000           1          129.5800   
      2141:    582630.000000           1          129.5894   
      2142:    582660.000000           1          129.5984   
      2143:    582690.000000           1          129.6054   
      2144:    582720.000000           1          129.6141   
      2145:    582750.000000           1          129.6180   
      2146:    582780.000000           1          129.6285   
      2147:    582810.000000           1          129.6334   
      2148:    582840.000000           1          129.6353   
      2149:    582870.000000           1          129.6419   
      2150:    582900.000000           1          129.6496   
      2151:    582930.000000           1          129.6548   
      2152:    582960.000000           1          129.6647   
      2153:    582990.000000           1          129.6763   
      2154:    583020.000000           1          129.6855   
      2155:    583050.000000           1          129.6980   
      2156:    583080.000000           1          129.7143   
      2157:    583110.000000           1          129.7286   
      2158:    583140.000000           1          129.7567   
      2159:    583170.000000           1          129.7810   
      2160:    583200.000000           1          129.7919   
      2161:    583230.000000           1          129.8094   
      2162:    583260.000000           1          774.7911   
      2163:    583290.000000           1          129.8583   
      2164:    583320.000000           1          129.8782   
      2165:    583350.000000           1          129.9154   
      2166:    583380.000000           1          129.9261   
      2167:    583410.000000           1          129.9294   
      2168:    583440.000000           1          129.9342   
      2169:    583470.000000           1          129.9397   
      2170:    583500.000000           1          129.9493   
      2171:    583530.000000           1          129.9549   
      2172:    583560.000000           1          129.9534   
      2173:    583590.000000           1          129.9510   
      2174:    583620.000000           1          129.9477   
      2175:    583650.000000           1          129.9469   
      2176:    583680.000000           1          129.9484   
      2177:    583710.000000           1          129.9532   
      2178:    583740.000000           1          129.9648   
      2179:    583770.000000           1          129.9816   
      2180:    583800.000000           1          129.9924   
      2181:    583830.000000           1          130.0050   
      2182:    583860.000000           1          775.0722   
      2183:    583890.000000           1          130.0549   
      2184:    583920.000000           1          130.0707   
      2185:    583950.000000           1          130.0941   
      2186:    583980.000000           1          130.1118   
      2187:    584010.000000           1          130.1139   
      2188:    584040.000000           1          130.1181   
      2189:    584070.000000           1          130.1275   
      2190:    584100.000000           1          130.1383   
      2191:    584130.000000           1          130.1491   
      2192:    584160.000000           1          130.1530   
      2193:    584190.000000           1          130.1567   
      2194:    584220.000000           1          130.1614   
      2195:    584250.000000           1          130.1650   
      2196:    584280.000000           1          775.2806   
      2197:    584310.000000           1          775.2911   
      2198:    584340.000000           1          775.3151   
      2199:    584370.000000           1          775.3373   
      2200:    584400.000000           1          775.3493   
      2201:    584430.000000           1          775.3701   
      2202:    584460.000000           1          775.3803   
      2203:    584490.000000           1          775.3914   
      2204:    584520.000000           1          775.4096   
      2205:    584550.000000           1          775.4312   
      2206:    584580.000000           1          775.4422   
      2207:    584610.000000           1          775.4525   
      2208:    584640.000000           1          775.4635   
      2209:    584670.000000           1          775.4740   
      2210:    584700.000000           1          775.4844   
      2211:    584730.000000           1          775.4949   
      2212:    584760.000000           1          775.5041   
      2213:    584790.000000           1          775.5243   
      2214:    584820.000000           1          775.5449   
      2215:    584850.000000           1          775.5553   
      2216:    584880.000000           1          775.5670   
      2217:    584910.000000           1          775.5874   
      2218:    584940.000000           1          775.5980   
      2219:    584970.000000           1          775.6080   
      2220:    585000.000000           1          775.6182   
      2221:    585030.000000           1          775.6285   
      2222:    585060.000000           1          775.6386   
      2223:    585090.000000           1          775.6495   
      2224:    585120.000000           1          775.6608   
      2225:    585150.000000           1          775.6825   
      2226:    585180.000000           1          775.6943   
      2227:    585210.000000           1          775.7071   
      2228:    585240.000000           1          775.7188   
      2229:    585270.000000           1          775.7299   
      2230:    585300.000000           1          775.7411   
      2231:    585330.000000           1          130.6367   
      2232:    585360.000000           1          130.6465   
      2233:    585390.000000           1          130.6487   
      2234:    585420.000000           1          130.6596   
      2235:    585450.000000           1          130.6744   
      2236:    585480.000000           1          130.6812   
      2237:    585510.000000           1          130.6892   
      2238:    585540.000000           1          775.8684   
      2239:    585570.000000           1          775.8901   
      2240:    585600.000000           1          775.9017   
      2241:    585630.000000           1          775.9136   
      2242:    585660.000000           1          775.9370   
      2243:    585690.000000           1          775.9624   
      2244:    585720.000000           1          775.9745   
      2245:    585750.000000           1          775.9999   
      2246:    585780.000000           1          776.0261   
      2247:    585810.000000           1          131.7611   
      2248:    585840.000000           1          131.6593   
      2249:    585870.000000           1          131.7656   
      2250:    585900.000000           1          132.0223   
      2251:    585930.000000           1          132.3118   
      2252:    585960.000000           1          132.4144   
      2253:    585990.000000           1          132.5039   
      2254:    586020.000000           1          132.6229   
      2255:    586050.000000           1          132.6489   
      2256:    586080.000000           1          132.6944   
      2257:    586110.000000           1          132.7731   
      2258:    586140.000000           1          132.7794   
      2259:    586170.000000           1          132.7975   
      2260:    586200.000000           1          132.8077   
      2261:    586230.000000           1          132.7764   
      2262:    586260.000000           1          132.7781   
      2263:    586290.000000           1          132.7737   
      2264:    586320.000000           1          132.7881   
      2265:    586350.000000           1          132.8346   
      2266:    586380.000000           1          132.8605   
      2267:    586410.000000           1          132.8837   
      2268:    586440.000000           1          132.8865   
      2269:    586470.000000           1          132.9104   
      2270:    586500.000000           1          132.9564   
      2271:    586530.000000           1          133.0200   
      2272:    586560.000000           1          133.0657   
      2273:    586590.000000           1          133.1205   
      2274:    586620.000000           1          133.1744   
      2275:    586650.000000           1          133.2293   
      2276:    586680.000000           1          133.2714   
      2277:    586710.000000           1          131.3894   
      2278:    586740.000000           1          131.4025   
      2279:    586770.000000           1          131.4143   
      2280:    586800.000000           1          131.4391   
      2281:    586830.000000           1          131.4662   
      2282:    586860.000000           1          131.4810   
      2283:    586890.000000           1          131.4960   
      2284:    586920.000000           1          131.5108   
      2285:    586950.000000           1          133.7579   
      2286:    586980.000000           1          131.5684   
      2287:    587010.000000           1          131.5811   
      2288:    587040.000000           1          131.6097   
      2289:    587070.000000           1          131.6223   
      2290:    587100.000000           1          134.0111   
      2291:    587130.000000           1          131.6662   
      2292:    587160.000000           1          131.6727   
      2293:    587190.000000           1          131.6922   
      2294:    587220.000000           1          131.7090   
      2295:    587250.000000           1          131.7302   
      2296:    587280.000000           1          131.7502   
      2297:    587310.000000           1          131.7576   
      2298:    587340.000000           1          131.7656   
      2299:    587370.000000           1          131.7740   
      2300:    587400.000000           1          131.7978   
      2301:    587430.000000           1          131.8206   
      2302:    587460.000000           1          131.8452   
      2303:    587490.000000           1          131.8568   
      2304:    587520.000000           1          131.8708   
      2305:    587550.000000           1          131.8823   
      2306:    587580.000000           1          131.9060   
      2307:    587610.000000           1          131.9267   
      2308:    587640.000000           1          131.9453   
      2309:    587670.000000           1          131.9548   
      2310:    587700.000000           1          131.9665   
      2311:    587730.000000           1          131.9764   
      2312:    587760.000000           1          131.9878   
      2313:    587790.000000           1          132.0058   
      2314:    587820.000000           1          132.0176   
      2315:    587850.000000           1          132.0240   
      2316:    587880.000000           1          132.0309   
      2317:    587910.000000           1          132.0416   
      2318:    587940.000000           1          132.0517   
      2319:    587970.000000           1          132.0677   
      2320:    588000.000000           1          132.0931   
      2321:    588030.000000           1          132.1050   
      2322:    588060.000000           1          132.1252   
      2323:    588090.000000           1          132.1430   
      2324:    588120.000000           1          132.1636   
      2325:    588150.000000           1          132.1928   
      2326:    588180.000000           1          132.2060   
      2327:    588210.000000           1          132.2194   
      2328:    588240.000000           1          132.2353   
      2329:    588270.000000           1          132.2632   
      2330:    588300.000000           1          132.2860   
      2331:    588330.000000           1          132.2945   
      2332:    588360.000000           1          132.3051   
      2333:    588390.000000           1          132.3164   
      2334:    588420.000000           1          132.3276   
      2335:    588450.000000           1          132.3472   
      2336:    588480.000000           1          132.3635   
      2337:    588510.000000           1          132.3738   
      2338:    588540.000000           1          132.3814   
      2339:    588570.000000           1          132.3899   
      2340:    588600.000000           1          132.4002   
      2341:    588630.000000           1          132.4108   
      2342:    588660.000000           1          132.4210   
      2343:    588690.000000           1          132.4327   
      2344:    588720.000000           1          132.4455   
      2345:    588750.000000           1          132.4600   
      2346:    588780.000000           1          132.4910   
      2347:    588810.000000           1          132.5067   
      2348:    588840.000000           1          132.5206   
      2349:    588870.000000           1          132.5335   
      2350:    588900.000000           1          132.5451   
      2351:    588930.000000           1          132.5676   
      2352:    588960.000000           1          132.5889   
      2353:    588990.000000           1          132.6007   
      2354:    589020.000000           1          132.6203   
      2355:    589050.000000           1          132.6405   
      2356:    589080.000000           1          132.6629   
      2357:    589110.000000           1          132.6825   
      2358:    589140.000000           1          132.6981   
      2359:    589170.000000           1          132.7055   
      2360:    589200.000000           1          132.7228   
      2361:    589230.000000           1          132.7409   
      2362:    589260.000000           1          132.7609   
      2363:    589290.000000           1          132.7804   
      2364:    589320.000000           1          132.7893   
      2365:    589350.000000           1          132.7974   
      2366:    589380.000000           1          132.8063   
      2367:    589410.000000           1          132.8141   
      2368:    589440.000000           1          132.8216   
      2369:    589470.000000           1          132.8292   
      2370:    589500.000000           1          132.8463   
      2371:    589530.000000           1          132.8705   
      2372:    589560.000000           1          132.8901   
      2373:    589590.000000           1          132.9001   
      2374:    589620.000000           1          132.9105   
      2375:    589650.000000           1          132.9312   
      2376:    589680.000000           1          132.9510   
      2377:    589710.000000           1          132.9595   
      2378:    589740.000000           1          132.9669   
      2379:    589770.000000           1          132.9777   
      2380:    589800.000000           1          132.9955   
      2381:    589830.000000           1          133.0116   
      2382:    589860.000000           1          133.0197   
      2383:    589890.000000           1          133.0284   
      2384:    589920.000000           1          133.0375   
      2385:    589950.000000           1          133.0469   
      2386:    589980.000000           1          133.0668   
      2387:    590010.000000           1          133.0864   
      2388:    590040.000000           1          133.0946   
      2389:    590070.000000           1          133.1007   
      2390:    590100.000000           1          133.1158   
      2391:    590130.000000           1          133.1327   
      2392:    590160.000000           1          133.1413   
      2393:    590190.000000           1          133.1462   
      2394:    590220.000000           1          133.1535   
      2395:    590250.000000           1          133.1614   
      2396:    590280.000000           1          133.1789   
      2397:    590310.000000           1          133.1928   
      2398:    590340.000000           1          133.2059   
      2399:    590370.000000           1          133.2204   
      2400:    590400.000000           1          133.2265   
      2401:    590430.000000           1          133.2404   
      2402:    590460.000000           1          133.2562   
      2403:    590490.000000           1          133.2708   
      2404:    590520.000000           1          133.2874   
      2405:    590550.000000           1          133.2959   
      2406:    590580.000000           1          133.3052   
      2407:    590610.000000           1          133.3122   
      2408:    590640.000000           1          133.3285   
      2409:    590670.000000           1          133.3402   
      2410:    590700.000000           1          133.3509   
      2411:    590730.000000           1          133.3642   
      2412:    590760.000000           1          133.3759   
      2413:    590790.000000           1          133.3809   
      2414:    590820.000000           1          133.3911   
      2415:    590850.000000           1          133.4012   
      2416:    590880.000000           1          133.4114   
      2417:    590910.000000           1          133.4227   
      2418:    590940.000000           1          133.4294   
      2419:    590970.000000           1          133.4352   
      2420:    591000.000000           1          133.4413   
      2421:    591030.000000           1          133.4477   
      2422:    591060.000000           1          133.4592   
      2423:    591090.000000           1          133.4698   
      2424:    591120.000000           1          133.4794   
      2425:    591150.000000           1          133.4852   
      2426:    591180.000000           1          133.4881   
      2427:    591210.000000           1          133.4898   
      2428:    591240.000000           1          133.4927   
      2429:    591270.000000           1          133.4965   
      2430:    591300.000000           1          133.5008   
      2431:    591330.000000           1          133.5048   
      2432:    591360.000000           1          133.5091   
      2433:    591390.000000           1          133.5153   
      2434:    591420.000000           1          133.5206   
      2435:    591450.000000           1          133.5262   
      2436:    591480.000000           1          133.5326   
      2437:    591510.000000           1          133.5433   
      2438:    591540.000000           1          133.5484   
      2439:    591570.000000           1          133.5548   
      2440:    591600.000000           1          133.5586   
      2441:    591630.000000           1          133.5625   
      2442:    591660.000000           1          133.5657   
      2443:    591690.000000           1          133.5687   
      2444:    591720.000000           1          133.5725   
      2445:    591750.000000           1          133.5851   
      2446:    591780.000000           1          133.5955   
      2447:    591810.000000           1          133.6002   
      2448:    591840.000000           1          133.6033   
      2449:    591870.000000           1          133.6072   
      2450:    591900.000000           1          133.6119   
      2451:    591930.000000           1          133.6142   
      2452:    591960.000000           1          133.6159   
      2453:    591990.000000           1          133.6177   
      2454:    592020.000000           1          133.6198   
      2455:    592050.000000           1          133.6211   
      2456:    592080.000000           1          133.6236   
      2457:    592110.000000           1          133.6251   
      2458:    592140.000000           1          133.6275   
      2459:    592170.000000           1          133.6286   
      2460:    592200.000000           1          133.6312   
      2461:    592230.000000           1          133.6337   
      2462:    592260.000000           1          133.6381   
      2463:    592290.000000           1          133.6412   
      2464:    592320.000000           1          133.6441   
      2465:    592350.000000           1          133.6446   
      2466:    592380.000000           1          133.6449   
      2467:    592410.000000           1          133.6468   
      2468:    592440.000000           1          133.6488   
      2469:    592470.000000           1          133.6506   
      2470:    592500.000000           1          133.6524   
      2471:    592530.000000           1          133.6595   
      2472:    592560.000000           1          133.6631   
      2473:    592590.000000           1          133.6657   
      2474:    592620.000000           1          133.6668   
      2475:    592650.000000           1          133.6693   
      2476:    592680.000000           1          133.6717   
      2477:    592710.000000           1          133.6746   
      2478:    592740.000000           1          133.6764   
      2479:    592770.000000           1          133.6791   
      2480:    592800.000000           1          133.6816   
      2481:    592830.000000           1          133.6833   
      2482:    592860.000000           1          133.6845   
      2483:    592890.000000           1          133.6904   
      2484:    592920.000000           1          133.6924   
      2485:    592950.000000           1          133.6956   
      2486:    592980.000000           1          133.6978   
      2487:    593010.000000           1          133.6996   
      2488:    593040.000000           1          133.7001   
      2489:    593070.000000           1          133.6998   
      2490:    593100.000000           1          133.6997   
      2491:    593130.000000           1          133.6999   
      2492:    593160.000000           1          133.6999   
      2493:    593190.000000           1          133.6997   
      2494:    593220.000000           1          133.7015   
      2495:    593250.000000           1          133.7019   
      2496:    593280.000000           1          133.7024   
      2497:    593310.000000           1          133.7025   
      2498:    593340.000000           1          133.7045   
      2499:    593370.000000           1          133.7061   
      2500:    593400.000000           1          133.7080   
      2501:    593430.000000           1          133.7089   
      2502:    593460.000000           1          133.7093   
      2503:    593490.000000           1          133.7107   
      2504:    593520.000000           1          133.7147   
      2505:    593550.000000           1          133.7176   
      2506:    593580.000000           1          133.7184   
      2507:    593610.000000           1          133.7192   
      2508:    593640.000000           1          133.7205   
      2509:    593670.000000           1          133.7211   
      2510:    593700.000000           1          133.7218   
      2511:    593730.000000           1          133.7217   
      2512:    593760.000000           1          133.7217   
      2513:    593790.000000           1          133.7215   
      2514:    593820.000000           1          133.7212   
      2515:    593850.000000           1          133.7212   
      2516:    593880.000000           1          133.7212   
      2517:    593910.000000           1          133.7214   
      2518:    593940.000000           1          133.7219   
      2519:    593970.000000           1          133.7222   
      2520:    594000.000000           1          133.7221   
      2521:    594030.000000           1          133.7207   
      2522:    594060.000000           1          133.7197   
      2523:    594090.000000           1          133.7197   
      2524:    594120.000000           1          133.7194   
      2525:    594150.000000           1          133.7194   
      2526:    594180.000000           1          133.7186   
      2527:    594210.000000           1          133.7178   
      2528:    594240.000000           1          133.7169   
      2529:    594270.000000           1          133.7164   
      2530:    594300.000000           1          133.7153   
      2531:    594330.000000           1          133.7146   
      2532:    594360.000000           1          133.7149   
      2533:    594390.000000           1          133.7136   
      2534:    594420.000000           1          133.7126   
      2535:    594450.000000           1          133.7134   
      2536:    594480.000000           1          133.7121   
      2537:    594510.000000           1          133.7110   
      2538:    594540.000000           1          133.7098   
      2539:    594570.000000           1          133.7081   
      2540:    594600.000000           1          133.7058   
      2541:    594630.000000           1          133.7047   
      2542:    594660.000000           1          133.7004   
      2543:    594690.000000           1          133.6962   
      2544:    594720.000000           1          133.6944   
      2545:    594750.000000           1          133.6922   
      2546:    594780.000000           1          133.6914   
      2547:    594810.000000           1          133.6900   
      2548:    594840.000000           1          133.6876   
      2549:    594870.000000           1          232.5739   
      2550:    594900.000000           1          132.4247   
      2551:    594930.000000           1          132.7383   
      2552:    594960.000000           1          132.7418   
      2553:    594990.000000           1          133.0246   
      2554:    595020.000000           1          133.0677   
      2555:    595050.000000           1          133.0790   
      2556:    595080.000000           1          133.0953   
      2557:    595110.000000           1          133.2407   
      2558:    595140.000000           1          133.2196   
      2559:    595170.000000           1          133.1670   
      2560:    595200.000000           1          133.1201   
      2561:    595230.000000           1          133.0716   
      2562:    595260.000000           1          133.0680   
      2563:    595290.000000           1          133.1305   
      2564:    595320.000000           1          133.2385   
      2565:    595350.000000           1          133.3078   
      2566:    595380.000000           1          133.3001   
      2567:    595410.000000           1          133.2530   
      2568:    595440.000000           1          133.1824   
      2569:    595470.000000           1          133.1643   
      2570:    595500.000000           1          133.1359   
      2571:    595530.000000           1          133.0877   
      2572:    595560.000000           1          133.0048   
      2573:    595590.000000           1          232.5355   
      2574:    595620.000000           1          130.6392   
      2575:    595650.000000           1          130.4981   
      2576:    595680.000000           1          130.6279   
      2577:    595710.000000           1          232.5008   
      2578:    595740.000000           1          130.7814   
      2579:    595770.000000           1          232.4945   
      2580:    595800.000000           1          132.0014   
      2581:    595830.000000           1          132.1412   
      2582:    595860.000000           1          131.9640   
      2583:    595890.000000           1          131.8451   
      2584:    595920.000000           1          131.8769   
      2585:    595950.000000           1          131.9454   
      2586:    595980.000000           1          131.9459   
      2587:    596010.000000           1          131.8829   
      2588:    596040.000000           1          131.6224   
      2589:    596070.000000           1          131.6222   
      2590:    596100.000000           1          131.6456   
      2591:    596130.000000           1          131.5332   
      2592:    596160.000000           1          131.5699   
      2593:    596190.000000           1          131.6342   
      2594:    596220.000000           1          131.6711   
      2595:    596250.000000           1          232.3943   
      2596:    596280.000000           1          232.3845   
      2597:    596310.000000           1          232.3767   
      2598:    596340.000000           1          232.3732   
      2599:    596370.000000           1          232.3691   
      2600:    596400.000000           1          232.3642   
      2601:    596430.000000           1          232.3616   
      2602:    596460.000000           1          232.3586   
      2603:    596490.000000           1          232.3550   
      2604:    596520.000000           1          232.3534   
      2605:    596550.000000           1          232.3463   
      2606:    596580.000000           1          232.3430   
      2607:    596610.000000           1          232.3396   
      2608:    596640.000000           1          232.3365   
      2609:    596670.000000           1          232.3346   
      2610:    596700.000000           1          232.3306   
      2611:    596730.000000           1          232.3262   
      2612:    596760.000000           1          232.3197   
      2613:    596790.000000           1          232.3135   
      2614:    596820.000000           1          232.3092   
      2615:    596850.000000           1          232.3036   
      2616:    596880.000000           1          232.2973   
      2617:    596910.000000           1          232.2916   
      2618:    596940.000000           1          232.2877   
      2619:    596970.000000           1          232.2769   
