      1009:    548670.000000           1            8.2354   
      1010:    548700.000000           1            8.2178   
      1011:    548730.000000           1           99.6674   
      1012:    548760.000000           1           99.6537   
      1013:    548790.000000           1           99.6216   
      1014:    548820.000000           1            8.1469   
      1015:    548850.000000           1            8.1398   
      1016:    548880.000000           1         -267.3180   
      1017:    548910.000000           1            8.1103   
      1018:    548940.000000           1            8.1042   
      1019:    548970.000000           1         -267.3469   
      1020:    549000.000000           1           93.1206   
      1021:    549030.000000           1           93.0127   
      1022:    549060.000000           1            8.0457   
      1023:    549090.000000           1           92.8808   
      1024:    549120.000000           1            8.0185   
      1025:    549150.000000           1           92.6444   
      1026:    549180.000000           1            7.9839   
      1027:    549210.000000           1           92.3309   
      1028:    549240.000000           1            7.9554   
      1029:    549270.000000           1           92.1051   
      1030:    549300.000000           1           92.0561   
      1031:    549330.000000           1           92.0096   
      1032:    549360.000000           1           91.9555   
      1033:    549390.000000           1           91.8962   
      1034:    549420.000000           1           99.2141   
      1035:    549450.000000           1           99.1962   
      1036:    549480.000000           1           91.7353   
      1037:    549510.000000           1           91.6845   
      1038:    549540.000000           1           91.5847   
      1039:    549570.000000           1           91.5089   
      1040:    549600.000000           1            7.8730   
      1041:    549630.000000           1           99.0618   
      1042:    549660.000000           1           99.0547   
      1043:    549690.000000           1           99.0434   
      1044:    549720.000000           1           91.4817   
      1045:    549750.000000           1           91.5089   
      1046:    549780.000000           1           91.5370   
      1047:    549810.000000           1           91.5613   
      1048:    549840.000000           1           91.5877   
      1049:    549870.000000           1           91.6408   
      1050:    549900.000000           1           91.6726   
      1051:    549930.000000           1           91.6750   
      1052:    549960.000000           1            7.7638   
      1053:    549990.000000           1           91.6246   
      1054:    550020.000000           1           91.6086   
      1055:    550050.000000           1           91.5834   
      1056:    550080.000000           1           91.5528   
      1057:    550110.000000           1           91.5249   
      1058:    550140.000000           1            7.7160   
      1059:    550170.000000           1           91.4026   
      1060:    550200.000000           1           91.3659   
      1061:    550230.000000           1           91.3331   
      1062:    550260.000000           1           91.3050   
      1063:    550290.000000           1           91.2790   
      1064:    550320.000000           1           91.2555   
      1065:    550350.000000           1           91.2346   
      1066:    550380.000000           1           91.2060   
      1067:    550410.000000           1           91.1818   
      1068:    550440.000000           1            7.6714   
      1069:    550470.000000           1           91.1440   
      1070:    550500.000000           1            7.6549   
      1071:    550530.000000           1            7.6494   
      1072:    550560.000000           1            7.6454   
      1073:    550590.000000           1         -268.1686   
      1074:    550620.000000           1         -268.1849   
      1075:    550650.000000           1         -268.1887   
      1076:    550680.000000           1         -268.1947   
      1077:    550710.000000           1         -268.1975   
      1078:    550740.000000           1         -326.5699   
      1079:    550770.000000           1         -326.5779   
      1080:    550800.000000           1         -326.5864   
      1081:    550830.000000           1         -326.5935   
      1082:    550860.000000           1         -326.5964   
      1083:    550890.000000           1         -326.5981   
      1084:    550920.000000           1         -326.6027   
      1085:    550950.000000           1         -268.2158   
      1086:    550980.000000           1         -268.2204   
      1087:    551010.000000           1         -268.2218   
      1088:    551040.000000           1         -268.2277   
      1089:    551070.000000           1         -268.2335   
      1090:    551100.000000           1         -268.2417   
      1091:    551130.000000           1         -268.2513   
      1092:    551160.000000           1         -268.2590   
      1093:    551190.000000           1         -268.2661   
      1094:    551220.000000           1         -268.2744   
      1095:    551250.000000           1         -268.2835   
      1096:    551280.000000           1            7.5404   
      1097:    551310.000000           1         -268.3085   
      1098:    551340.000000           1            7.5278   
      1099:    551370.000000           1         -268.3256   
      1100:    551400.000000           1           91.2170   
      1101:    551430.000000           1         -268.3450   
      1102:    551460.000000           1           91.3678   
      1103:    551490.000000           1            7.4954   
      1104:    551520.000000           1           91.2178   
      1105:    551550.000000           1            7.4760   
      1106:    551580.000000           1           91.2182   
      1107:    551610.000000           1            7.4609   
      1108:    551640.000000           1           91.2369   
      1109:    551670.000000           1            7.4547   
      1110:    551700.000000           1           91.2381   
      1111:    551730.000000           1         -268.3544   
      1112:    551760.000000           1           91.4011   
      1113:    551790.000000           1           91.4565   
      1114:    551820.000000           1           91.4238   
      1115:    551850.000000           1            7.4255   
      1116:    551880.000000           1           91.3493   
      1117:    551910.000000           1            7.4164   
      1118:    551940.000000           1           91.4103   
      1119:    551970.000000           1           98.3885   
      1120:    552000.000000           1           98.3841   
      1121:    552030.000000           1           91.2346   
      1122:    552060.000000           1           91.2696   
      1123:    552090.000000           1           91.2525   
      1124:    552120.000000           1           91.2727   
      1125:    552150.000000           1           91.2763   
      1126:    552180.000000           1            7.3741   
      1127:    552210.000000           1           91.2790   
      1128:    552240.000000           1           91.2768   
      1129:    552270.000000           1           91.2738   
      1130:    552300.000000           1           91.2739   
      1131:    552330.000000           1           91.2781   
      1132:    552360.000000           1           91.2854   
      1133:    552390.000000           1           91.2923   
      1134:    552420.000000           1         -268.4289   
      1135:    552450.000000           1         -268.4284   
      1136:    552480.000000           1         -268.4291   
      1137:    552510.000000           1         -268.4312   
      1138:    552540.000000           1         -268.4315   
      1139:    552570.000000           1         -268.4334   
      1140:    552600.000000           1         -326.8909   
      1141:    552630.000000           1         -326.8917   
      1142:    552660.000000           1         -326.8929   
      1143:    552690.000000           1         -413.8995   
      1144:    552720.000000           1         -326.9011   
      1145:    552750.000000           1         -326.9018   
      1146:    552780.000000           1         -268.4095   
      1147:    552810.000000           1         -268.4060   
      1148:    552840.000000           1         -268.4042   
      1149:    552870.000000           1         -326.8946   
      1150:    552900.000000           1         -268.3923   
      1151:    552930.000000           1         -326.8896   
      1152:    552960.000000           1         -268.3752   
      1153:    552990.000000           1         -268.3741   
      1154:    553020.000000           1         -268.3739   
      1155:    553050.000000           1            7.3552   
      1156:    553080.000000           1            7.3537   
      1157:    553110.000000           1            7.3542   
      1158:    553140.000000           1            7.3540   
      1159:    553170.000000           1            7.3533   
      1160:    553200.000000           1            7.3530   
      1161:    553230.000000           1            7.3485   
      1162:    553260.000000           1            7.3475   
      1163:    553290.000000           1            7.3492   
      1164:    553320.000000           1            7.3493   
      1165:    553350.000000           1            7.3497   
      1166:    553380.000000           1           91.4351   
      1167:    553410.000000           1           91.4357   
      1168:    553440.000000           1           91.4347   
      1169:    553470.000000           1           91.4378   
      1170:    553500.000000           1           91.4434   
      1171:    553530.000000           1           98.3681   
      1172:    553560.000000           1           98.3721   
      1173:    553590.000000           1           98.3738   
      1174:    553620.000000           1           98.3756   
      1175:    553650.000000           1           98.3798   
      1176:    553680.000000           1           98.3828   
      1177:    553710.000000           1           91.4782   
      1178:    553740.000000           1           91.4832   
      1179:    553770.000000           1           91.4891   
      1180:    553800.000000           1           91.4917   
      1181:    553830.000000           1           91.4944   
      1182:    553860.000000           1         -268.2843   
      1183:    553890.000000           1         -268.2745   
      1184:    553920.000000           1           91.5203   
      1185:    553950.000000           1           91.5225   
      1186:    553980.000000           1         -268.2610   
      1187:    554010.000000           1           98.4378   
      1188:    554040.000000           1           98.4383   
      1189:    554070.000000           1           98.4403   
      1190:    554100.000000           1           98.4436   
      1191:    554130.000000           1           98.4467   
      1192:    554160.000000           1           98.4516   
      1193:    554190.000000           1           91.5711   
      1194:    554220.000000           1           91.5827   
      1195:    554250.000000           1           98.4767   
      1196:    554280.000000           1           98.4814   
      1197:    554310.000000           1           98.4863   
      1198:    554340.000000           1           98.4911   
      1199:    554370.000000           1           98.4947   
      1200:    554400.000000           1           98.5043   
      1201:    554430.000000           1           98.5156   
      1202:    554460.000000           1           98.5266   
      1203:    554490.000000           1           91.6526   
      1204:    554520.000000           1           98.5419   
      1205:    554550.000000           1           98.5471   
      1206:    554580.000000           1           98.5526   
      1207:    554610.000000           1           98.5584   
      1208:    554640.000000           1           98.5645   
      1209:    554670.000000           1           98.5722   
      1210:    554700.000000           1           98.5776   
      1211:    554730.000000           1           98.5830   
      1212:    554760.000000           1           98.5882   
      1213:    554790.000000           1           98.5942   
      1214:    554820.000000           1           98.6002   
      1215:    554850.000000           1           98.6047   
      1216:    554880.000000           1           98.6070   
      1217:    554910.000000           1           98.6122   
      1218:    554940.000000           1          -88.5295   
      1219:    554970.000000           1          -88.5000   
      1220:    555000.000000           1          -88.4814   
      1221:    555030.000000           1          -88.4562   
      1222:    555060.000000           1          -88.4238   
      1223:    555090.000000           1          -88.3986   
      1224:    555120.000000           1          -88.3707   
      1225:    555150.000000           1          -88.3495   
      1226:    555180.000000           1           98.7044   
      1227:    555210.000000           1          -88.3158   
      1228:    555240.000000           1          -88.3131   
      1229:    555270.000000           1           91.8675   
      1230:    555300.000000           1          -88.2584   
      1231:    555330.000000           1          -88.2399   
      1232:    555360.000000           1          -88.1965   
      1233:    555390.000000           1          -55.8052   
      1234:    555420.000000           1          -88.3202   
      1235:    555450.000000           1          -88.2931   
      1236:    555480.000000           1          -88.2802   
      1237:    555510.000000           1          -88.2477   
      1238:    555540.000000           1          -55.2551   
      1239:    555570.000000           1          -87.9836   
      1240:    555600.000000           1           98.8865   
      1241:    555630.000000           1          -56.5192   
      1242:    555660.000000           1          -56.4420   
      1243:    555690.000000           1          -56.4101   
      1244:    555720.000000           1           98.9304   
      1245:    555750.000000           1          -56.5586   
      1246:    555780.000000           1          -56.5717   
      1247:    555810.000000           1          -56.4841   
      1248:    555840.000000           1          -56.4112   
      1249:    555870.000000           1          -56.3306   
      1250:    555900.000000           1          -56.3360   
      1251:    555930.000000           1          -56.3093   
      1252:    555960.000000           1           99.0001   
      1253:    555990.000000           1          -56.2301   
      1254:    556020.000000           1           99.0239   
      1255:    556050.000000           1          -56.1886   
      1256:    556080.000000           1          -56.1277   
      1257:    556110.000000           1           99.0438   
      1258:    556140.000000           1          -56.0688   
      1259:    556170.000000           1          -56.0403   
      1260:    556200.000000           1          -56.0243   
      1261:    556230.000000           1          -56.0068   
      1262:    556260.000000           1          -55.9770   
      1263:    556290.000000           1          -55.9590   
      1264:    556320.000000           1          -55.9211   
      1265:    556350.000000           1          -87.6199   
      1266:    556380.000000           1          -87.6000   
      1267:    556410.000000           1          -87.5754   
      1268:    556440.000000           1          -55.7617   
      1269:    556470.000000           1          -87.4758   
      1270:    556500.000000           1          -87.4655   
      1271:    556530.000000           1          -87.4630   
      1272:    556560.000000           1          -87.4533   
      1273:    556590.000000           1          -87.4238   
      1274:    556620.000000           1           99.2347   
      1275:    556650.000000           1          -55.5692   
      1276:    556680.000000           1           92.0844   
      1277:    556710.000000           1           99.2693   
      1278:    556740.000000           1           99.2750   
      1279:    556770.000000           1           99.2816   
      1280:    556800.000000           1           92.1053   
      1281:    556830.000000           1           99.3069   
      1282:    556860.000000           1           99.3134   
      1283:    556890.000000           1           99.3190   
      1284:    556920.000000           1           99.3258   
      1285:    556950.000000           1         -267.4017   
      1286:    556980.000000           1           99.3527   
      1287:    557010.000000           1           99.3616   
      1288:    557040.000000           1           99.3690   
      1289:    557070.000000           1           99.3779   
      1290:    557100.000000           1           99.3861   
      1291:    557130.000000           1           99.3937   
      1292:    557160.000000           1           99.4013   
      1293:    557190.000000           1           99.4099   
      1294:    557220.000000           1           99.4242   
      1295:    557250.000000           1           92.2578   
      1296:    557280.000000           1           92.2713   
      1297:    557310.000000           1           72.5513   
      1298:    557340.000000           1           72.4937   
      1299:    557370.000000           1           92.3301   
      1300:    557400.000000           1           92.3361   
      1301:    557430.000000           1          -55.4141   
      1302:    557460.000000           1          -55.4116   
      1303:    557490.000000           1          -55.4141   
      1304:    557520.000000           1          -55.4128   
      1305:    557550.000000           1          -55.4045   
      1306:    557580.000000           1           99.5493   
      1307:    557610.000000           1          -55.3801   
      1308:    557640.000000           1          -55.3626   
      1309:    557670.000000           1          -55.3496   
      1310:    557700.000000           1          -55.3457   
      1311:    557730.000000           1          -55.3446   
      1312:    557760.000000           1          -55.3406   
      1313:    557790.000000           1           92.4822   
      1314:    557820.000000           1          -55.2965   
      1315:    557850.000000           1          -55.2771   
      1316:    557880.000000           1           92.5229   
      1317:    557910.000000           1          -55.2217   
      1318:    557940.000000           1          -55.2110   
      1319:    557970.000000           1          -55.1938   
      1320:    558000.000000           1           99.7124   
      1321:    558030.000000           1          -55.1750   
      1322:    558060.000000           1           99.7411   
      1323:    558090.000000           1           99.7533   
      1324:    558120.000000           1           99.7680   
      1325:    558150.000000           1           99.7764   
      1326:    558180.000000           1           99.7819   
      1327:    558210.000000           1           99.7900   
      1328:    558240.000000           1           99.7991   
      1329:    558270.000000           1           92.6511   
      1330:    558300.000000           1           72.6785   
      1331:    558330.000000           1           99.8394   
      1332:    558360.000000           1           99.8463   
      1333:    558390.000000           1           72.6934   
      1334:    558420.000000           1           92.6927   
      1335:    558450.000000           1           92.7055   
      1336:    558480.000000           1           72.8673   
      1337:    558510.000000           1         -266.7800   
      1338:    558540.000000           1           72.7952   
      1339:    558570.000000           1           72.8018   
      1340:    558600.000000           1           72.8277   
      1341:    558630.000000           1         -266.7344   
      1342:    558660.000000           1           72.8727   
      1343:    558690.000000           1         -266.7012   
      1344:    558720.000000           1           72.8938   
      1345:    558750.000000           1           72.9613   
      1346:    558780.000000           1           72.5709   
      1347:    558810.000000           1         -325.3801   
      1348:    558840.000000           1           72.6004   
      1349:    558870.000000           1           72.6172   
      1350:    558900.000000           1           72.6143   
      1351:    558930.000000           1           92.8341   
      1352:    558960.000000           1         -266.6407   
      1353:    558990.000000           1           72.7165   
      1354:    559020.000000           1           72.6820   
      1355:    559050.000000           1           72.6646   
      1356:    559080.000000           1           72.7281   
      1357:    559110.000000           1           72.7110   
      1358:    559140.000000           1           72.7298   
      1359:    559170.000000           1         -266.5650   
      1360:    559200.000000           1           72.8447   
      1361:    559230.000000           1           92.9336   
      1362:    559260.000000           1           92.9404   
      1363:    559290.000000           1           92.9457   
      1364:    559320.000000           1           92.9536   
      1365:    559350.000000           1           92.9569   
      1366:    559380.000000           1           92.9619   
      1367:    559410.000000           1          100.1778   
      1368:    559440.000000           1          100.1848   
      1369:    559470.000000           1          100.1902   
      1370:    559500.000000           1          100.1956   
      1371:    559530.000000           1          100.1938   
      1372:    559560.000000           1          100.1895   
      1373:    559590.000000           1          100.1827   
      1374:    559620.000000           1          100.1803   
      1375:    559650.000000           1          100.1779   
      1376:    559680.000000           1          100.1741   
      1377:    559710.000000           1          100.1711   
      1378:    559740.000000           1           92.9609   
      1379:    559770.000000           1          -54.9306   
      1380:    559800.000000           1          100.1509   
      1381:    559830.000000           1          -54.9471   
      1382:    559860.000000           1          -54.9509   
      1383:    559890.000000           1          -54.9542   
      1384:    559920.000000           1          -54.9547   
      1385:    559950.000000           1          -86.4993   
      1386:    559980.000000           1          -54.9858   
      1387:    560010.000000           1          -54.9984   
      1388:    560040.000000           1          100.1122   
      1389:    560070.000000           1          100.1034   
      1390:    560100.000000           1          100.1010   
      1391:    560130.000000           1          100.0984   
      1392:    560160.000000           1           92.8813   
      1393:    560190.000000           1          100.0846   
      1394:    560220.000000           1          100.0839   
      1395:    560250.000000           1          100.0816   
      1396:    560280.000000           1          100.0781   
      1397:    560310.000000           1          100.0752   
      1398:    560340.000000           1          100.0730   
      1399:    560370.000000           1          100.0704   
      1400:    560400.000000           1          100.0673   
      1401:    560430.000000           1          100.0649   
      1402:    560460.000000           1           92.8509   
      1403:    560490.000000           1           92.8396   
      1404:    560520.000000           1           92.8377   
      1405:    560550.000000           1           92.8331   
      1406:    560580.000000           1           92.8283   
      1407:    560610.000000           1           92.8244   
      1408:    560640.000000           1           92.8217   
      1409:    560670.000000           1           92.8202   
      1410:    560700.000000           1           92.8159   
      1411:    560730.000000           1           92.8123   
      1412:    560760.000000           1           92.8091   
      1413:    560790.000000           1           92.8048   
      1414:    560820.000000           1           72.7915   
      1415:    560850.000000           1           92.7862   
      1416:    560880.000000           1           92.7796   
      1417:    560910.000000           1           92.7750   
      1418:    560940.000000           1           99.9982   
      1419:    560970.000000           1           99.9961   
      1420:    561000.000000           1           99.9932   
      1421:    561030.000000           1           92.7554   
      1422:    561060.000000           1           99.9778   
      1423:    561090.000000           1           99.9726   
      1424:    561120.000000           1          -55.2262   
      1425:    561150.000000           1          -55.2313   
      1426:    561180.000000           1          -55.2374   
      1427:    561210.000000           1          -55.2433   
      1428:    561240.000000           1          -55.2486   
      1429:    561270.000000           1          -55.2538   
      1430:    561300.000000           1          -86.7017   
      1431:    561330.000000           1          -86.7127   
      1432:    561360.000000           1          -86.7239   
      1433:    561390.000000           1          -86.7371   
      1434:    561420.000000           1          -55.2820   
      1435:    561450.000000           1          -86.7644   
      1436:    561480.000000           1          -86.7754   
      1437:    561510.000000           1          -86.7798   
      1438:    561540.000000           1          -86.7861   
      1439:    561570.000000           1          -86.7944   
      1440:    561600.000000           1          -55.3142   
      1441:    561630.000000           1          -86.8164   
      1442:    561660.000000           1          -86.8217   
      1443:    561690.000000           1          -86.8327   
      1444:    561720.000000           1          -55.3369   
      1445:    561750.000000           1          -86.8495   
      1446:    561780.000000           1          -55.3287   
      1447:    561810.000000           1          -86.8616   
      1448:    561840.000000           1          -86.8684   
      1449:    561870.000000           1          -86.8850   
      1450:    561900.000000           1          -86.8951   
      1451:    561930.000000           1           99.7892   
      1452:    561960.000000           1          -86.9110   
      1453:    561990.000000           1          -86.9159   
      1454:    562020.000000           1          -86.9207   
      1455:    562050.000000           1          -55.4013   
      1456:    562080.000000           1           99.7530   
      1457:    562110.000000           1          -55.4256   
      1458:    562140.000000           1          -55.4312   
      1459:    562170.000000           1          -55.4349   
      1460:    562200.000000           1          -55.4373   
      1461:    562230.000000           1          -55.4419   
      1462:    562260.000000           1          -55.4450   
      1463:    562290.000000           1          -55.4446   
      1464:    562320.000000           1          -55.4439   
      1465:    562350.000000           1          -55.4439   
      1466:    562380.000000           1          -55.4441   
      1917:    575910.000000           1           93.4993   
      1918:    575940.000000           1           93.5199   
      1919:    575970.000000           1           93.5388   
      1920:    576000.000000           1           93.5568   
      1921:    576030.000000           1           93.5756   
      1922:    576060.000000           1           93.5869   
      1923:    576090.000000           1           93.6083   
      1924:    576120.000000           1           93.6294   
      1925:    576150.000000           1           93.6515   
      1926:    576180.000000           1           93.6723   
      1927:    576210.000000           1           93.6838   
      1928:    576240.000000           1           93.6943   
      1929:    576270.000000           1           93.7044   
      1930:    576300.000000           1           93.7150   
      1931:    576330.000000           1           79.1997   
      1932:    576360.000000           1           93.7600   
      1933:    576390.000000           1           93.7708   
      1934:    576420.000000           1           93.7802   
      1935:    576450.000000           1           93.7900   
      1936:    576480.000000           1           93.8001   
      1937:    576510.000000           1           93.8156   
      1938:    576540.000000           1           93.8353   
      1939:    576570.000000           1           93.8568   
      1940:    576600.000000           1           93.8760   
      1941:    576630.000000           1           93.8873   
      1942:    576660.000000           1          157.4622   
      1943:    576690.000000           1           93.9321   
      1944:    576720.000000           1           93.9422   
      1945:    576750.000000           1           79.4320   
      1946:    576780.000000           1           93.9829   
      1947:    576810.000000           1           94.0017   
      1948:    576840.000000           1           94.0103   
      1949:    576870.000000           1           94.0194   
      1950:    576900.000000           1           94.0294   
      1951:    576930.000000           1           94.0394   
      1952:    576960.000000           1           94.0598   
      1953:    576990.000000           1           94.0788   
      1954:    577020.000000           1           94.0879   
      1955:    577050.000000           1           94.0981   
      1956:    577080.000000           1           94.1074   
      1957:    577110.000000           1           94.1170   
      1958:    577140.000000           1           94.1280   
      1959:    577170.000000           1           94.1374   
      1960:    577200.000000           1           94.1480   
      1961:    577230.000000           1           94.1586   
      1962:    577260.000000           1           94.1803   
      1963:    577290.000000           1           94.2023   
      1964:    577320.000000           1           94.2131   
      1965:    577350.000000           1           94.2250   
      1966:    577380.000000           1           94.2373   
      1967:    577410.000000           1           94.2495   
      1968:    577440.000000           1           94.2748   
      1969:    577470.000000           1           94.2971   
      1970:    577500.000000           1           94.3065   
      1971:    577530.000000           1           94.3159   
      1972:    577560.000000           1           79.8183   
      1973:    577590.000000           1           94.3518   
      1974:    577620.000000           1           94.3728   
      1975:    577650.000000           1           94.3826   
      1976:    577680.000000           1           94.3923   
      1977:    577710.000000           1           94.4016   
      1978:    577740.000000           1           94.4098   
      1979:    577770.000000           1           94.4283   
      1980:    577800.000000           1           94.4369   
      1981:    577830.000000           1           94.4470   
      1982:    577860.000000           1           94.4566   
      1983:    577890.000000           1           94.4650   
      1984:    577920.000000           1           94.4740   
      1985:    577950.000000           1           94.4837   
      1986:    577980.000000           1           94.4937   
      1987:    578010.000000           1           94.5032   
      1988:    578040.000000           1           94.5138   
      1989:    578070.000000           1           94.5246   
      1990:    578100.000000           1           94.5342   
      1991:    578130.000000           1           80.0509   
      1992:    578160.000000           1           94.5739   
      1993:    578190.000000           1           94.5853   
      1994:    578220.000000           1           94.5976   
      1995:    578250.000000           1           94.6075   
      1996:    578280.000000           1           94.6277   
      1997:    578310.000000           1           94.6482   
      1998:    578340.000000           1          782.9996   
      1999:    578370.000000           1           94.6892   
      2000:    578400.000000           1          783.0281   
      2001:    578430.000000           1          783.0767   
      2002:    578460.000000           1          783.0706   
      2003:    578490.000000           1          783.0987   
      2004:    578520.000000           1          783.1760   
      2005:    578550.000000           1          783.2536   
      2006:    578580.000000           1          783.2887   
      2007:    578610.000000           1          783.3200   
      2008:    578640.000000           1          783.3412   
      2009:    578670.000000           1          783.3530   
      2010:    578700.000000           1          783.3648   
      2011:    578730.000000           1          783.3841   
      2012:    578760.000000           1          783.3993   
      2013:    578790.000000           1          783.4095   
      2014:    578820.000000           1          783.4085   
      2015:    578850.000000           1          783.3825   
      2016:    578880.000000           1          783.3419   
      2017:    578910.000000           1          783.3349   
      2018:    578940.000000           1          783.3347   
      2019:    578970.000000           1          783.3330   
      2020:    579000.000000           1          783.3386   
      2021:    579030.000000           1          783.3188   
      2022:    579060.000000           1           94.9442   
      2023:    579090.000000           1          782.6522   
      2024:    579120.000000           1          782.6958   
      2025:    579150.000000           1           95.0030   
      2026:    579180.000000           1          782.8022   
      2027:    579210.000000           1          782.8291   
      2028:    579240.000000           1           95.0643   
      2029:    579270.000000           1          782.9304   
      2030:    579300.000000           1          783.0057   
      2031:    579330.000000           1         -953.1507   
      2032:    579360.000000           1          783.1724   
      2033:    579390.000000           1         -953.0263   
      2034:    579420.000000           1          783.2525   
      2035:    579450.000000           1         -952.8503   
      2036:    579480.000000           1         -952.8357   
      2037:    579510.000000           1          783.3540   
      2038:    579540.000000           1         -952.7735   
      2039:    579570.000000           1         -952.7512   
      2040:    579600.000000           1          783.5203   
      2041:    579630.000000           1          783.5589   
      2042:    579660.000000           1          783.6266   
      2043:    579690.000000           1          783.6559   
      2044:    579720.000000           1          783.6741   
      2045:    579750.000000           1          783.6922   
      2046:    579780.000000           1          783.7039   
      2047:    579810.000000           1          783.7132   
      2048:    579840.000000           1          783.7234   
      2049:    579870.000000           1          783.7386   
      2050:    579900.000000           1          783.7491   
      2051:    579930.000000           1          783.7582   
      2052:    579960.000000           1          783.7611   
      2053:    579990.000000           1          783.7601   
      2054:    580020.000000           1          783.7563   
      2055:    580050.000000           1          783.7527   
      2056:    580080.000000           1          783.7506   
      2057:    580110.000000           1          783.7482   
      2058:    580140.000000           1          783.7504   
      2059:    580170.000000           1          783.7728   
      2060:    580200.000000           1         -952.5821   
      2061:    580230.000000           1          783.8168   
      2062:    580260.000000           1         -952.5493   
      2063:    580290.000000           1          783.8673   
      2064:    580320.000000           1         -952.5234   
      2065:    580350.000000           1         -952.4985   
      2066:    580380.000000           1         -952.4817   
      2067:    580410.000000           1         -952.4428   
      2068:    580440.000000           1         -952.4357   
      2069:    580470.000000           1         -952.4313   
      2070:    580500.000000           1          784.0161   
      2071:    580530.000000           1           95.6786   
      2072:    580560.000000           1          784.5475   
      2073:    580590.000000           1           95.7116   
      2074:    580620.000000           1          784.4623   
      2075:    580650.000000           1          784.7655   
      2076:    580680.000000           1          784.8554   
      2077:    580710.000000           1         -952.3401   
      2078:    580740.000000           1         -952.3353   
      2079:    580770.000000           1         -952.3305   
      2080:    580800.000000           1          784.8151   
      2081:    580830.000000           1          784.8484   
      2082:    580860.000000           1           95.8093   
      2083:    580890.000000           1          785.1040   
      2084:    580920.000000           1          785.0757   
      2085:    580950.000000           1          785.1051   
      2086:    580980.000000           1           95.8636   
      2087:    581010.000000           1           95.8815   
      2088:    581040.000000           1           95.8888   
      2089:    581070.000000           1           95.8964   
      2090:    581100.000000           1           95.9165   
      2091:    581130.000000           1           95.9340   
      2092:    581160.000000           1           95.9429   
      2093:    581190.000000           1           95.9514   
      2094:    581220.000000           1           95.9611   
      2095:    581250.000000           1           95.9801   
      2096:    581280.000000           1           95.9955   
      2097:    581310.000000           1           96.0037   
      2098:    581340.000000           1           96.0125   
      2099:    581370.000000           1           96.0206   
      2100:    581400.000000           1           96.0293   
      2101:    581430.000000           1           96.0394   
      2102:    581460.000000           1           96.0493   
      2103:    581490.000000           1           96.0686   
      2104:    581520.000000           1           96.0773   
      2105:    581550.000000           1           96.0860   
      2106:    581580.000000           1           96.0960   
      2107:    581610.000000           1           96.1051   
      2108:    581640.000000           1           96.1155   
      2109:    581670.000000           1           96.1245   
      2110:    581700.000000           1           96.1342   
      2111:    581730.000000           1           96.1538   
      2112:    581760.000000           1           96.1724   
      2113:    581790.000000           1           96.1909   
      2114:    581820.000000           1           96.1997   
      2115:    581850.000000           1           96.2087   
      2116:    581880.000000           1           96.2168   
      2117:    581910.000000           1           96.2328   
      2118:    581940.000000           1          184.4227   
      2119:    581970.000000           1           96.2685   
      2120:    582000.000000           1          184.2727   
      2121:    582030.000000           1           96.3033   
      2122:    582060.000000           1           96.3114   
      2123:    582090.000000           1           96.3216   
      2124:    582120.000000           1           96.3292   
      2125:    582150.000000           1           96.3380   
      2126:    582180.000000           1           96.3466   
      2127:    582210.000000           1           96.3641   
      2128:    582240.000000           1           96.3808   
      2129:    582270.000000           1           96.3991   
      2130:    582300.000000           1           96.4172   
      2131:    582330.000000           1          183.8839   
      2132:    582360.000000           1          183.8590   
      2133:    582390.000000           1          183.8751   
      2134:    582420.000000           1          183.9090   
      2135:    582450.000000           1          183.9445   
      2136:    582480.000000           1          183.9613   
      2137:    582510.000000           1          183.9853   
      2138:    582540.000000           1          183.9989   
      2139:    582570.000000           1          184.0177   
      2140:    582600.000000           1          184.0376   
      2141:    582630.000000           1          184.0434   
      2142:    582660.000000           1          184.0545   
      2143:    582690.000000           1          184.0871   
      2144:    582720.000000           1          184.1009   
      2145:    582750.000000           1          184.1027   
      2146:    582780.000000           1          184.0974   
      2147:    582810.000000           1          184.1119   
      2148:    582840.000000           1          184.1117   
      2149:    582870.000000           1          184.1182   
      2150:    582900.000000           1          184.1348   
      2151:    582930.000000           1          184.1593   
      2152:    582960.000000           1           96.3115   
      2153:    582990.000000           1          184.1934   
      2154:    583020.000000           1          184.2122   
      2155:    583050.000000           1          184.2198   
      2156:    583080.000000           1          184.2320   
      2157:    583110.000000           1          184.2444   
      2158:    583140.000000           1          184.2711   
      2159:    583170.000000           1          184.2914   
      2160:    583200.000000           1          184.2906   
      2161:    583230.000000           1          184.2915   
      2162:    583260.000000           1          116.7295   
      2163:    583290.000000           1           82.4350   
      2164:    583320.000000           1           82.4469   
      2165:    583350.000000           1          184.3589   
      2166:    583380.000000           1          184.3690   
      2167:    583410.000000           1          184.3810   
      2168:    583440.000000           1          184.3933   
      2169:    583470.000000           1          184.4078   
      2170:    583500.000000           1          184.4204   
      2171:    583530.000000           1          184.4390   
      2172:    583560.000000           1          165.2342   
      2173:    583590.000000           1          165.3263   
      2174:    583620.000000           1          165.3913   
      2175:    583650.000000           1          165.4630   
      2176:    583680.000000           1          165.5156   
      2177:    583710.000000           1          165.5692   
      2178:    583740.000000           1          184.5763   
      2179:    583770.000000           1          166.4587   
      2180:    583800.000000           1          166.2961   
      2181:    583830.000000           1          166.2688   
      2182:    583860.000000           1          184.6207   
      2183:    583890.000000           1          166.3383   
      2184:    583920.000000           1          166.3501   
      2185:    583950.000000           1          166.3978   
      2186:    583980.000000           1          166.4784   
      2187:    584010.000000           1          166.5481   
      2188:    584040.000000           1          166.5090   
      2189:    584070.000000           1          166.5067   
      2190:    584100.000000           1          166.5285   
      2191:    584130.000000           1          166.5451   
      2192:    584160.000000           1          166.5580   
      2193:    584190.000000           1          166.5689   
      2194:    584220.000000           1          166.5809   
      2195:    584250.000000           1          166.6106   
      2196:    584280.000000           1          184.8312   
      2197:    584310.000000           1          184.8482   
      2198:    584340.000000           1           82.9264   
      2199:    584370.000000           1          184.9072   
      2200:    584400.000000           1          184.9169   
      2201:    584430.000000           1          184.9361   
      2202:    584460.000000           1          184.9414   
      2203:    584490.000000           1          184.9494   
      2204:    584520.000000           1          117.4039   
      2205:    584550.000000           1          184.9690   
      2206:    584580.000000           1          184.9732   
      2207:    584610.000000           1          184.9771   
      2208:    584640.000000           1          184.9839   
      2209:    584670.000000           1          117.4881   
      2210:    584700.000000           1          117.4969   
      2211:    584730.000000           1          117.5086   
      2212:    584760.000000           1          117.5214   
      2213:    584790.000000           1          117.5508   
      2214:    584820.000000           1          117.5743   
      2215:    584850.000000           1          185.0664   
      2216:    584880.000000           1          117.5930   
      2217:    584910.000000           1          117.6036   
      2218:    584940.000000           1          117.6073   
      2219:    584970.000000           1          117.6161   
      2220:    585000.000000           1          117.6236   
      2221:    585030.000000           1          117.6307   
      2222:    585060.000000           1          117.6381   
      2223:    585090.000000           1          117.6529   
      2224:    585120.000000           1          117.6708   
      2225:    585150.000000           1          117.7072   
      2226:    585180.000000           1          117.7222   
      2227:    585210.000000           1          117.7376   
      2228:    585240.000000           1          117.7472   
      2229:    585270.000000           1          117.7562   
      2230:    585300.000000           1          117.7662   
      2231:    585330.000000           1          185.2358   
      2232:    585360.000000           1          185.2474   
      2233:    585390.000000           1          185.2556   
      2234:    585420.000000           1          185.2712   
      2235:    585450.000000           1          185.2844   
      2236:    585480.000000           1          185.2919   
      2237:    585510.000000           1          185.3026   
      2238:    585540.000000           1          117.8802   
      2239:    585570.000000           1          117.9067   
      2240:    585600.000000           1          117.9191   
      2241:    585630.000000           1          117.9305   
      2242:    585660.000000           1          117.9558   
      2243:    585690.000000           1          117.9882   
      2244:    585720.000000           1          118.0038   
      2245:    585750.000000           1          118.0353   
      2246:    585780.000000           1          118.0588   
      2247:    585810.000000           1          185.4956   
      2248:    585840.000000           1          185.5037   
      2249:    585870.000000           1          185.5135   
      2250:    585900.000000           1          185.5258   
      2251:    585930.000000           1          185.5408   
      2252:    585960.000000           1          185.5550   
      2253:    585990.000000           1          185.5676   
      2254:    586020.000000           1          185.5798   
      2255:    586050.000000           1          185.5883   
      2256:    586080.000000           1          185.5988   
      2257:    586110.000000           1          185.6224   
      2258:    586140.000000           1          185.6345   
      2259:    586170.000000           1          118.2781   
      2260:    586200.000000           1          118.3063   
      2261:    586230.000000           1          118.3314   
      2262:    586260.000000           1          118.3422   
      2263:    586290.000000           1          118.3551   
      2264:    586320.000000           1          118.3664   
      2265:    586350.000000           1          118.3763   
      2266:    586380.000000           1          118.3887   
      2267:    586410.000000           1          118.4097   
      2268:    586440.000000           1          118.4194   
      2269:    586470.000000           1          118.4291   
      2270:    586500.000000           1          118.4521   
      2271:    586530.000000           1          185.8676   
      2272:    586560.000000           1          185.8772   
      2273:    586590.000000           1          185.8855   
      2274:    586620.000000           1          185.8949   
      2275:    586650.000000           1          185.9043   
      2276:    586680.000000           1          185.9136   
      2277:    586710.000000           1          126.8210   
      2278:    586740.000000           1          126.7984   
      2279:    586770.000000           1          126.8591   
      2280:    586800.000000           1          185.9801   
      2281:    586830.000000           1          127.1545   
      2282:    586860.000000           1          127.2049   
      2283:    586890.000000           1          168.5916   
      2284:    586920.000000           1          168.6108   
      2285:    586950.000000           1          127.6278   
      2286:    586980.000000           1          168.6801   
      2287:    587010.000000           1          168.6939   
      2288:    587040.000000           1          168.7201   
      2289:    587070.000000           1          168.7333   
      2290:    587100.000000           1          127.6964   
      2291:    587130.000000           1         -949.5807   
      2292:    587160.000000           1         -949.5711   
      2293:    587190.000000           1          168.8352   
      2294:    587220.000000           1         -949.5287   
      2295:    587250.000000           1         -949.5141   
      2296:    587280.000000           1         -949.4968   
      2297:    587310.000000           1         -949.4884   
      2298:    587340.000000           1         -949.4807   
      2299:    587370.000000           1         -949.4729   
      2300:    587400.000000           1          168.9937   
      2301:    587430.000000           1          169.0204   
      2302:    587460.000000           1         -949.4071   
      2303:    587490.000000           1         -949.3965   
      2304:    587520.000000           1         -949.3845   
      2305:    587550.000000           1         -949.3706   
      2306:    587580.000000           1          169.1139   
      2307:    587610.000000           1          169.1387   
      2308:    587640.000000           1         -949.2824   
      2309:    587670.000000           1         -949.2697   
      2310:    587700.000000           1         -949.2580   
      2311:    587730.000000           1         -949.2450   
      2312:    587760.000000           1         -949.2311   
      2313:    587790.000000           1          169.2554   
      2314:    587820.000000           1         -949.1686   
      2315:    587850.000000           1         -949.1537   
      2316:    587880.000000           1          169.3274   
      2317:    587910.000000           1          169.3447   
      2318:    587940.000000           1          169.3619   
      2319:    587970.000000           1          169.3905   
      2320:    588000.000000           1          169.4159   
      2321:    588030.000000           1          169.4271   
      2322:    588060.000000           1          127.6863   
      2323:    588090.000000           1          186.7541   
      2324:    588120.000000           1          186.7728   
      2325:    588150.000000           1          127.5019   
      2326:    588180.000000           1          127.5226   
      2327:    588210.000000           1          127.6597   
      2328:    588240.000000           1          127.7254   
      2329:    588270.000000           1          127.8531   
      2330:    588300.000000           1          127.8776   
      2331:    588330.000000           1          127.9339   
      2332:    588360.000000           1          127.9868   
      2333:    588390.000000           1          128.0295   
      2334:    588420.000000           1          128.0625   
      2335:    588450.000000           1          186.9379   
      2336:    588480.000000           1          128.2180   
      2337:    588510.000000           1          128.2368   
      2338:    588540.000000           1          186.9958   
      2339:    588570.000000           1          187.0072   
      2340:    588600.000000           1          128.2344   
      2341:    588630.000000           1          128.2457   
      2342:    588660.000000           1          187.0362   
      2343:    588690.000000           1          187.0469   
      2344:    588720.000000           1          187.0553   
      2345:    588750.000000           1          187.0670   
      2346:    588780.000000           1          128.2045   
      2347:    588810.000000           1          128.1786   
      2348:    588840.000000           1          128.1753   
      2349:    588870.000000           1          169.8085   
      2350:    588900.000000           1          169.8205   
      2351:    588930.000000           1          128.1732   
      2352:    588960.000000           1          169.8555   
      2353:    588990.000000           1          169.8651   
      2354:    589020.000000           1          128.2006   
      2355:    589050.000000           1          169.9078   
      2356:    589080.000000           1          169.9282   
      2357:    589110.000000           1          127.7362   
      2358:    589140.000000           1          169.9656   
      2359:    589170.000000           1          169.9734   
      2360:    589200.000000           1          169.9876   
      2361:    589230.000000           1          127.9724   
      2362:    589260.000000           1          127.9979   
      2363:    589290.000000           1          170.0400   
      2364:    589320.000000           1          170.0487   
      2365:    589350.000000           1          170.0584   
      2366:    589380.000000           1          170.0675   
      2367:    589410.000000           1          170.0766   
      2368:    589440.000000           1          170.0858   
      2369:    589470.000000           1          170.0931   
      2370:    589500.000000           1          170.1089   
      2371:    589530.000000           1          128.1241   
      2372:    589560.000000           1          170.1378   
      2373:    589590.000000           1          170.1459   
      2374:    589620.000000           1          170.1543   
      2375:    589650.000000           1          128.2695   
      2376:    589680.000000           1          170.1891   
      2377:    589710.000000           1          170.1971   
      2378:    589740.000000           1          170.2038   
      2379:    589770.000000           1         -948.2804   
      2380:    589800.000000           1          170.2267   
      2381:    589830.000000           1         -948.2501   
      2382:    589860.000000           1          170.2472   
      2383:    589890.000000           1         -948.2362   
      2384:    589920.000000           1          170.2606   
      2385:    589950.000000           1         -948.2178   
      2386:    589980.000000           1          128.2995   
      2387:    590010.000000           1          170.2957   
      2388:    590040.000000           1          170.3014   
      2389:    590070.000000           1          170.3089   
      2390:    590100.000000           1          170.3223   
      2391:    590130.000000           1          170.3361   
      2392:    590160.000000           1          170.3436   
      2393:    590190.000000           1         -948.1234   
      2394:    590220.000000           1         -948.1188   
      2395:    590250.000000           1          170.3687   
      2396:    590280.000000           1         -948.1064   
      2397:    590310.000000           1         -948.0950   
      2398:    590340.000000           1         -948.0836   
      2399:    590370.000000           1         -948.0717   
      2400:    590400.000000           1         -948.0654   
      2401:    590430.000000           1         -948.0502   
      2402:    590460.000000           1         -948.0329   
      2403:    590490.000000           1         -948.0176   
      2404:    590520.000000           1         -947.9996   
      2405:    590550.000000           1         -947.9904   
      2406:    590580.000000           1         -947.9822   
      2407:    590610.000000           1         -947.9757   
      2408:    590640.000000           1          170.5064   
      2409:    590670.000000           1         -947.9462   
      2410:    590700.000000           1         -947.9360   
      2411:    590730.000000           1         -947.9212   
      2412:    590760.000000           1         -947.9082   
      2413:    590790.000000           1         -947.9007   
      2414:    590820.000000           1         -947.8879   
      2415:    590850.000000           1         -947.8764   
      2416:    590880.000000           1         -947.8656   
      2417:    590910.000000           1         -947.8528   
      2418:    590940.000000           1         -947.8461   
      2419:    590970.000000           1         -947.8395   
      2420:    591000.000000           1         -947.8338   
      2421:    591030.000000           1         -947.8281   
      2422:    591060.000000           1         -947.8156   
      2423:    591090.000000           1         -947.8041   
      2424:    591120.000000           1         -947.7929   
      2425:    591150.000000           1          170.6404   
      2426:    591180.000000           1          170.6460   
      2427:    591210.000000           1          170.6514   
      2428:    591240.000000           1          170.6568   
      2429:    591270.000000           1          170.6625   
      2430:    591300.000000           1          170.6668   
      2431:    591330.000000           1          170.6695   
      2432:    591360.000000           1          170.6726   
      2433:    591390.000000           1          170.6770   
      2434:    591420.000000           1          170.6810   
      2435:    591450.000000           1          170.6843   
      2436:    591480.000000           1          170.6889   
      2437:    591510.000000           1          170.7001   
      2438:    591540.000000           1          170.7042   
      2439:    591570.000000           1          170.7078   
      2440:    591600.000000           1          170.7114   
      2441:    591630.000000           1          170.7152   
      2442:    591660.000000           1          170.7182   
      2443:    591690.000000           1          170.7207   
      2444:    591720.000000           1          170.7241   
      2445:    591750.000000           1          188.0836   
      2446:    591780.000000           1          170.7426   
      2447:    591810.000000           1          170.7463   
      2448:    591840.000000           1          170.7495   
      2449:    591870.000000           1          170.7514   
      2450:    591900.000000           1          170.7561   
      2451:    591930.000000           1          170.7583   
      2452:    591960.000000           1         -947.6656   
      2453:    591990.000000           1         -947.6634   
      2454:    592020.000000           1         -947.6609   
      2455:    592050.000000           1         -947.6593   
      2456:    592080.000000           1         -947.6555   
      2457:    592110.000000           1         -947.6521   
      2458:    592140.000000           1         -947.6488   
      2459:    592170.000000           1         -947.6479   
      2460:    592200.000000           1         -947.6454   
      2461:    592230.000000           1         -947.6424   
      2462:    592260.000000           1         -947.6368   
      2463:    592290.000000           1         -947.6324   
      2464:    592320.000000           1         -947.6286   
      2465:    592350.000000           1         -947.6268   
      2466:    592380.000000           1          170.7960   
      2467:    592410.000000           1          170.7977   
      2468:    592440.000000           1          170.7998   
      2469:    592470.000000           1          170.8025   
      2470:    592500.000000           1          170.8044   
      2471:    592530.000000           1          188.1799   
      2472:    592560.000000           1          170.8115   
      2473:    592590.000000           1          170.8142   
      2474:    592620.000000           1          170.8170   
      2475:    592650.000000           1          170.8206   
