         0:    518400.000000           1          204.5143   
         1:    518430.000000           1          480.9156   
         2:    518460.000000           1          200.0218   
         3:    518490.000000           1          195.3787   
         4:    518520.000000           1          189.6263   
         5:    518550.000000           1          186.3972   
         6:    518580.000000           1          181.3523   
         7:    518610.000000           1          173.8226   
         8:    518640.000000           1          167.7824   
         9:    518670.000000           1          163.7714   
        10:    518700.000000           1          160.2642   
        11:    518730.000000           1          156.2533   
        12:    518760.000000           1          152.2419   
        13:    518790.000000           1          148.6240   
        14:    518820.000000           1          145.0047   
        15:    518850.000000           1          141.5975   
        16:    518880.000000           1          138.2733   
        17:    518910.000000           1          135.0649   
        18:    518940.000000           1          132.5850   
        19:    518970.000000           1         -132.8126   
        20:    519000.000000           1          128.7715   
        21:    519030.000000           1          127.3869   
        22:    519060.000000           1          125.9223   
        23:    519090.000000           1         -126.7290   
        24:    519120.000000           1         -125.6154   
        25:    519150.000000           1          122.2560   
        26:    519180.000000           1          121.1931   
        27:    519210.000000           1          120.2261   
        28:    519240.000000           1          119.3018   
        29:    519270.000000           1          118.4767   
        30:    519300.000000           1          117.5322   
        31:    519330.000000           1          116.8320   
        32:    519360.000000           1          115.1674   
        33:    519390.000000           1          114.2814   
        34:    519420.000000           1          113.7946   
        35:    519450.000000           1          113.4346   
        36:    519480.000000           1          113.0525   
        37:    519510.000000           1          112.6611   
        38:    519540.000000           1          112.4727   
        39:    519570.000000           1          112.2589   
        40:    519600.000000           1          111.9213   
        41:    519630.000000           1          111.7224   
        42:    519660.000000           1          111.4003   
        43:    519690.000000           1          111.1585   
        44:    519720.000000           1          110.8667   
        45:    519750.000000           1          110.5306   
        46:    519780.000000           1          110.4245   
        47:    519810.000000           1          110.2989   
        48:    519840.000000           1          110.2035   
        49:    519870.000000           1          109.9451   
        50:    519900.000000           1         -111.7739   
        51:    519930.000000           1          109.5945   
        52:    519960.000000           1         -111.0631   
        53:    519990.000000           1         -110.8539   
        54:    520020.000000           1         -110.7356   
        55:    520050.000000           1         -110.5720   
        56:    520080.000000           1         -110.3990   
        57:    520110.000000           1         -110.2547   
        58:    520140.000000           1         -110.1399   
        59:    520170.000000           1         -110.0652   
        60:    520200.000000           1         -109.9276   
        61:    520230.000000           1         -109.7569   
        62:    520260.000000           1         -109.7631   
        63:    520290.000000           1         -109.7407   
        64:    520320.000000           1         -109.6861   
        65:    520350.000000           1         -109.6955   
        66:    520380.000000           1         -109.6601   
        67:    520410.000000           1         -109.6099   
        68:    520440.000000           1         -109.5278   
        69:    520470.000000           1         -109.3628   
        70:    520500.000000           1         -109.1709   
        71:    520530.000000           1         -109.0627   
        72:    520560.000000           1         -108.8797   
        73:    520590.000000           1         -108.8195   
        74:    520620.000000           1         -108.7427   
        75:    520650.000000           1         -108.6078   
        76:    520680.000000           1         -108.5561   
        77:    520710.000000           1         -108.3351   
        78:    520740.000000           1         -108.2006   
        79:    520770.000000           1         -108.0988   
        80:    520800.000000           1         -108.0157   
        81:    520830.000000           1         -107.9231   
        82:    520860.000000           1          107.6830   
        83:    520890.000000           1         -107.6971   
        84:    520920.000000           1         -107.6523   
        85:    520950.000000           1         -107.6571   
        86:    520980.000000           1         -107.5668   
        87:    521010.000000           1         -107.5218   
        88:    521040.000000           1         -107.4503   
        89:    521070.000000           1         -107.3219   
        90:    521100.000000           1         -107.2234   
        91:    521130.000000           1         -107.0862   
        92:    521160.000000           1          107.8677   
        93:    521190.000000           1         -106.8435   
        94:    521220.000000           1         -106.7593   
        95:    521250.000000           1         -106.6974   
        96:    521280.000000           1         -106.6421   
        97:    521310.000000           1         -106.5725   
        98:    521340.000000           1         -106.4816   
        99:    521370.000000           1         -106.4773   
       100:    521400.000000           1         -106.4406   
       101:    521430.000000           1         -106.3778   
       102:    521460.000000           1         -106.2142   
       103:    521490.000000           1         -106.1255   
       104:    521520.000000           1         -106.0103   
       105:    521550.000000           1         -105.9407   
       106:    521580.000000           1         -105.8922   
       107:    521610.000000           1         -105.7924   
       108:    521640.000000           1         -105.7525   
       109:    521670.000000           1         -105.6773   
       110:    521700.000000           1         -105.6327   
       111:    521730.000000           1         -105.6277   
       112:    521760.000000           1         -105.5868   
       113:    521790.000000           1         -105.4563   
       114:    521820.000000           1         -105.4130   
       115:    521850.000000           1         -105.3148   
       116:    521880.000000           1         -105.2607   
       117:    521910.000000           1         -105.2535   
       118:    521940.000000           1         -105.1793   
       119:    521970.000000           1         -105.0924   
       120:    522000.000000           1         -104.9726   
       121:    522030.000000           1         -104.8882   
       122:    522060.000000           1         -104.8167   
       123:    522090.000000           1         -104.7947   
       124:    522120.000000           1         -104.6724   
       125:    522150.000000           1         -104.6269   
       126:    522180.000000           1         -104.5726   
       127:    522210.000000           1         -104.4803   
       128:    522240.000000           1         -104.3327   
       129:    522270.000000           1         -104.2300   
       130:    522300.000000           1         -104.1931   
       131:    522330.000000           1         -104.0969   
       132:    522360.000000           1         -104.0382   
       133:    522390.000000           1         -103.9876   
       134:    522420.000000           1         -103.9889   
       135:    522450.000000           1         -103.9663   
       136:    522480.000000           1         -103.9191   
       137:    522510.000000           1         -103.8553   
       138:    522540.000000           1         -103.8072   
       139:    522570.000000           1         -103.7875   
       140:    522600.000000           1         -103.7732   
       141:    522630.000000           1         -103.7611   
       142:    522660.000000           1         -103.7002   
       143:    522690.000000           1         -103.6390   
       144:    522720.000000           1         -103.5515   
       145:    522750.000000           1         -103.4750   
       146:    522780.000000           1         -103.4438   
       147:    522810.000000           1         -103.4405   
       148:    522840.000000           1         -103.4089   
       149:    522870.000000           1         -103.3574   
       150:    522900.000000           1         -103.3612   
       151:    522930.000000           1         -103.3738   
       152:    522960.000000           1         -103.3560   
       153:    522990.000000           1         -103.3495   
       154:    523020.000000           1         -103.3325   
       155:    523050.000000           1         -103.3269   
       156:    523080.000000           1         -103.3140   
       157:    523110.000000           1         -103.3000   
       158:    523140.000000           1         -103.3027   
       159:    523170.000000           1         -103.2545   
       160:    523200.000000           1         -103.2511   
       161:    523230.000000           1         -103.2268   
       162:    523260.000000           1         -103.1933   
       163:    523290.000000           1         -103.1475   
       164:    523320.000000           1         -103.1325   
       165:    523350.000000           1         -103.1194   
       166:    523380.000000           1         -103.1095   
       167:    523410.000000           1         -103.0841   
       168:    523440.000000           1         -103.0794   
       169:    523470.000000           1         -103.0615   
       170:    523500.000000           1         -103.0491   
       171:    523530.000000           1         -103.0300   
       172:    523560.000000           1         -102.9991   
       173:    523590.000000           1         -102.9832   
       174:    523620.000000           1         -102.9652   
       175:    523650.000000           1         -102.9397   
       176:    523680.000000           1         -102.9275   
       177:    523710.000000           1         -102.8963   
       178:    523740.000000           1         -102.8933   
       179:    523770.000000           1         -102.8933   
       180:    523800.000000           1         -102.8854   
       181:    523830.000000           1         -102.8794   
       182:    523860.000000           1         -102.8664   
       183:    523890.000000           1         -102.8653   
       184:    523920.000000           1         -102.8586   
       185:    523950.000000           1         -102.8410   
       186:    523980.000000           1         -102.8173   
       187:    524010.000000           1         -102.8149   
       188:    524040.000000           1         -102.7914   
       189:    524070.000000           1         -102.7767   
       190:    524100.000000           1         -102.7498   
       191:    524130.000000           1         -102.7322   
       192:    524160.000000           1         -102.6928   
       193:    524190.000000           1         -102.6751   
       194:    524220.000000           1         -102.6551   
       195:    524250.000000           1         -102.5926   
       196:    524280.000000           1         -102.5631   
       197:    524310.000000           1          132.3773   
       198:    524340.000000           1         -102.4515   
       199:    524370.000000           1         -102.3824   
       200:    524400.000000           1         -102.3798   
       201:    524430.000000           1         -102.3397   
       202:    524460.000000           1         -102.3186   
       203:    524490.000000           1         -102.3117   
       204:    524520.000000           1         -102.3040   
       205:    524550.000000           1         -102.2692   
       206:    524580.000000           1         -102.2388   
       207:    524610.000000           1         -102.2174   
       208:    524640.000000           1         -102.1679   
       209:    524670.000000           1         -102.1008   
       210:    524700.000000           1         -102.0654   
       211:    524730.000000           1         -102.0369   
       212:    524760.000000           1         -101.9987   
       213:    524790.000000           1         -101.9528   
       214:    524820.000000           1         -101.9421   
       215:    524850.000000           1         -101.9326   
       216:    524880.000000           1         -101.9047   
       217:    524910.000000           1         -101.8678   
       218:    524940.000000           1         -101.8420   
       219:    524970.000000           1         -101.8272   
       220:    525000.000000           1         -101.8132   
       221:    525030.000000           1         -101.7971   
       222:    525060.000000           1         -101.7795   
       223:    525090.000000           1         -101.7715   
       224:    525120.000000           1         -101.7692   
       225:    525150.000000           1         -101.7561   
       226:    525180.000000           1         -101.7415   
       227:    525210.000000           1         -101.7277   
       228:    525240.000000           1         -101.7230   
       229:    525270.000000           1         -101.6967   
       230:    525300.000000           1         -101.6765   
       231:    525330.000000           1         -101.6700   
       232:    525360.000000           1         -101.6337   
       233:    525390.000000           1         -101.6031   
       234:    525420.000000           1         -101.5582   
       235:    525450.000000           1         -101.5343   
       236:    525480.000000           1         -101.5312   
       237:    525510.000000           1         -101.5270   
       238:    525540.000000           1         -101.5213   
       239:    525570.000000           1         -101.5189   
       240:    525600.000000           1         -101.5197   
       241:    525630.000000           1         -101.5074   
       242:    525660.000000           1         -101.4851   
       243:    525690.000000           1         -101.4734   
       244:    525720.000000           1         -101.4750   
       245:    525750.000000           1         -101.4901   
       246:    525780.000000           1         -101.4843   
       247:    525810.000000           1         -101.4854   
       248:    525840.000000           1         -101.4913   
       249:    525870.000000           1         -101.4936   
       250:    525900.000000           1         -101.4824   
       251:    525930.000000           1         -101.4778   
       252:    525960.000000           1         -101.4697   
       253:    525990.000000           1         -101.4864   
       254:    526020.000000           1         -101.4996   
       255:    526050.000000           1         -101.5078   
       256:    526080.000000           1         -101.5025   
       257:    526110.000000           1         -101.5126   
       258:    526140.000000           1         -101.5239   
       259:    526170.000000           1         -101.5350   
       260:    526200.000000           1         -101.5323   
       261:    526230.000000           1         -101.5288   
       262:    526260.000000           1         -101.5317   
       263:    526290.000000           1         -101.5355   
       264:    526320.000000           1         -101.5460   
       265:    526350.000000           1         -101.5517   
       266:    526380.000000           1         -101.5518   
       267:    526410.000000           1         -101.5512   
       268:    526440.000000           1         -101.5511   
       269:    526470.000000           1         -101.5614   
       270:    526500.000000           1         -101.5716   
       271:    526530.000000           1         -101.6061   
       272:    526560.000000           1         -101.6560   
       273:    526590.000000           1         -101.6668   
       274:    526620.000000           1         -101.6756   
       275:    526650.000000           1         -101.6840   
       276:    526680.000000           1         -101.6951   
       277:    526710.000000           1         -101.7341   
       278:    526740.000000           1         -101.7647   
       279:    526770.000000           1         -101.7713   
       280:    526800.000000           1         -101.7720   
       281:    526830.000000           1         -101.7810   
       282:    526860.000000           1         -101.7992   
       283:    526890.000000           1         -101.8182   
       284:    526920.000000           1         -101.8409   
       285:    526950.000000           1         -101.8661   
       286:    526980.000000           1         -101.8885   
       287:    527010.000000           1         -101.8920   
       288:    527040.000000           1         -101.8974   
       289:    527070.000000           1         -101.9037   
       290:    527100.000000           1         -101.9035   
       291:    527130.000000           1         -101.9124   
       292:    527160.000000           1         -101.9164   
       293:    527190.000000           1         -101.9196   
       294:    527220.000000           1         -101.9397   
       295:    527250.000000           1         -101.9477   
       296:    527280.000000           1         -101.9484   
       297:    527310.000000           1         -101.9497   
       298:    527340.000000           1         -101.9492   
       299:    527370.000000           1         -101.9437   
       300:    527400.000000           1         -101.9384   
       301:    527430.000000           1         -101.9383   
       302:    527460.000000           1         -101.9451   
       303:    527490.000000           1         -101.9380   
       304:    527520.000000           1         -101.9417   
       305:    527550.000000           1         -101.9353   
       306:    527580.000000           1         -101.9301   
       307:    527610.000000           1         -101.9277   
       308:    527640.000000           1         -101.9223   
       309:    527670.000000           1         -101.9177   
       310:    527700.000000           1         -101.9289   
       311:    527730.000000           1         -101.9237   
       312:    527760.000000           1         -101.9344   
       313:    527790.000000           1         -101.9406   
       314:    527820.000000           1         -101.9476   
       315:    527850.000000           1         -101.9468   
       316:    527880.000000           1         -101.9752   
       317:    527910.000000           1         -101.9973   
       318:    527940.000000           1         -102.0125   
       319:    527970.000000           1         -102.0142   
       320:    528000.000000           1         -102.0100   
       321:    528030.000000           1         -102.0270   
       322:    528060.000000           1         -102.0227   
       323:    528090.000000           1         -102.0221   
       324:    528120.000000           1         -102.0147   
       325:    528150.000000           1         -102.0154   
       326:    528180.000000           1         -102.0097   
       327:    528210.000000           1         -102.0110   
       328:    528240.000000           1         -102.0134   
       329:    528270.000000           1         -102.0163   
       330:    528300.000000           1         -102.0249   
       331:    528330.000000           1         -102.0209   
       332:    528360.000000           1         -102.0346   
       333:    528390.000000           1         -102.0409   
       334:    528420.000000           1         -102.0497   
       335:    528450.000000           1         -102.0661   
       336:    528480.000000           1         -102.0771   
       337:    528510.000000           1         -102.0922   
       338:    528540.000000           1         -102.1015   
       339:    528570.000000           1         -102.1168   
       340:    528600.000000           1         -102.1323   
       341:    528630.000000           1         -102.1287   
       342:    528660.000000           1         -102.1330   
       343:    528690.000000           1         -102.1345   
       344:    528720.000000           1         -102.1330   
       345:    528750.000000           1         -102.1383   
       346:    528780.000000           1         -102.1552   
       347:    528810.000000           1         -102.1632   
       348:    528840.000000           1         -102.1880   
       349:    528870.000000           1         -102.1953   
       350:    528900.000000           1         -102.1951   
       351:    528930.000000           1         -102.2012   
       352:    528960.000000           1         -102.2034   
       353:    528990.000000           1         -102.2018   
       354:    529020.000000           1         -102.1976   
       355:    529050.000000           1         -102.2034   
       356:    529080.000000           1         -102.2001   
       357:    529110.000000           1         -102.2109   
       358:    529140.000000           1         -102.2223   
       359:    529170.000000           1         -102.2270   
       360:    529200.000000           1         -102.2277   
       361:    529230.000000           1         -102.2270   
       362:    529260.000000           1         -102.2297   
       363:    529290.000000           1         -102.2303   
       364:    529320.000000           1         -102.2446   
       365:    529350.000000           1         -102.2461   
       366:    529380.000000           1         -102.2453   
       367:    529410.000000           1         -102.2455   
       368:    529440.000000           1         -102.2490   
       369:    529470.000000           1         -102.2368   
       370:    529500.000000           1         -102.2391   
       371:    529530.000000           1         -102.2396   
       372:    529560.000000           1         -102.2225   
       373:    529590.000000           1         -102.2361   
       374:    529620.000000           1         -102.2396   
       375:    529650.000000           1         -102.2558   
       376:    529680.000000           1          203.5042   
       377:    529710.000000           1         -101.4473   
       378:    529740.000000           1         -101.5683   
       379:    529770.000000           1         -101.6065   
       380:    529800.000000           1         -101.6922   
       381:    529830.000000           1         -101.7790   
       382:    529860.000000           1         -101.8956   
       383:    529890.000000           1         -102.0013   
       384:    529920.000000           1         -102.0154   
       385:    529950.000000           1         -102.0595   
       386:    529980.000000           1         -102.0744   
       387:    530010.000000           1         -102.0711   
       388:    530040.000000           1          203.3218   
       389:    530070.000000           1         -102.2208   
       390:    530100.000000           1         -102.2630   
       391:    530130.000000           1         -102.2224   
       392:    530160.000000           1         -102.2531   
       393:    530190.000000           1         -102.3221   
       394:    530220.000000           1          203.2127   
       395:    530250.000000           1         -102.1732   
       396:    530280.000000           1         -101.9414   
       397:    530310.000000           1         -101.8676   
       398:    530340.000000           1         -101.8939   
       399:    530370.000000           1         -101.9239   
       400:    530400.000000           1         -101.9612   
       401:    530430.000000           1         -101.9761   
       402:    530460.000000           1         -101.9950   
       403:    530490.000000           1         -102.0252   
       404:    530520.000000           1         -102.0539   
       405:    530550.000000           1         -102.0848   
       406:    530580.000000           1         -102.0858   
       407:    530610.000000           1         -102.0807   
       408:    530640.000000           1         -102.0891   
       409:    530670.000000           1         -102.0843   
       410:    530700.000000           1         -102.3628   
       411:    530730.000000           1         -102.0604   
       412:    530760.000000           1         -101.8281   
       413:    530790.000000           1         -102.3091   
       414:    530820.000000           1         -102.5863   
       415:    530850.000000           1         -102.5605   
       416:    530880.000000           1         -102.5285   
       417:    530910.000000           1         -102.5195   
       418:    530940.000000           1         -102.5193   
       419:    530970.000000           1         -102.4703   
       420:    531000.000000           1         -102.4146   
       421:    531030.000000           1         -102.3945   
       422:    531060.000000           1         -102.4047   
       423:    531090.000000           1         -102.4262   
       424:    531120.000000           1         -102.4333   
       425:    531150.000000           1         -102.3872   
       426:    531180.000000           1          203.1159   
       427:    531210.000000           1         -102.2765   
       428:    531240.000000           1         -102.3315   
       429:    531270.000000           1         -102.4094   
       430:    531300.000000           1         -102.4969   
       431:    531330.000000           1         -102.5347   
       432:    531360.000000           1         -102.5675   
       433:    531390.000000           1         -102.5895   
       434:    531420.000000           1         -102.6215   
       435:    531450.000000           1         -102.6609   
       436:    531480.000000           1         -102.7120   
       437:    531510.000000           1          203.4115   
       438:    531540.000000           1         -103.0051   
       439:    531570.000000           1         -102.8956   
       440:    531600.000000           1          203.4578   
       441:    531630.000000           1          203.4790   
       442:    531660.000000           1          203.5046   
       443:    531690.000000           1          203.5217   
       444:    531720.000000           1          203.5579   
       445:    531750.000000           1          203.5851   
       446:    531780.000000           1          203.5756   
       447:    531810.000000           1          203.5670   
       448:    531840.000000           1          203.5881   
       449:    531870.000000           1          203.5983   
       450:    531900.000000           1          203.5947   
       451:    531930.000000           1          203.6083   
       452:    531960.000000           1          203.6207   
       453:    531990.000000           1          203.6371   
       454:    532020.000000           1          203.6599   
       455:    532050.000000           1          203.6653   
       456:    532080.000000           1          203.6630   
       457:    532110.000000           1          203.6699   
       458:    532140.000000           1          203.6698   
       459:    532170.000000           1          203.6727   
       460:    532200.000000           1          203.6692   
       461:    532230.000000           1          203.6664   
       462:    532260.000000           1          203.6595   
       463:    532290.000000           1          203.6547   
       464:    532320.000000           1          203.6499   
       465:    532350.000000           1          203.6495   
       466:    532380.000000           1          203.6540   
       467:    532410.000000           1          203.6625   
       468:    532440.000000           1          203.6650   
       469:    532470.000000           1          203.6600   
       470:    532500.000000           1          203.6554   
       471:    532530.000000           1          203.6450   
       472:    532560.000000           1          203.6400   
       473:    532590.000000           1          203.6264   
       474:    532620.000000           1          203.6338   
       475:    532650.000000           1          203.6346   
      2267:    586410.000000           1          134.1524   
      2268:    586440.000000           1          134.1643   
      2269:    586470.000000           1          134.1786   
      2270:    586500.000000           1         -110.8247   
      2271:    586530.000000           1        -1021.3037   
      2272:    586560.000000           1        -1021.3132   
      2273:    586590.000000           1        -1021.3159   
      2274:    586620.000000           1        -1021.3194   
      2275:    586650.000000           1        -1021.3365   
      2276:    586680.000000           1        -1021.3428   
      2277:    586710.000000           1          116.2686   
      2278:    586740.000000           1          116.3072   
      2279:    586770.000000           1          116.3300   
      2280:    586800.000000           1        -1021.3233   
      2281:    586830.000000           1          116.4150   
      2282:    586860.000000           1          116.4485   
      2283:    586890.000000           1         -155.4871   
      2284:    586920.000000           1         -155.4750   
      2285:    586950.000000           1        -1021.3547   
      2286:    586980.000000           1         -155.4283   
      2287:    587010.000000           1         -155.4172   
      2288:    587040.000000           1          191.9478   
      2289:    587070.000000           1          191.9605   
      2290:    587100.000000           1         -155.3603   
      2291:    587130.000000           1          118.7252   
      2292:    587160.000000           1          118.7344   
      2293:    587190.000000           1          192.0413   
      2294:    587220.000000           1          118.7853   
      2295:    587250.000000           1          192.0871   
      2296:    587280.000000           1          118.8536   
      2297:    587310.000000           1          118.8673   
      2298:    587340.000000           1          118.8772   
      2299:    587370.000000           1          118.8888   
      2300:    587400.000000           1          192.1684   
      2301:    587430.000000           1         -155.1596   
      2302:    587460.000000           1          118.9492   
      2303:    587490.000000           1          118.9542   
      2304:    587520.000000           1          118.9594   
      2305:    587550.000000           1          118.9665   
      2306:    587580.000000           1          192.2775   
      2307:    587610.000000           1          192.3014   
      2308:    587640.000000           1          119.0414   
      2309:    587670.000000           1          119.0534   
      2310:    587700.000000           1          119.0642   
      2311:    587730.000000           1          119.0742   
      2312:    587760.000000           1          119.0874   
      2313:    587790.000000           1          192.3966   
      2314:    587820.000000           1          119.1511   
      2315:    587850.000000           1          119.1697   
      2316:    587880.000000           1          192.4415   
      2317:    587910.000000           1          192.4556   
      2318:    587940.000000           1          192.4687   
      2319:    587970.000000           1         -154.8708   
      2320:    588000.000000           1          192.5142   
      2321:    588030.000000           1          192.5259   
      2322:    588060.000000           1         -154.8134   
      2323:    588090.000000           1        -1020.4961   
      2324:    588120.000000           1        -1020.4604   
      2325:    588150.000000           1         -154.7477   
      2326:    588180.000000           1         -154.7373   
      2327:    588210.000000           1         -154.7281   
      2328:    588240.000000           1         -154.7164   
      2329:    588270.000000           1         -154.6957   
      2330:    588300.000000           1         -154.6748   
      2331:    588330.000000           1         -154.6652   
      2332:    588360.000000           1         -154.6549   
      2333:    588390.000000           1         -154.6445   
      2334:    588420.000000           1         -154.6335   
      2335:    588450.000000           1        -1020.4386   
      2336:    588480.000000           1         -154.5921   
      2337:    588510.000000           1         -154.5807   
      2338:    588540.000000           1        -1020.2070   
      2339:    588570.000000           1        -1020.2249   
      2340:    588600.000000           1         -154.5499   
      2341:    588630.000000           1         -154.5394   
      2342:    588660.000000           1        -1020.1551   
      2343:    588690.000000           1        -1020.1147   
      2344:    588720.000000           1        -1020.1034   
      2345:    588750.000000           1        -1020.0852   
      2346:    588780.000000           1         -154.4785   
      2347:    588810.000000           1         -154.4683   
      2348:    588840.000000           1         -154.4577   
      2349:    588870.000000           1          192.9283   
      2350:    588900.000000           1          192.9395   
      2351:    588930.000000           1         -154.4170   
      2352:    588960.000000           1          192.9757   
      2353:    588990.000000           1          192.9864   
      2354:    589020.000000           1         -154.3714   
      2355:    589050.000000           1          193.0235   
      2356:    589080.000000           1         -154.3331   
      2357:    589110.000000           1         -154.3141   
      2358:    589140.000000           1          193.0768   
      2359:    589170.000000           1          193.0849   
      2360:    589200.000000           1          193.1015   
      2361:    589230.000000           1         -154.2578   
      2362:    589260.000000           1         -154.2410   
      2363:    589290.000000           1          193.1522   
      2364:    589320.000000           1          193.1607   
      2365:    589350.000000           1          193.1692   
      2366:    589380.000000           1          193.1773   
      2367:    589410.000000           1          193.1860   
      2368:    589440.000000           1          193.1947   
      2369:    589470.000000           1          193.2031   
      2370:    589500.000000           1          193.2197   
      2371:    589530.000000           1         -154.1386   
      2372:    589560.000000           1          119.9553   
      2373:    589590.000000           1          119.9591   
      2374:    589620.000000           1          119.9623   
      2375:    589650.000000           1          193.2823   
      2376:    589680.000000           1          119.9663   
      2377:    589710.000000           1          119.9676   
      2378:    589740.000000           1          119.9688   
      2379:    589770.000000           1            8.1537   
      2380:    589800.000000           1          193.3395   
      2381:    589830.000000           1            8.1946   
      2382:    589860.000000           1          120.0285   
      2383:    589890.000000           1            8.1659   
      2384:    589920.000000           1          120.0461   
      2385:    589950.000000           1            8.1075   
      2386:    589980.000000           1          193.4015   
      2387:    590010.000000           1          120.0982   
      2388:    590040.000000           1          120.1077   
      2389:    590070.000000           1          120.1163   
      2390:    590100.000000           1          193.4454   
      2391:    590130.000000           1          120.1605   
      2392:    590160.000000           1          120.1704   
      2393:    590190.000000           1            8.2579   
      2394:    590220.000000           1            8.2556   
      2395:    590250.000000           1          120.1977   
      2396:    590280.000000           1            8.1808   
      2397:    590310.000000           1            8.1025   
      2398:    590340.000000           1          120.2551   
      2399:    590370.000000           1            8.0659   
      2400:    590400.000000           1            8.0742   
      2401:    590430.000000           1          120.3033   
      2402:    590460.000000           1            8.0726   
      2403:    590490.000000           1          120.3499   
      2404:    590520.000000           1            8.0087   
      2405:    590550.000000           1            7.9950   
      2406:    590580.000000           1            7.9927   
      2407:    590610.000000           1            7.9754   
      2408:    590640.000000           1          120.4423   
      2409:    590670.000000           1          120.4597   
      2410:    590700.000000           1            8.0187   
      2411:    590730.000000           1          120.4921   
      2412:    590760.000000           1            8.0865   
      2413:    590790.000000           1            8.0903   
      2414:    590820.000000           1          120.5225   
      2415:    590850.000000           1            8.2055   
      2416:    590880.000000           1          120.5445   
      2417:    590910.000000           1            8.2845   
      2418:    590940.000000           1            8.3025   
      2419:    590970.000000           1            8.3155   
      2420:    591000.000000           1            8.3257   
      2421:    591030.000000           1            8.3324   
      2422:    591060.000000           1          120.5942   
      2423:    591090.000000           1            8.4211   
      2424:    591120.000000           1          120.6253   
      2425:    591150.000000           1          193.7848   
      2426:    591180.000000           1          193.7893   
      2427:    591210.000000           1          193.7934   
      2428:    591240.000000           1          193.7980   
      2429:    591270.000000           1          193.8031   
      2430:    591300.000000           1          193.8076   
      2431:    591330.000000           1          193.8112   
      2432:    591360.000000           1          193.8147   
      2433:    591390.000000           1          193.8194   
      2434:    591420.000000           1          193.8240   
      2435:    591450.000000           1          193.8278   
      2436:    591480.000000           1          193.8331   
      2437:    591510.000000           1          193.8437   
      2438:    591540.000000           1          193.8481   
      2439:    591570.000000           1          193.8527   
      2440:    591600.000000           1          193.8564   
      2441:    591630.000000           1          193.8601   
      2442:    591660.000000           1          193.8629   
      2443:    591690.000000           1          193.8653   
      2444:    591720.000000           1          193.8689   
      2445:    591750.000000           1         -107.8206   
      2446:    591780.000000           1          193.8895   
      2447:    591810.000000           1          193.8938   
      2448:    591840.000000           1          193.8966   
      2449:    591870.000000           1          193.8993   
      2450:    591900.000000           1          193.9039   
      2451:    591930.000000           1          193.9063   
      2452:    591960.000000           1          120.8041   
      2453:    591990.000000           1          120.8060   
      2454:    592020.000000           1          120.8082   
      2455:    592050.000000           1          120.8098   
      2456:    592080.000000           1          120.8121   
      2457:    592110.000000           1          120.8140   
      2458:    592140.000000           1          120.8178   
      2459:    592170.000000           1          120.8205   
      2460:    592200.000000           1          120.8246   
      2461:    592230.000000           1          120.8277   
      2462:    592260.000000           1          120.8331   
      2463:    592290.000000           1          120.8372   
      2464:    592320.000000           1          120.8391   
      2465:    592350.000000           1          120.8373   
      2466:    592380.000000           1          193.9394   
      2467:    592410.000000           1          193.9408   
      2468:    592440.000000           1          193.9429   
      2469:    592470.000000           1          193.9451   
      2470:    592500.000000           1          193.9469   
      2471:    592530.000000           1          136.4168   
      2472:    592560.000000           1          193.9551   
      2473:    592590.000000           1          120.8698   
      2474:    592620.000000           1          120.8748   
      2475:    592650.000000           1          120.8809   
      2476:    592680.000000           1            8.7092   
      2477:    592710.000000           1            8.7094   
      2478:    592740.000000           1            8.7091   
      2479:    592770.000000           1            8.7069   
      2480:    592800.000000           1            8.7078   
      2481:    592830.000000           1            8.7023   
      2482:    592860.000000           1            8.6861   
      2483:    592890.000000           1          465.5656   
      2484:    592920.000000           1          465.5692   
      2485:    592950.000000           1          465.5739   
      2486:    592980.000000           1          465.5750   
      2487:    593010.000000           1          465.5759   
      2488:    593040.000000           1          465.5756   
      2489:    593070.000000           1          465.5737   
      2490:    593100.000000           1          465.5722   
      2491:    593130.000000           1          465.5685   
      2492:    593160.000000           1          465.5662   
      2493:    593190.000000           1          465.5646   
      2494:    593220.000000           1          465.5651   
      2495:    593250.000000           1          465.5627   
      2496:    593280.000000           1          465.5630   
      2497:    593310.000000           1          465.5629   
      2498:    593340.000000           1          465.5636   
      2499:    593370.000000           1          465.5661   
      2500:    593400.000000           1            8.5023   
      2501:    593430.000000           1          465.5698   
      2502:    593460.000000           1          465.5687   
      2503:    593490.000000           1          465.5673   
      2504:    593520.000000           1          465.5661   
      2505:    593550.000000           1          465.5648   
      2506:    593580.000000           1          465.5656   
      2507:    593610.000000           1          465.5663   
      2508:    593640.000000           1          465.5675   
      2509:    593670.000000           1          465.5672   
      2510:    593700.000000           1          465.5675   
      2511:    593730.000000           1          465.5647   
      2512:    593760.000000           1          465.5632   
      2513:    593790.000000           1          465.5613   
      2514:    593820.000000           1          465.5614   
      2515:    593850.000000           1          465.5621   
      2516:    593880.000000           1          465.5621   
      2517:    593910.000000           1            8.4740   
      2518:    593940.000000           1          465.5658   
      2519:    593970.000000           1          465.5653   
      2520:    594000.000000           1          465.5635   
      2521:    594030.000000           1          465.5606   
      2522:    594060.000000           1          465.5583   
      2523:    594090.000000           1          465.5568   
      2524:    594120.000000           1          465.5548   
      2525:    594150.000000           1          465.5547   
      2526:    594180.000000           1          465.5546   
      2527:    594210.000000           1          465.5537   
      2528:    594240.000000           1          465.5529   
      2529:    594270.000000           1          465.5551   
      2530:    594300.000000           1          465.5536   
      2531:    594330.000000           1          465.5538   
      2532:    594360.000000           1          465.5543   
      2533:    594390.000000           1          465.5524   
      2534:    594420.000000           1          465.5522   
      2535:    594450.000000           1          465.5533   
      2536:    594480.000000           1          465.5515   
      2537:    594510.000000           1          465.5487   
      2538:    594540.000000           1          465.5461   
      2539:    594570.000000           1          465.5444   
      2540:    594600.000000           1            8.5703   
      2541:    594630.000000           1            8.5680   
      2542:    594660.000000           1          121.0467   
      2543:    594690.000000           1            8.5711   
      2544:    594720.000000           1            8.5726   
      2545:    594750.000000           1            8.5727   
      2546:    594780.000000           1            8.5729   
      2547:    594810.000000           1            8.5729   
      2548:    594840.000000           1            8.5722   
      2549:    594870.000000           1          136.4025   
      2550:    594900.000000           1          121.0373   
      2551:    594930.000000           1          121.0379   
      2552:    594960.000000           1          121.0388   
      2553:    594990.000000           1          121.0394   
      2554:    595020.000000           1          121.0399   
      2555:    595050.000000           1          121.0404   
      2556:    595080.000000           1          121.0409   
      2557:    595110.000000           1          121.0407   
      2558:    595140.000000           1          121.0404   
      2559:    595170.000000           1          121.0397   
      2560:    595200.000000           1          121.0389   
      2561:    595230.000000           1          121.0353   
      2562:    595260.000000           1          121.0316   
      2563:    595290.000000           1          121.0270   
      2564:    595320.000000           1          121.0227   
      2565:    595350.000000           1          121.0196   
      2566:    595380.000000           1          121.0173   
      2567:    595410.000000           1          121.0139   
      2568:    595440.000000           1          121.0088   
      2569:    595470.000000           1          121.0063   
      2570:    595500.000000           1          121.0038   
      2571:    595530.000000           1          121.0016   
      2572:    595560.000000           1          120.9995   
      2573:    595590.000000           1          120.9940   
      2574:    595620.000000           1            8.5849   
      2575:    595650.000000           1          120.9850   
      2576:    595680.000000           1            8.5682   
      2577:    595710.000000           1          136.3162   
      2578:    595740.000000           1          120.9793   
      2579:    595770.000000           1         -107.6499   
      2580:    595800.000000           1          120.9710   
      2581:    595830.000000           1          120.9691   
      2582:    595860.000000           1            8.5265   
      2583:    595890.000000           1          120.9675   
      2584:    595920.000000           1          120.9655   
      2585:    595950.000000           1          120.9637   
      2586:    595980.000000           1          120.9639   
      2587:    596010.000000           1          120.9628   
      2588:    596040.000000           1            8.4915   
      2589:    596070.000000           1            8.4907   
      2590:    596100.000000           1          120.9528   
      2591:    596130.000000           1            8.4800   
      2592:    596160.000000           1            8.4780   
      2593:    596190.000000           1            8.4735   
      2594:    596220.000000           1            8.4721   
      2595:    596250.000000           1          120.9222   
      2596:    596280.000000           1          136.2355   
      2597:    596310.000000           1          120.9083   
      2598:    596340.000000           1          120.9062   
      2599:    596370.000000           1          120.9033   
      2600:    596400.000000           1          120.8999   
      2601:    596430.000000           1          120.8971   
      2602:    596460.000000           1          136.2137   
      2603:    596490.000000           1          136.2095   
      2604:    596520.000000           1         -107.7357   
      2605:    596550.000000           1          136.1959   
      2606:    596580.000000           1          136.1921   
      2607:    596610.000000           1          136.1888   
      2608:    596640.000000           1          136.1854   
      2609:    596670.000000           1          136.1818   
      2610:    596700.000000           1          136.1786   
      2611:    596730.000000           1          136.1750   
      2612:    596760.000000           1          136.1712   
      2613:    596790.000000           1          136.1667   
      2614:    596820.000000           1          136.1634   
      2615:    596850.000000           1          136.1593   
      2616:    596880.000000           1          136.1546   
      2617:    596910.000000           1          136.1507   
      2618:    596940.000000           1          136.1479   
      2619:    596970.000000           1         -107.7922   
      2620:    597000.000000           1          120.8440   
      2621:    597030.000000           1          120.8399   
      2622:    597060.000000           1          120.8328   
      2623:    597090.000000           1          120.8298   
      2624:    597120.000000           1          120.8258   
      2625:    597150.000000           1          120.8232   
      2626:    597180.000000           1          120.8197   
      2627:    597210.000000           1          120.8163   
      2628:    597240.000000           1          120.8130   
      2629:    597270.000000           1            8.3174   
      2630:    597300.000000           1            8.3124   
      2631:    597330.000000           1            8.3090   
      2632:    597360.000000           1            8.3048   
      2633:    597390.000000           1            8.3005   
      2634:    597420.000000           1            8.2965   
      2635:    597450.000000           1            8.2923   
      2636:    597480.000000           1            8.2870   
      2637:    597510.000000           1            8.2827   
      2638:    597540.000000           1            8.2773   
      2639:    597570.000000           1            8.2729   
      2640:    597600.000000           1          120.7695   
      2641:    597630.000000           1            8.2532   
      2642:    597660.000000           1            8.2457   
      2643:    597690.000000           1            8.2387   
      2644:    597720.000000           1          120.7471   
      2645:    597750.000000           1            8.2177   
      2646:    597780.000000           1            8.2142   
      2647:    597810.000000           1            8.2103   
      2648:    597840.000000           1            8.2063   
      2649:    597870.000000           1            8.2030   
      2650:    597900.000000           1            8.1988   
      2651:    597930.000000           1            8.1937   
      2652:    597960.000000           1            8.1870   
      2653:    597990.000000           1            8.1822   
      2654:    598020.000000           1            8.1776   
      2655:    598050.000000           1            8.1730   
      2656:    598080.000000           1            8.1681   
      2657:    598110.000000           1            8.1615   
      2658:    598140.000000           1          464.9642   
      2659:    598170.000000           1          464.9581   
      2660:    598200.000000           1          464.9546   
      2661:    598230.000000           1          464.9492   
      2662:    598260.000000           1            8.1274   
      2663:    598290.000000           1            8.1228   
      2664:    598320.000000           1            8.1169   
      2665:    598350.000000           1            8.1112   
      2666:    598380.000000           1            8.1059   
      2667:    598410.000000           1            8.1012   
      2668:    598440.000000           1            8.0980   
      2669:    598470.000000           1            8.0936   
      2670:    598500.000000           1            8.0883   
      2671:    598530.000000           1            8.0848   
      2672:    598560.000000           1            8.0820   
      2673:    598590.000000           1            8.0793   
      2674:    598620.000000           1          120.5880   
      2675:    598650.000000           1            8.0658   
      2676:    598680.000000           1            8.0612   
      2677:    598710.000000           1            8.0568   
      2678:    598740.000000           1            8.0520   
      2679:    598770.000000           1            8.0475   
      2680:    598800.000000           1            8.0424   
      2681:    598830.000000           1            8.0382   
      2682:    598860.000000           1            8.0342   
      2683:    598890.000000           1            8.0308   
      2684:    598920.000000           1            8.0273   
      2685:    598950.000000           1            8.0221   
      2686:    598980.000000           1            8.0147   
      2687:    599010.000000           1            8.0092   
      2688:    599040.000000           1            8.0061   
      2689:    599070.000000           1            7.9966   
      2690:    599100.000000           1          464.7668   
      2691:    599130.000000           1          464.7610   
      2692:    599160.000000           1          464.7559   
      2693:    599190.000000           1          464.7497   
      2694:    599220.000000           1          464.7385   
      2695:    599250.000000           1          464.7281   
      2696:    599280.000000           1          464.7177   
      2697:    599310.000000           1          464.7069   
      2698:    599340.000000           1          464.7007   
      2699:    599370.000000           1          464.6947   
      2700:    599400.000000           1          464.6907   
      2701:    599430.000000           1            8.2695   
      2702:    599460.000000           1          464.6700   
      2703:    599490.000000           1          464.6638   
      2704:    599520.000000           1          464.6531   
      2705:    599550.000000           1          464.6448   
      2706:    599580.000000           1          464.6326   
      2707:    599610.000000           1          464.6205   
      2708:    599640.000000           1          464.6156   
      2709:    599670.000000           1          464.6104   
      2710:    599700.000000           1          464.6058   
      2711:    599730.000000           1          464.5999   
      2712:    599760.000000           1          464.5937   
      2713:    599790.000000           1          464.5857   
      2714:    599820.000000           1          464.5753   
      2715:    599850.000000           1          464.5705   
      2716:    599880.000000           1          464.5633   
      2717:    599910.000000           1          464.5571   
      2718:    599940.000000           1          464.5458   
      2719:    599970.000000           1          464.5311   
      2720:    600000.000000           1          120.3014   
      2721:    600030.000000           1            7.8883   
      2722:    600060.000000           1            7.9631   
      2723:    600090.000000           1            7.8731   
      2724:    600120.000000           1            7.7570   
      2725:    600150.000000           1            7.7971   
      2726:    600180.000000           1          464.4727   
      2727:    600210.000000           1            7.7988   
      2728:    600240.000000           1            7.7826   
      2729:    600270.000000           1            7.7759   
      2730:    600300.000000           1            7.7464   
