        71:    520530.000000           1          243.1385   
        72:    520560.000000           1           68.8873   
        73:    520590.000000           1           68.8351   
        74:    520620.000000           1           68.8014   
        75:    520650.000000           1          -96.5349   
        76:    520680.000000           1           68.7918   
        77:    520710.000000           1           68.8138   
        78:    520740.000000           1           68.7670   
        79:    520770.000000           1           68.7895   
        80:    520800.000000           1           68.8155   
        81:    520830.000000           1           68.8575   
        82:    520860.000000           1          244.1652   
        83:    520890.000000           1           68.9208   
        84:    520920.000000           1           68.9362   
        85:    520950.000000           1           68.9183   
        86:    520980.000000           1           68.9742   
        87:    521010.000000           1           68.9744   
        88:    521040.000000           1           68.9829   
        89:    521070.000000           1           68.9942   
        90:    521100.000000           1          244.5929   
        91:    521130.000000           1           69.0564   
        92:    521160.000000           1          244.8055   
        93:    521190.000000           1           69.1368   
        94:    521220.000000           1           69.1683   
        95:    521250.000000           1           69.1832   
        96:    521280.000000           1           69.1836   
        97:    521310.000000           1           69.1724   
        98:    521340.000000           1          -93.2234   
        99:    521370.000000           1          -93.2001   
       100:    521400.000000           1          -93.1398   
       101:    521430.000000           1          -93.0619   
       102:    521460.000000           1           69.2817   
       103:    521490.000000           1          245.4894   
       104:    521520.000000           1           69.2810   
       105:    521550.000000           1           69.3009   
       106:    521580.000000           1           69.3015   
       107:    521610.000000           1          245.7426   
       108:    521640.000000           1           69.2575   
       109:    521670.000000           1           69.2987   
       110:    521700.000000           1           69.3005   
       111:    521730.000000           1           69.2726   
       112:    521760.000000           1           69.2694   
       113:    521790.000000           1          -91.6298   
       114:    521820.000000           1          -91.5663   
       115:    521850.000000           1          246.1156   
       116:    521880.000000           1          -91.3483   
       117:    521910.000000           1          -91.3215   
       118:    521940.000000           1           69.5583   
       119:    521970.000000           1          -91.0901   
       120:    522000.000000           1           69.6879   
       121:    522030.000000           1          -90.7866   
       122:    522060.000000           1          -90.6682   
       123:    522090.000000           1          -90.6367   
       124:    522120.000000           1          -90.5030   
       125:    522150.000000           1          -90.4545   
       126:    522180.000000           1           69.8914   
       127:    522210.000000           1           69.9304   
       128:    522240.000000           1           70.0483   
       129:    522270.000000           1          -89.9392   
       130:    522300.000000           1          -89.8958   
       131:    522330.000000           1           70.2089   
       132:    522360.000000           1          -89.6962   
       133:    522390.000000           1          -89.6228   
       134:    522420.000000           1          -89.6134   
       135:    522450.000000           1          -89.5788   
       136:    522480.000000           1           70.2587   
       137:    522510.000000           1           70.3151   
       138:    522540.000000           1          247.3808   
       139:    522570.000000           1          247.3976   
       140:    522600.000000           1           70.3781   
       141:    522630.000000           1           70.3813   
       142:    522660.000000           1           70.4369   
       143:    522690.000000           1           70.4834   
       144:    522720.000000           1           70.5508   
       145:    522750.000000           1           70.6050   
       146:    522780.000000           1           70.6273   
       147:    522810.000000           1           70.6275   
       148:    522840.000000           1           70.6508   
       149:    522870.000000           1           70.6752   
       150:    522900.000000           1           70.6472   
       151:    522930.000000           1           70.6290   
       152:    522960.000000           1           70.6338   
       153:    522990.000000           1           70.6222   
       154:    523020.000000           1           70.6170   
       155:    523050.000000           1           70.5956   
       156:    523080.000000           1           70.5752   
       157:    523110.000000           1           70.5380   
       158:    523140.000000           1           70.5099   
       159:    523170.000000           1           70.5378   
       160:    523200.000000           1          247.7311   
       161:    523230.000000           1           70.5297   
       162:    523260.000000           1          247.7636   
       163:    523290.000000           1           70.5806   
       164:    523320.000000           1           70.5889   
       165:    523350.000000           1           70.5929   
       166:    523380.000000           1           70.5948   
       167:    523410.000000           1          -88.2469   
       168:    523440.000000           1          -88.2361   
       169:    523470.000000           1           70.6216   
       170:    523500.000000           1           70.6174   
       171:    523530.000000           1          -88.1529   
       172:    523560.000000           1          -88.1159   
       173:    523590.000000           1          -88.0927   
       174:    523620.000000           1          -88.0659   
       175:    523650.000000           1          -88.0316   
       176:    523680.000000           1          -88.0096   
       177:    523710.000000           1           70.6941   
       178:    523740.000000           1           70.6886   
       179:    523770.000000           1           70.6722   
       180:    523800.000000           1           70.6619   
       181:    523830.000000           1           70.6605   
       182:    523860.000000           1           70.6661   
       183:    523890.000000           1           70.6620   
       184:    523920.000000           1           70.6634   
       185:    523950.000000           1           70.6704   
       186:    523980.000000           1           70.6804   
       187:    524010.000000           1           70.6740   
       188:    524040.000000           1           70.6895   
       189:    524070.000000           1           70.6941   
       190:    524100.000000           1           70.7090   
       191:    524130.000000           1           70.7119   
       192:    524160.000000           1          248.0587   
       193:    524190.000000           1          248.0679   
       194:    524220.000000           1          248.0807   
       195:    524250.000000           1          522.8032   
       196:    524280.000000           1          248.1497   
       197:    524310.000000           1          522.9098   
       198:    524340.000000           1          248.2436   
       199:    524370.000000           1          248.3026   
       200:    524400.000000           1           70.9070   
       201:    524430.000000           1           70.9309   
       202:    524460.000000           1           70.9364   
       203:    524490.000000           1           70.9226   
       204:    524520.000000           1           70.9177   
       205:    524550.000000           1           70.9340   
       206:    524580.000000           1           70.9484   
       207:    524610.000000           1           70.9567   
       208:    524640.000000           1           70.9896   
       209:    524670.000000           1           71.0443   
       210:    524700.000000           1          -86.7826   
       211:    524730.000000           1          -86.7499   
       212:    524760.000000           1          -86.7013   
       213:    524790.000000           1          -86.6460   
       214:    524820.000000           1          -86.6307   
       215:    524850.000000           1          -86.6176   
       216:    524880.000000           1           71.1662   
       217:    524910.000000           1          -86.5441   
       218:    524940.000000           1          -86.5153   
       219:    524970.000000           1          -86.4974   
       220:    525000.000000           1          -86.4797   
       221:    525030.000000           1          -86.4597   
       222:    525060.000000           1           80.7080   
       223:    525090.000000           1           80.7075   
       224:    525120.000000           1           80.7221   
       225:    525150.000000           1           80.7538   
       226:    525180.000000           1          -86.3625   
       227:    525210.000000           1           80.8258   
       228:    525240.000000           1           80.8802   
       229:    525270.000000           1           80.9284   
       230:    525300.000000           1           80.9560   
       231:    525330.000000           1           80.9664   
       232:    525360.000000           1           80.9944   
       233:    525390.000000           1          -86.2490   
       234:    525420.000000           1           81.0566   
       235:    525450.000000           1           81.0443   
       236:    525480.000000           1           81.1378   
       237:    525510.000000           1           81.1249   
       238:    525540.000000           1           81.1274   
       239:    525570.000000           1           81.1509   
       240:    525600.000000           1           81.1414   
       241:    525630.000000           1           81.1026   
       242:    525660.000000           1           81.1265   
       243:    525690.000000           1           81.1475   
       244:    525720.000000           1           81.1586   
       245:    525750.000000           1           81.1574   
       246:    525780.000000           1           81.1657   
       247:    525810.000000           1           81.1877   
       248:    525840.000000           1           81.1853   
       249:    525870.000000           1           81.1681   
       250:    525900.000000           1           81.1710   
       251:    525930.000000           1           81.1769   
       252:    525960.000000           1           81.2065   
       253:    525990.000000           1           81.2227   
       254:    526020.000000           1           81.2309   
       255:    526050.000000           1           81.2420   
       256:    526080.000000           1           81.2645   
       257:    526110.000000           1           81.2667   
       258:    526140.000000           1           81.2656   
       259:    526170.000000           1           81.2588   
       260:    526200.000000           1           81.2656   
       261:    526230.000000           1           81.2755   
       262:    526260.000000           1           81.2806   
       263:    526290.000000           1           81.2822   
       264:    526320.000000           1           81.2792   
       265:    526350.000000           1           81.2773   
       266:    526380.000000           1           81.2753   
       267:    526410.000000           1           81.2797   
       268:    526440.000000           1          -86.0188   
       269:    526470.000000           1           81.2773   
       270:    526500.000000           1           81.2654   
       271:    526530.000000           1           81.2327   
       272:    526560.000000           1           81.1934   
       273:    526590.000000           1           81.1903   
       274:    526620.000000           1           81.1889   
       275:    526650.000000           1           81.1848   
       276:    526680.000000           1           81.1825   
       277:    526710.000000           1          -86.1549   
       278:    526740.000000           1           81.1482   
       279:    526770.000000           1           81.1485   
       280:    526800.000000           1           81.1508   
       281:    526830.000000           1           81.1472   
       282:    526860.000000           1          -86.2035   
       283:    526890.000000           1           81.1326   
       284:    526920.000000           1           81.1235   
       285:    526950.000000           1           81.1071   
       286:    526980.000000           1          -86.2785   
       287:    527010.000000           1          -86.2827   
       288:    527040.000000           1          -86.2886   
       289:    527070.000000           1           70.8991   
       290:    527100.000000           1           70.8970   
       291:    527130.000000           1           70.8856   
       292:    527160.000000           1           70.8811   
       293:    527190.000000           1           70.8772   
       294:    527220.000000           1          248.4029   
       295:    527250.000000           1           70.8441   
       296:    527280.000000           1           70.8419   
       297:    527310.000000           1           70.8395   
       298:    527340.000000           1           70.8377   
       299:    527370.000000           1           70.8412   
       300:    527400.000000           1           70.8445   
       301:    527430.000000           1           70.8409   
       302:    527460.000000           1           70.8294   
       303:    527490.000000           1          248.3866   
       304:    527520.000000           1          248.3815   
       305:    527550.000000           1          523.8411   
       306:    527580.000000           1          523.8438   
       307:    527610.000000           1          523.8444   
       308:    527640.000000           1          523.8494   
       309:    527670.000000           1          523.8577   
       310:    527700.000000           1          248.3782   
       311:    527730.000000           1          248.3812   
       312:    527760.000000           1          523.8490   
       313:    527790.000000           1           70.7866   
       314:    527820.000000           1          248.3501   
       315:    527850.000000           1          248.3470   
       316:    527880.000000           1          248.3165   
       317:    527910.000000           1          248.2928   
       318:    527940.000000           1          248.2761   
       319:    527970.000000           1          248.2727   
       320:    528000.000000           1          248.2753   
       321:    528030.000000           1          248.2566   
       322:    528060.000000           1          248.2590   
       323:    528090.000000           1          248.2578   
       324:    528120.000000           1          248.2632   
       325:    528150.000000           1          248.2613   
       326:    528180.000000           1           70.6985   
       327:    528210.000000           1          248.2629   
       328:    528240.000000           1          248.2590   
       329:    528270.000000           1          248.2551   
       330:    528300.000000           1          248.2454   
       331:    528330.000000           1          248.2461   
       332:    528360.000000           1          248.2303   
       333:    528390.000000           1          248.2223   
       334:    528420.000000           1          248.2113   
       335:    528450.000000           1          248.1925   
       336:    528480.000000           1          248.1791   
       337:    528510.000000           1          248.1625   
       338:    528540.000000           1          248.1515   
       339:    528570.000000           1          248.1349   
       340:    528600.000000           1          248.1179   
       341:    528630.000000           1          248.1194   
       342:    528660.000000           1           70.5619   
       343:    528690.000000           1           70.5567   
       344:    528720.000000           1           70.5542   
       345:    528750.000000           1           70.5450   
       346:    528780.000000           1          -86.4566   
       347:    528810.000000           1           70.5097   
       348:    528840.000000           1          -86.4922   
       349:    528870.000000           1          -86.4991   
       350:    528900.000000           1          -86.4981   
       351:    528930.000000           1          -86.5030   
       352:    528960.000000           1           70.4555   
       353:    528990.000000           1           70.4517   
       354:    529020.000000           1           70.4540   
       355:    529050.000000           1           70.4465   
       356:    529080.000000           1           70.4500   
       357:    529110.000000           1          247.9986   
       358:    529140.000000           1           70.4296   
       359:    529170.000000           1           70.4242   
       360:    529200.000000           1          -86.5175   
       361:    529230.000000           1           70.4223   
       362:    529260.000000           1           70.4188   
       363:    529290.000000           1           70.4168   
       364:    529320.000000           1           70.3995   
       365:    529350.000000           1           70.3946   
       366:    529380.000000           1           70.3920   
       367:    529410.000000           1           70.3898   
       368:    529440.000000           1           70.3868   
       369:    529470.000000           1          -86.5296   
       370:    529500.000000           1          -86.5302   
       371:    529530.000000           1           70.3942   
       372:    529560.000000           1          -86.5103   
       373:    529590.000000           1          -86.5218   
       374:    529620.000000           1          -86.5235   
       375:    529650.000000           1          -86.5363   
       376:    529680.000000           1           70.3623   
       377:    529710.000000           1           70.3511   
       378:    529740.000000           1          -86.5450   
       379:    529770.000000           1          -86.5532   
       380:    529800.000000           1          -86.5508   
       381:    529830.000000           1           70.3315   
       382:    529860.000000           1          247.8230   
       383:    529890.000000           1           70.2874   
       384:    529920.000000           1          247.8198   
       385:    529950.000000           1           70.2473   
       386:    529980.000000           1          247.8582   
       387:    530010.000000           1           70.2235   
       388:    530040.000000           1          247.8603   
       389:    530070.000000           1           70.1826   
       390:    530100.000000           1           70.1715   
       391:    530130.000000           1          -86.7122   
       392:    530160.000000           1           70.1560   
       393:    530190.000000           1          -86.7411   
       394:    530220.000000           1           70.1453   
       395:    530250.000000           1          -86.7284   
       396:    530280.000000           1           70.1454   
       397:    530310.000000           1          -86.7407   
       398:    530340.000000           1          -86.7455   
       399:    530370.000000           1          -86.7514   
       400:    530400.000000           1          -86.7543   
       401:    530430.000000           1          -86.7599   
       402:    530460.000000           1          -86.7608   
       403:    530490.000000           1          -86.7661   
       404:    530520.000000           1          -86.7744   
       405:    530550.000000           1          -86.7939   
       406:    530580.000000           1          -86.7980   
       407:    530610.000000           1          -86.8019   
       408:    530640.000000           1           70.0545   
       409:    530670.000000           1          -86.8224   
       410:    530700.000000           1          -86.8609   
       411:    530730.000000           1          -86.7606   
       412:    530760.000000           1          -86.6343   
       413:    530790.000000           1          -86.8295   
       414:    530820.000000           1           80.1797   
       415:    530850.000000           1           80.1704   
       416:    530880.000000           1           80.2192   
       417:    530910.000000           1           80.1873   
       418:    530940.000000           1           80.2580   
       419:    530970.000000           1          -87.0444   
       420:    531000.000000           1           80.1401   
       421:    531030.000000           1           80.1402   
       422:    531060.000000           1           80.1739   
       423:    531090.000000           1           80.2065   
       424:    531120.000000           1           70.0456   
       425:    531150.000000           1           80.2572   
       426:    531180.000000           1          -86.9060   
       427:    531210.000000           1           80.3915   
       428:    531240.000000           1          -86.8371   
       429:    531270.000000           1          -86.8010   
       430:    531300.000000           1           80.5925   
       431:    531330.000000           1           80.6158   
       432:    531360.000000           1           80.6343   
       433:    531390.000000           1           80.6393   
       434:    531420.000000           1           80.6361   
       435:    531450.000000           1           80.6472   
       436:    531480.000000           1           80.6680   
       437:    531510.000000           1          -86.7004   
       438:    531540.000000           1           80.6930   
       439:    531570.000000           1           80.7051   
       440:    531600.000000           1          -86.6682   
       441:    531630.000000           1          -86.6515   
       442:    531660.000000           1          -86.6300   
       443:    531690.000000           1          -86.6152   
       444:    531720.000000           1           70.2187   
       445:    531750.000000           1          -86.5761   
       446:    531780.000000           1          -86.5755   
       447:    531810.000000           1           70.2306   
       448:    531840.000000           1          -86.5671   
       449:    531870.000000           1          -86.5565   
       450:    531900.000000           1          -86.5552   
       451:    531930.000000           1          -86.5441   
       452:    531960.000000           1          -86.5431   
       453:    531990.000000           1           70.2686   
       454:    532020.000000           1          -86.5348   
       455:    532050.000000           1          -86.5362   
       456:    532080.000000           1          -86.5402   
       457:    532110.000000           1           70.2699   
       458:    532140.000000           1          -86.5317   
       459:    532170.000000           1          -86.5228   
       460:    532200.000000           1          -86.5226   
       461:    532230.000000           1          -86.5229   
       462:    532260.000000           1          -86.5257   
       463:    532290.000000           1          -86.5214   
       464:    532320.000000           1          -86.5161   
       465:    532350.000000           1          -86.5142   
       466:    532380.000000           1           70.3084   
       467:    532410.000000           1          -86.4883   
       468:    532440.000000           1          -86.4757   
       469:    532470.000000           1          -86.4708   
       470:    532500.000000           1           70.3473   
       471:    532530.000000           1          -86.4763   
       472:    532560.000000           1          -86.4734   
       473:    532590.000000           1           70.3496   
       474:    532620.000000           1          -86.4624   
       475:    532650.000000           1          -86.4610   
       476:    532680.000000           1           80.9584   
       477:    532710.000000           1           80.9577   
       478:    532740.000000           1           80.9564   
       479:    532770.000000           1           80.9584   
       480:    532800.000000           1           80.9624   
       481:    532830.000000           1          -86.4615   
       482:    532860.000000           1          -86.4556   
       483:    532890.000000           1          -86.4567   
       484:    532920.000000           1          -86.4551   
       485:    532950.000000           1          -86.4595   
       486:    532980.000000           1          -86.4689   
       487:    533010.000000           1          -86.4658   
       488:    533040.000000           1          -86.4678   
       489:    533070.000000           1           70.3758   
       490:    533100.000000           1          -86.4595   
       491:    533130.000000           1          -86.4569   
       492:    533160.000000           1          -86.4534   
       493:    533190.000000           1          -86.4573   
       494:    533220.000000           1          -86.4560   
       495:    533250.000000           1           70.3831   
       496:    533280.000000           1          -86.4589   
       497:    533310.000000           1           70.3830   
       498:    533340.000000           1          -86.4486   
       499:    533370.000000           1           70.3819   
       500:    533400.000000           1          -86.4518   
       501:    533430.000000           1          -86.4503   
       502:    533460.000000           1          -86.4407   
       503:    533490.000000           1           70.3954   
       504:    533520.000000           1           70.4013   
       505:    533550.000000           1           70.4031   
       506:    533580.000000           1           70.4043   
       507:    533610.000000           1          -86.4300   
       508:    533640.000000           1           70.4043   
       509:    533670.000000           1           70.4102   
       510:    533700.000000           1           70.4089   
       511:    533730.000000           1           70.4117   
       512:    533760.000000           1           70.4153   
       513:    533790.000000           1           70.4178   
       514:    533820.000000           1           70.4197   
       515:    533850.000000           1           70.4236   
       516:    533880.000000           1           70.4276   
       517:    533910.000000           1            1.7351   
       518:    533940.000000           1            1.7179   
       519:    533970.000000           1            1.7103   
       520:    534000.000000           1            1.7155   
       521:    534030.000000           1            1.7135   
       522:    534060.000000           1            1.7073   
       523:    534090.000000           1            1.7085   
       524:    534120.000000           1           70.4752   
       525:    534150.000000           1           70.4753   
       526:    534180.000000           1           70.4743   
       527:    534210.000000           1           70.4735   
       528:    534240.000000           1           70.4770   
       529:    534270.000000           1           70.4818   
       530:    534300.000000           1           70.4839   
       531:    534330.000000           1           70.4928   
       532:    534360.000000           1           70.4971   
       533:    534390.000000           1           70.5015   
       534:    534420.000000           1          -86.3448   
       535:    534450.000000           1          -86.3398   
       536:    534480.000000           1          -86.3337   
       537:    534510.000000           1          -86.3300   
       538:    534540.000000           1           70.5058   
       539:    534570.000000           1           70.5077   
       540:    534600.000000           1           70.5090   
       541:    534630.000000           1           70.5127   
       542:    534660.000000           1           70.5160   
       543:    534690.000000           1           70.5139   
       544:    534720.000000           1           70.5157   
       545:    534750.000000           1           70.5195   
       546:    534780.000000           1           70.5240   
       547:    534810.000000           1           70.5287   
       548:    534840.000000           1           70.5291   
       549:    534870.000000           1           70.5354   
       550:    534900.000000           1           70.5339   
       551:    534930.000000           1           70.5358   
       552:    534960.000000           1           70.5439   
       553:    534990.000000           1           70.5496   
       554:    535020.000000           1            1.7399   
       555:    535050.000000           1           70.5788   
       556:    535080.000000           1           70.5891   
       557:    535110.000000           1           70.5959   
       558:    535140.000000           1           70.5995   
       559:    535170.000000           1           70.6091   
       560:    535200.000000           1           81.1818   
       561:    535230.000000           1           70.6017   
       562:    535260.000000           1          -86.2511   
       563:    535290.000000           1          -86.2518   
       564:    535320.000000           1          -86.2510   
       565:    535350.000000           1           81.1799   
       566:    535380.000000           1           81.1817   
       567:    535410.000000           1           81.1834   
       568:    535440.000000           1           81.1820   
       569:    535470.000000           1           81.1758   
       570:    535500.000000           1          -86.2619   
       571:    535530.000000           1            1.7121   
       572:    535560.000000           1          -86.2598   
       573:    535590.000000           1          -86.2625   
       574:    535620.000000           1           81.1628   
       575:    535650.000000           1          -86.2687   
       576:    535680.000000           1          -86.2749   
       577:    535710.000000           1          -86.2826   
       578:    535740.000000           1          -86.2941   
       579:    535770.000000           1          -86.3048   
       580:    535800.000000           1          -86.3159   
       581:    535830.000000           1          -86.3221   
       582:    535860.000000           1          -86.3270   
       583:    535890.000000           1          -86.3361   
       584:    535920.000000           1          -86.3397   
       585:    535950.000000           1          -86.3415   
       586:    535980.000000           1           70.8800   
       587:    536010.000000           1          -86.3547   
       588:    536040.000000           1          -86.3582   
       589:    536070.000000           1          -86.3614   
       590:    536100.000000           1           70.8702   
       591:    536130.000000           1           70.8786   
       592:    536160.000000           1            1.5812   
       593:    536190.000000           1           69.8932   
       594:    536220.000000           1           69.9671   
       595:    536250.000000           1           70.1121   
       596:    536280.000000           1           70.0932   
       597:    536310.000000           1           70.0432   
       598:    536340.000000           1           70.0643   
       599:    536370.000000           1           70.1411   
       600:    536400.000000           1            1.5901   
       601:    536430.000000           1           70.3933   
       602:    536460.000000           1           70.4592   
       603:    536490.000000           1           70.5349   
       604:    536520.000000           1           70.6059   
       605:    536550.000000           1           70.6613   
       606:    536580.000000           1           70.7058   
       607:    536610.000000           1           70.7256   
       608:    536640.000000           1          -85.5782   
       609:    536670.000000           1           70.7575   
       610:    536700.000000           1          -85.5626   
       611:    536730.000000           1          -85.5610   
       612:    536760.000000           1          -85.5597   
       613:    536790.000000           1          -85.5531   
       614:    536820.000000           1           81.0354   
       615:    536850.000000           1          -85.6255   
       616:    536880.000000           1           81.0367   
       617:    536910.000000           1           81.0285   
       618:    536940.000000           1           81.0305   
       619:    536970.000000           1           81.0310   
       620:    537000.000000           1           81.0297   
       621:    537030.000000           1           81.0253   
       622:    537060.000000           1           81.0197   
       623:    537090.000000           1           81.0118   
       624:    537120.000000           1           81.0138   
       625:    537150.000000           1          561.6652   
       626:    537180.000000           1          561.7547   
       627:    537210.000000           1           81.0280   
       628:    537240.000000           1           81.0271   
       629:    537270.000000           1           81.0339   
       630:    537300.000000           1            1.4885   
       631:    537330.000000           1           81.0370   
       632:    537360.000000           1           81.0350   
       633:    537390.000000           1           81.0292   
       634:    537420.000000           1           81.0230   
       635:    537450.000000           1           81.0160   
       636:    537480.000000           1           81.0191   
       637:    537510.000000           1           81.0173   
       638:    537540.000000           1            1.4676   
       639:    537570.000000           1            1.4607   
       640:    537600.000000           1            1.4581   
       641:    537630.000000           1            1.4527   
       642:    537660.000000           1            1.4476   
       643:    537690.000000           1            1.4433   
       644:    537720.000000           1            1.4425   
       645:    537750.000000           1          214.6503   
       646:    537780.000000           1            1.4358   
       647:    537810.000000           1          214.6359   
       648:    537840.000000           1          214.6278   
       649:    537870.000000           1            1.4195   
       650:    537900.000000           1            1.4101   
       651:    537930.000000           1            1.4032   
       652:    537960.000000           1            1.3951   
       653:    537990.000000           1            1.3913   
       654:    538020.000000           1            1.3781   
       655:    538050.000000           1            1.3741   
       656:    538080.000000           1            1.3735   
       657:    538110.000000           1            1.3682   
       658:    538140.000000           1            1.3629   
       659:    538170.000000           1            1.3557   
       660:    538200.000000           1            1.3529   
       661:    538230.000000           1            1.3519   
       662:    538260.000000           1           80.8396   
       663:    538290.000000           1            1.3051   
       664:    538320.000000           1           80.8077   
       665:    538350.000000           1           80.8027   
       666:    538380.000000           1           80.7943   
       667:    538410.000000           1           80.7851   
       668:    538440.000000           1           80.7766   
       669:    538470.000000           1           80.7694   
       670:    538500.000000           1           80.7644   
       671:    538530.000000           1           80.7588   
       672:    538560.000000           1           80.7516   
       673:    538590.000000           1           80.7397   
       674:    538620.000000           1           80.7263   
       675:    538650.000000           1           80.7159   
       676:    538680.000000           1           80.7058   
       677:    538710.000000           1           80.6977   
       678:    538740.000000           1           80.6907   
       679:    538770.000000           1           80.6807   
       680:    538800.000000           1           80.6604   
       681:    538830.000000           1           80.6496   
       682:    538860.000000           1           80.6432   
       683:    538890.000000           1           74.3715   
       684:    538920.000000           1           80.6110   
       685:    538950.000000           1           74.3702   
       686:    538980.000000           1           80.5755   
       687:    539010.000000           1           80.5582   
       688:    539040.000000           1           80.5393   
       689:    539070.000000           1            0.9846   
       690:    539100.000000           1           80.5020   
       691:    539130.000000           1           80.4871   
       692:    539160.000000           1           80.4773   
       693:    539190.000000           1           80.4645   
       694:    539220.000000           1           80.4580   
       695:    539250.000000           1           80.4515   
       696:    539280.000000           1           80.4477   
       697:    539310.000000           1           80.4385   
       698:    539340.000000           1           80.4360   
       699:    539370.000000           1            0.8964   
       700:    539400.000000           1           74.1217   
       701:    539430.000000           1           74.1980   
       702:    539460.000000           1            0.8679   
       703:    539490.000000           1            0.8490   
       704:    539520.000000           1            0.8415   
       705:    539550.000000           1           73.9734   
       706:    539580.000000           1           73.9624   
       707:    539610.000000           1           73.9270   
       708:    539640.000000           1           73.9205   
       709:    539670.000000           1           73.9090   
       710:    539700.000000           1           73.8867   
       711:    539730.000000           1           73.8769   
       712:    539760.000000           1           73.8563   
       713:    539790.000000           1           73.8344   
       714:    539820.000000           1           73.8173   
       715:    539850.000000           1            0.7591   
       716:    539880.000000           1           73.7342   
       717:    539910.000000           1            0.7324   
       718:    539940.000000           1            0.7308   
       719:    539970.000000           1            0.7285   
       720:    540000.000000           1            0.7198   
       721:    540030.000000           1            0.7121   
       722:    540060.000000           1            0.7047   
       723:    540090.000000           1           73.5425   
       724:    540120.000000           1           73.5172   
       725:    540150.000000           1            0.6638   
       726:    540180.000000           1           73.4775   
       727:    540210.000000           1            0.6326   
       728:    540240.000000           1            0.6216   
       729:    540270.000000           1            0.6158   
       730:    540300.000000           1            0.6107   
       731:    540330.000000           1            0.6016   
       732:    540360.000000           1            0.5910   
       733:    540390.000000           1            0.5805   
       734:    540420.000000           1            0.5712   
       735:    540450.000000           1            0.5634   
       736:    540480.000000           1            0.5576   
       737:    540510.000000           1            0.5524   
       738:    540540.000000           1            0.5469   
       739:    540570.000000           1            0.5410   
       740:    540600.000000           1            0.5353   
       741:    540630.000000           1            0.5275   
       742:    540660.000000           1            0.5161   
       743:    540690.000000           1            0.5109   
       744:    540720.000000           1            0.5070   
       745:    540750.000000           1            0.4984   
       746:    540780.000000           1            0.4928   
       747:    540810.000000           1            0.4914   
       748:    540840.000000           1            0.4888   
       749:    540870.000000           1            0.4885   
       750:    540900.000000           1            0.4809   
       751:    540930.000000           1            0.4703   
       752:    540960.000000           1            0.4653   
       753:    540990.000000           1           73.3053   
       754:    541020.000000           1           73.2969   
       755:    541050.000000           1           85.7504   
       756:    541080.000000           1           85.5950   
       757:    541110.000000           1           79.9712   
       758:    541140.000000           1           79.9647   
       759:    541170.000000           1           85.5226   
       760:    541200.000000           1           85.5152   
       761:    541230.000000           1           85.5924   
       762:    541260.000000           1           85.6884   
       763:    541290.000000           1           85.7534   
       764:    541320.000000           1           85.7635   
       765:    541350.000000           1           85.7740   
       766:    541380.000000           1           85.7311   
       767:    541410.000000           1           85.6264   
       768:    541440.000000           1           85.5743   
       769:    541470.000000           1           85.5316   
       770:    541500.000000           1           85.5679   
       771:    541530.000000           1           85.5843   
       772:    541560.000000           1           85.5770   
       773:    541590.000000           1           85.5839   
       774:    541620.000000           1           85.5842   
       775:    541650.000000           1           85.5524   
       776:    541680.000000           1           85.5381   
       777:    541710.000000           1           85.5529   
       778:    541740.000000           1           85.5831   
       779:    541770.000000           1           85.5894   
       780:    541800.000000           1           85.6000   
       781:    541830.000000           1           85.6153   
       782:    541860.000000           1           85.6455   
       783:    541890.000000           1           85.6975   
       784:    541920.000000           1           85.7395   
       785:    541950.000000           1           85.7984   
       786:    541980.000000           1           79.6648   
       787:    542010.000000           1           79.6517   
       788:    542040.000000           1           79.6382   
       789:    542070.000000           1           79.6270   
       790:    542100.000000           1           79.6104   
       791:    542130.000000           1           79.5984   
       792:    542160.000000           1           79.5861   
       793:    542190.000000           1           79.5716   
       794:    542220.000000           1           85.8011   
       795:    542250.000000           1           85.8175   
       796:    542280.000000           1           79.4891   
       797:    542310.000000           1           85.8208   
       798:    542340.000000           1           79.4517   
       799:    542370.000000           1           79.4382   
       800:    542400.000000           1           79.4230   
       801:    542430.000000           1           79.4136   
       802:    542460.000000           1           79.4033   
       803:    542490.000000           1           79.3858   
       804:    542520.000000           1           85.7723   
       805:    542550.000000           1           72.6346   
       806:    542580.000000           1           72.6135   
       807:    542610.000000           1           72.5924   
       808:    542640.000000           1           72.5770   
       809:    542670.000000           1           72.5563   
       810:    542700.000000           1           72.5386   
       811:    542730.000000           1           72.5216   
       812:    542760.000000           1           72.5058   
       813:    542790.000000           1           72.4861   
       814:    542820.000000           1           72.4702   
       815:    542850.000000           1           -0.4002   
       816:    542880.000000           1           72.4075   
       817:    542910.000000           1           72.3920   
       818:    542940.000000           1           72.3785   
       819:    542970.000000           1           -0.4736   
       820:    543000.000000           1           72.3409   
       821:    543030.000000           1           72.3310   
       822:    543060.000000           1           72.3173   
       823:    543090.000000           1           -0.5347   
       824:    543120.000000           1           -0.5509   
       825:    543150.000000           1           -0.5610   
       826:    543180.000000           1           -0.5710   
       827:    543210.000000           1           -0.5870   
       828:    543240.000000           1           -0.5956   
       829:    543270.000000           1           -0.6063   
       830:    543300.000000           1           72.1783   
       831:    543330.000000           1           72.1639   
       832:    543360.000000           1           72.1473   
       833:    543390.000000           1           72.1328   
       834:    543420.000000           1           72.1169   
       835:    543450.000000           1           72.1063   
       836:    543480.000000           1           72.0952   
       837:    543510.000000           1           72.0883   
       838:    543540.000000           1           72.0845   
       839:    543570.000000           1           72.0734   
       840:    543600.000000           1           72.0607   
       841:    543630.000000           1           72.0477   
       842:    543660.000000           1           72.0378   
       843:    543690.000000           1           72.0290   
       844:    543720.000000           1           72.0177   
       845:    543750.000000           1           72.0075   
       846:    543780.000000           1           71.9980   
       847:    543810.000000           1           71.9736   
       848:    543840.000000           1           71.9651   
       849:    543870.000000           1           71.9536   
       850:    543900.000000           1           71.9435   
       851:    543930.000000           1           71.9320   
       852:    543960.000000           1           85.1933   
       853:    543990.000000           1           85.1994   
       854:    544020.000000           1           71.8827   
       855:    544050.000000           1           85.2065   
       856:    544080.000000           1           85.2026   
       857:    544110.000000           1           85.1931   
       858:    544140.000000           1           85.1812   
       859:    544170.000000           1           85.1716   
       860:    544200.000000           1           85.1585   
       861:    544230.000000           1           71.7673   
       862:    544260.000000           1           85.1029   
       863:    544290.000000           1           71.7164   
       864:    544320.000000           1           85.0431   
       865:    544350.000000           1           85.0280   
       866:    544380.000000           1           85.0169   
       867:    544410.000000           1           85.0102   
       868:    544440.000000           1           85.0011   
       869:    544470.000000           1           84.9884   
       870:    544500.000000           1           84.9670   
       871:    544530.000000           1           84.9552   
       872:    544560.000000           1           84.9169   
       873:    544590.000000           1           84.8975   
       874:    544620.000000           1           71.4952   
       875:    544650.000000           1           84.8413   
       876:    544680.000000           1           84.8304   
       877:    544710.000000           1           84.8069   
       878:    544740.000000           1           84.7882   
       879:    544770.000000           1           84.7781   
       880:    544800.000000           1           84.7597   
       881:    544830.000000           1           71.3430   
       882:    544860.000000           1           84.7404   
       883:    544890.000000           1           84.7271   
       884:    544920.000000           1           71.2942   
       885:    544950.000000           1           71.2834   
       886:    544980.000000           1           71.2685   
       887:    545010.000000           1           71.2551   
       888:    545040.000000           1           71.2442   
       889:    545070.000000           1           71.2313   
       890:    545100.000000           1           71.2192   
       891:    545130.000000           1           71.2075   
       892:    545160.000000           1           71.1835   
       893:    545190.000000           1           71.1611   
       894:    545220.000000           1           -1.6107   
       895:    545250.000000           1           -1.6209   
       896:    545280.000000           1           -1.6325   
       897:    545310.000000           1           -1.6432   
       898:    545340.000000           1           -1.6578   
       899:    545370.000000           1           -1.6684   
       900:    545400.000000           1           -1.6905   
       901:    545430.000000           1           -1.6995   
       902:    545460.000000           1           -1.7120   
       903:    545490.000000           1           -1.7254   
       904:    545520.000000           1           -1.7331   
       905:    545550.000000           1           -1.7414   
       906:    545580.000000           1           -1.7572   
       907:    545610.000000           1           -1.7813   
       908:    545640.000000           1           -1.7956   
       909:    545670.000000           1           -1.8258   
       910:    545700.000000           1           70.8904   
       911:    545730.000000           1           70.8580   
       912:    545760.000000           1           -1.9150   
       913:    545790.000000           1           70.8126   
       914:    545820.000000           1           70.7883   
       915:    545850.000000           1           70.7658   
      2667:    598410.000000           1          116.6156   
      2668:    598440.000000           1          116.6123   
      2669:    598470.000000           1          116.6085   
      2670:    598500.000000           1          116.6035   
      2671:    598530.000000           1          116.5990   
      2672:    598560.000000           1          116.5946   
      2673:    598590.000000           1          116.5894   
      2674:    598620.000000           1          102.5282   
      2675:    598650.000000           1          116.5688   
      2676:    598680.000000           1          116.5635   
      2677:    598710.000000           1          116.5582   
      2678:    598740.000000           1          116.5532   
      2679:    598770.000000           1          116.5493   
      2680:    598800.000000           1          116.5444   
      2681:    598830.000000           1          116.5404   
      2682:    598860.000000           1          116.5361   
      2683:    598890.000000           1          116.5312   
      2684:    598920.000000           1          116.5266   
      2685:    598950.000000           1          116.5211   
      2686:    598980.000000           1          116.5142   
      2687:    599010.000000           1          116.5080   
      2688:    599040.000000           1          116.5041   
      2689:    599070.000000           1          102.4427   
      2690:    599100.000000           1         -108.1279   
      2691:    599130.000000           1         -108.1333   
      2692:    599160.000000           1         -108.1374   
      2693:    599190.000000           1         -108.1424   
      2694:    599220.000000           1         -108.1519   
      2695:    599250.000000           1          135.8189   
      2696:    599280.000000           1         -108.1699   
      2697:    599310.000000           1          135.8835   
      2698:    599340.000000           1          135.8794   
      2699:    599370.000000           1          135.8575   
      2700:    599400.000000           1          135.8632   
      2701:    599430.000000           1         -108.1997   
      2702:    599460.000000           1          135.8719   
      2703:    599490.000000           1          135.8743   
      2704:    599520.000000           1         -108.2241   
      2705:    599550.000000           1          135.8977   
      2706:    599580.000000           1          135.9176   
      2707:    599610.000000           1          135.9172   
      2708:    599640.000000           1          135.9128   
      2709:    599670.000000           1          135.9085   
      2710:    599700.000000           1          135.9067   
      2711:    599730.000000           1          135.9004   
      2712:    599760.000000           1          135.8843   
      2713:    599790.000000           1          135.8550   
      2714:    599820.000000           1         -108.2875   
      2715:    599850.000000           1         -108.2912   
      2716:    599880.000000           1         -108.2972   
      2717:    599910.000000           1         -108.3022   
      2718:    599940.000000           1         -108.3117   
      2719:    599970.000000           1         -108.3244   
      2720:    600000.000000           1          102.2076   
      2721:    600030.000000           1          116.2444   
      2722:    600060.000000           1          116.2396   
      2723:    600090.000000           1          116.2340   
      2724:    600120.000000           1          116.2279   
      2725:    600150.000000           1          116.2217   
      2726:    600180.000000           1         -108.3762   
      2727:    600210.000000           1          116.2102   
      2728:    600240.000000           1          116.2048   
      2729:    600270.000000           1          116.1999   
      2730:    600300.000000           1          116.1948   
