       843:    543690.000000           1         -322.7189   
       844:    543720.000000           1         -322.7311   
       846:    543780.000000           1         -322.7527   
       847:    543810.000000           1         -265.5228   
       848:    543840.000000           1         -265.4794   
       849:    543870.000000           1         -265.4839   
       850:    543900.000000           1         -265.4976   
       851:    543930.000000           1         -265.4837   
       852:    543960.000000           1           11.2828   
       853:    543990.000000           1          159.3770   
       854:    544020.000000           1           11.2218   
       855:    544050.000000           1          159.3342   
       856:    544080.000000           1          159.3246   
       857:    544110.000000           1          159.3128   
       858:    544140.000000           1          159.2999   
       859:    544170.000000           1          159.2888   
       860:    544200.000000           1          159.2741   
       861:    544230.000000           1           11.0813   
       862:    544260.000000           1          159.2360   
       863:    544290.000000           1           60.2190   
       864:    544320.000000           1           60.1965   
       865:    544350.000000           1           60.1820   
       866:    544380.000000           1           60.1677   
       867:    544410.000000           1           60.1591   
       868:    544440.000000           1           60.1502   
       869:    544470.000000           1           60.1392   
       870:    544500.000000           1          159.1139   
       871:    544530.000000           1          159.0907   
       872:    544560.000000           1           60.0674   
       873:    544590.000000           1           60.0530   
       874:    544620.000000           1          159.0208   
       875:    544650.000000           1           60.0021   
       876:    544680.000000           1          211.9226   
       877:    544710.000000           1           59.9648   
       878:    544740.000000           1          211.8708   
       879:    544770.000000           1          211.8571   
       880:    544800.000000           1          158.8950   
       881:    544830.000000           1          102.1017   
       882:    544860.000000           1          211.7940   
       883:    544890.000000           1          211.7801   
       884:    544920.000000           1          158.8275   
       885:    544950.000000           1          158.8159   
       886:    544980.000000           1           59.8063   
       887:    545010.000000           1           59.7932   
       888:    545040.000000           1           59.7833   
       889:    545070.000000           1           59.7715   
       890:    545100.000000           1           59.7601   
       891:    545130.000000           1           59.7479   
       892:    545160.000000           1          101.9508   
       893:    545190.000000           1          101.9281   
       894:    545220.000000           1          101.8984   
       895:    545250.000000           1          158.6731   
       896:    545280.000000           1          158.6620   
       897:    545310.000000           1          101.8385   
       898:    545340.000000           1          101.8294   
       899:    545370.000000           1          101.8156   
       900:    545400.000000           1          158.6051   
       901:    545430.000000           1          101.7829   
       902:    545460.000000           1          101.7669   
       903:    545490.000000           1          101.7519   
       904:    545520.000000           1          158.5646   
       905:    545550.000000           1          158.5567   
       906:    545580.000000           1           10.2329   
       907:    545610.000000           1          101.7160   
       908:    545640.000000           1          158.5008   
       909:    545670.000000           1          158.4701   
       910:    545700.000000           1          101.6710   
       911:    545730.000000           1          158.4069   
       912:    545760.000000           1          101.6267   
       913:    545790.000000           1          158.3629   
       914:    545820.000000           1          158.3388   
       915:    545850.000000           1          101.6146   
       916:    545880.000000           1          158.2921   
       917:    545910.000000           1          158.2709   
       918:    545940.000000           1           59.4320   
       919:    545970.000000           1           59.4331   
       920:    546000.000000           1           59.4124   
       921:    546030.000000           1           59.3770   
       922:    546060.000000           1           59.3414   
       923:    546090.000000           1          211.0539   
       924:    546120.000000           1           59.1546   
       925:    546150.000000           1          210.9933   
       926:    546180.000000           1           59.0171   
       927:    546210.000000           1          210.9382   
       928:    546240.000000           1          210.9246   
       929:    546270.000000           1          210.9052   
       930:    546300.000000           1          210.8922   
       931:    546330.000000           1           58.8924   
       932:    546360.000000           1          210.8364   
       933:    546390.000000           1          157.8889   
       934:    546420.000000           1          210.7839   
       935:    546450.000000           1          210.7733   
       936:    546480.000000           1          210.7610   
       937:    546510.000000           1          157.8088   
       938:    546540.000000           1          157.7849   
       939:    546570.000000           1          210.6785   
       940:    546600.000000           1          210.6653   
       941:    546630.000000           1          210.6496   
       942:    546660.000000           1          101.1734   
       943:    546690.000000           1          157.6674   
       944:    546720.000000           1          157.6522   
       945:    546750.000000           1          157.6415   
       946:    546780.000000           1          101.1142   
       947:    546810.000000           1          157.5824   
       948:    546840.000000           1          157.5704   
       949:    546870.000000           1          157.5561   
       950:    546900.000000           1          101.0440   
       951:    546930.000000           1          101.0272   
       952:    546960.000000           1          101.0093   
       953:    546990.000000           1          100.9960   
       954:    547020.000000           1          210.3963   
       955:    547050.000000           1          210.3836   
       956:    547080.000000           1          210.3677   
       957:    547110.000000           1          210.3564   
       958:    547140.000000           1          210.3415   
       959:    547170.000000           1          210.3276   
       960:    547200.000000           1          210.3172   
       961:    547230.000000           1          210.3034   
       962:    547260.000000           1          210.2901   
       963:    547290.000000           1          210.2771   
       964:    547320.000000           1          210.2648   
       965:    547350.000000           1          210.2394   
       966:    547380.000000           1          210.2089   
       967:    547410.000000           1          210.1836   
       968:    547440.000000           1          210.1599   
       969:    547470.000000           1           87.0577   
       970:    547500.000000           1           87.0140   
       971:    547530.000000           1           86.9824   
       972:    547560.000000           1          100.5373   
       973:    547590.000000           1           86.7268   
       974:    547620.000000           1           86.6462   
       975:    547650.000000           1           86.5546   
       976:    547680.000000           1           86.4675   
       977:    547710.000000           1           86.4258   
       978:    547740.000000           1           86.3966   
       979:    547770.000000           1           86.4147   
       980:    547800.000000           1           86.4166   
       981:    547830.000000           1          209.8219   
       982:    547860.000000           1           86.3588   
       983:    547890.000000           1           86.3131   
       984:    547920.000000           1          209.7490   
       985:    547950.000000           1          209.7389   
       986:    547980.000000           1          209.7295   
       987:    548010.000000           1          209.7204   
       988:    548040.000000           1            8.4719   
       989:    548070.000000           1          209.6664   
       990:    548100.000000           1          209.6536   
       991:    548130.000000           1          209.6422   
       992:    548160.000000           1          209.6272   
       993:    548190.000000           1          209.6126   
       994:    548220.000000           1          209.6017   
       995:    548250.000000           1            8.3768   
       996:    548280.000000           1          209.5619   
       997:    548310.000000           1          209.5495   
       998:    548340.000000           1          209.5389   
       999:    548370.000000           1          209.5270   
      1000:    548400.000000           1          209.5127   
      1001:    548430.000000           1          209.5015   
      1002:    548460.000000           1          209.4899   
      1003:    548490.000000           1          209.4758   
      1004:    548520.000000           1           99.8150   
      1005:    548550.000000           1          209.4308   
      1006:    548580.000000           1          209.4144   
      1007:    548610.000000           1          209.4039   
      1008:    548640.000000           1          209.3929   
      1009:    548670.000000           1          209.3810   
      1010:    548700.000000           1          209.3581   
      1011:    548730.000000           1           85.8690   
      1012:    548760.000000           1           85.8610   
      1013:    548790.000000           1           85.8383   
      1014:    548820.000000           1          209.2730   
      1015:    548850.000000           1          209.2645   
      1016:    548880.000000           1           99.5748   
      1017:    548910.000000           1          209.2304   
      1018:    548940.000000           1          209.2235   
      1019:    548970.000000           1           99.5313   
      1020:    549000.000000           1          209.1873   
      1021:    549030.000000           1          209.1796   
      1022:    549060.000000           1           99.4762   
      1023:    549090.000000           1          209.1408   
      1024:    549120.000000           1           99.4269   
      1025:    549150.000000           1          209.1004   
      1026:    549180.000000           1           99.3652   
      1027:    549210.000000           1          209.0546   
      1028:    549240.000000           1           99.3066   
      1029:    549270.000000           1          209.0186   
      1030:    549300.000000           1          209.0095   
      1031:    549330.000000           1          209.0000   
      1032:    549360.000000           1          208.9906   
      1033:    549390.000000           1          208.9836   
      1034:    549420.000000           1           85.6189   
      1035:    549450.000000           1           85.6016   
      1036:    549480.000000           1          208.9582   
      1037:    549510.000000           1          208.9507   
      1038:    549540.000000           1          208.9332   
      1039:    549570.000000           1          208.9157   
      1040:    549600.000000           1           99.0826   
      1041:    549630.000000           1           85.4928   
      1042:    549660.000000           1           85.4881   
      1043:    549690.000000           1           85.4817   
      1044:    549720.000000           1          208.8571   
      1045:    549750.000000           1          208.8482   
      1046:    549780.000000           1          208.8413   
      1047:    549810.000000           1          208.8346   
      1048:    549840.000000           1          208.8264   
      1049:    549870.000000           1          208.8145   
      1050:    549900.000000           1          208.7966   
      1051:    549930.000000           1          208.7887   
      1052:    549960.000000           1           98.9445   
      1053:    549990.000000           1          208.7455   
      1054:    550020.000000           1          208.7385   
      1055:    550050.000000           1          208.7313   
      1056:    550080.000000           1          208.7240   
      1057:    550110.000000           1          208.7151   
      1058:    550140.000000           1           98.8537   
      1059:    550170.000000           1          208.6875   
      1060:    550200.000000           1          208.6781   
      1061:    550230.000000           1          208.6695   
      1062:    550260.000000           1          208.6638   
      1063:    550290.000000           1          208.6574   
      1064:    550320.000000           1          208.6523   
      1065:    550350.000000           1          208.6454   
      1066:    550380.000000           1          208.6390   
      1067:    550410.000000           1          208.6348   
      1068:    550440.000000           1           98.7317   
      1069:    550470.000000           1          208.6181   
      1070:    550500.000000           1           98.6972   
      1071:    550530.000000           1           98.6837   
      1072:    550560.000000           1           98.6757   
      1073:    550590.000000           1           91.0882   
      1074:    550620.000000           1           91.0823   
      1075:    550650.000000           1           91.0859   
      1076:    550680.000000           1           91.0902   
      1077:    550710.000000           1           91.1011   
      1078:    550740.000000           1            7.6083   
      1079:    550770.000000           1            7.6006   
      1080:    550800.000000           1            7.5922   
      1081:    550830.000000           1            7.5853   
      1082:    550860.000000           1            7.5830   
      1083:    550890.000000           1            7.5823   
      1084:    550920.000000           1            7.5788   
      1085:    550950.000000           1           91.1938   
      1086:    550980.000000           1           91.1867   
      1087:    551010.000000           1           91.1765   
      1088:    551040.000000           1           91.1622   
      1089:    551070.000000           1           91.1427   
      1090:    551100.000000           1           91.1246   
      1091:    551130.000000           1           91.1020   
      1092:    551160.000000           1           91.0833   
      1093:    551190.000000           1           91.0704   
      1094:    551220.000000           1           91.0510   
      1095:    551250.000000           1           91.0396   
      1096:    551280.000000           1           98.5024   
      1097:    551310.000000           1           98.4877   
      1098:    551340.000000           1           98.4780   
      1099:    551370.000000           1           98.4697   
      1100:    551400.000000           1          208.4195   
      1101:    551430.000000           1           98.4521   
      1102:    551460.000000           1          208.4007   
      1103:    551490.000000           1          208.3923   
      1104:    551520.000000           1          208.3813   
      1105:    551550.000000           1          208.3703   
      1106:    551580.000000           1          208.3600   
      1107:    551610.000000           1          208.3537   
      1108:    551640.000000           1          208.3483   
      1109:    551670.000000           1          208.3471   
      1110:    551700.000000           1          208.3419   
      1111:    551730.000000           1           98.4200   
      1112:    551760.000000           1          208.3332   
      1113:    551790.000000           1          208.3287   
      1114:    551820.000000           1          208.3185   
      1115:    551850.000000           1          208.3157   
      1116:    551880.000000           1          208.3095   
      1117:    551910.000000           1          208.3048   
      1118:    551940.000000           1          208.2991   
      1119:    551970.000000           1           84.9217   
      1120:    552000.000000           1           84.9185   
      1121:    552030.000000           1          208.2793   
      1122:    552060.000000           1          208.2756   
      1123:    552090.000000           1          208.2736   
      1124:    552120.000000           1          208.2650   
      1125:    552150.000000           1          208.2576   
      1126:    552180.000000           1           98.3501   
      1127:    552210.000000           1          208.2517   
      1128:    552240.000000           1          208.2503   
      1129:    552270.000000           1          208.2483   
      1130:    552300.000000           1          208.2470   
      1131:    552330.000000           1          208.2473   
      1132:    552360.000000           1          208.2463   
      1133:    552390.000000           1          208.2435   
      1134:    552420.000000           1           91.3062   
      1135:    552450.000000           1           91.3109   
      1136:    552480.000000           1           91.3146   
      1137:    552510.000000           1           91.3217   
      1138:    552540.000000           1           91.3322   
      1139:    552570.000000           1           91.3413   
      1140:    552600.000000           1            7.3527   
      1141:    552630.000000           1            7.3520   
      1142:    552660.000000           1            7.3509   
      1143:    552690.000000           1         -268.4261   
      1144:    552720.000000           1            7.3432   
      1145:    552750.000000           1            7.3425   
      1146:    552780.000000           1           91.4446   
      1147:    552810.000000           1           91.4495   
      1148:    552840.000000           1           91.4492   
      1149:    552870.000000           1            7.3495   
      1150:    552900.000000           1           91.4516   
      1151:    552930.000000           1            7.3552   
      1152:    552960.000000           1           91.4593   
      1153:    552990.000000           1           91.4557   
      1154:    553020.000000           1           91.4520   
      1155:    553050.000000           1           98.3477   
      1156:    553080.000000           1           98.3469   
      1157:    553110.000000           1           98.3483   
      1158:    553140.000000           1           98.3493   
      1159:    553170.000000           1           98.3492   
      1160:    553200.000000           1           98.3495   
      1161:    553230.000000           1           98.3454   
      1162:    553260.000000           1           98.3463   
      1163:    553290.000000           1           98.3504   
      1164:    553320.000000           1           98.3524   
      1165:    553350.000000           1           98.3554   
      1166:    553380.000000           1          208.2288   
      1167:    553410.000000           1          208.2297   
      1168:    553440.000000           1          208.2278   
      1169:    553470.000000           1          208.2284   
      1170:    553500.000000           1          208.2300   
      1171:    553530.000000           1          208.2324   
      1172:    553560.000000           1          208.2357   
      1173:    553590.000000           1          208.2372   
      1174:    553620.000000           1          208.2391   
      1175:    553650.000000           1          208.2420   
      1176:    553680.000000           1          208.2437   
      1177:    553710.000000           1          -90.2659   
      1178:    553740.000000           1          -90.2081   
      1179:    553770.000000           1          -90.1055   
      1180:    553800.000000           1          -90.0580   
      1181:    553830.000000           1          -89.9660   
      1182:    553860.000000           1           98.4062   
      1183:    553890.000000           1           98.4159   
      1184:    553920.000000           1          -89.3465   
      1185:    553950.000000           1          -89.3151   
      1186:    553980.000000           1           98.4283   
      1187:    554010.000000           1          208.2946   
      1188:    554040.000000           1          208.2946   
      1189:    554070.000000           1          208.2964   
      1190:    554100.000000           1          208.2997   
      1191:    554130.000000           1          208.3027   
      1192:    554160.000000           1          208.3076   
      1193:    554190.000000           1          -88.9426   
      1194:    554220.000000           1          -88.8512   
      1195:    554250.000000           1          208.3321   
      1196:    554280.000000           1          208.3364   
      1197:    554310.000000           1          208.3408   
      1198:    554340.000000           1          208.3453   
      1199:    554370.000000           1          208.3488   
      1200:    554400.000000           1          208.3584   
      1201:    554430.000000           1          208.3691   
      1202:    554460.000000           1          208.3795   
      1203:    554490.000000           1          -88.7757   
      1204:    554520.000000           1          208.3944   
      1205:    554550.000000           1          208.3983   
      1206:    554580.000000           1          208.4033   
      1207:    554610.000000           1          208.4085   
      1208:    554640.000000           1          208.4139   
      1209:    554670.000000           1          208.4212   
      1210:    554700.000000           1          208.4262   
      1211:    554730.000000           1          208.4310   
      1212:    554760.000000           1          208.4359   
      1213:    554790.000000           1          208.4417   
      1214:    554820.000000           1          208.4472   
      1215:    554850.000000           1          208.4507   
      1216:    554880.000000           1          208.4517   
      1217:    554910.000000           1          208.4552   
      1218:    554940.000000           1           85.1964   
      1219:    554970.000000           1           85.2025   
      1220:    555000.000000           1           85.2098   
      1221:    555030.000000           1           85.2178   
      1222:    555060.000000           1           85.2277   
      1223:    555090.000000           1           85.2347   
      1224:    555120.000000           1           85.2408   
      1225:    555150.000000           1           85.2471   
      1226:    555180.000000           1          208.5340   
      1227:    555210.000000           1           85.2683   
      1228:    555240.000000           1           85.2747   
      1229:    555270.000000           1          -88.2908   
      1230:    555300.000000           1           85.3014   
      1231:    555330.000000           1           85.3092   
      1232:    555360.000000           1           85.3204   
      1233:    555390.000000           1           85.3361   
      1234:    555420.000000           1           85.3467   
      1235:    555450.000000           1           85.3495   
      1236:    555480.000000           1           85.3542   
      1237:    555510.000000           1           85.3582   
      1238:    555540.000000           1          208.6519   
      1239:    555570.000000           1           85.3761   
      1240:    555600.000000           1          -87.9435   
      1241:    555630.000000           1          208.6852   
      1242:    555660.000000           1          208.6929   
      1243:    555690.000000           1          208.7001   
      1244:    555720.000000           1          208.7139   
      1245:    555750.000000           1          208.7266   
      1246:    555780.000000           1          208.7421   
      1247:    555810.000000           1          208.7484   
      1248:    555840.000000           1          208.7564   
      1249:    555870.000000           1          208.7632   
      1250:    555900.000000           1          208.7676   
      1251:    555930.000000           1          208.7737   
      1252:    555960.000000           1          -87.8404   
      1253:    555990.000000           1          208.7987   
      1254:    556020.000000           1          -87.8108   
      1255:    556050.000000           1          208.8169   
      1256:    556080.000000           1          208.8202   
      1257:    556110.000000           1          -87.7990   
      1258:    556140.000000           1          208.8410   
      1259:    556170.000000           1          208.8516   
      1260:    556200.000000           1          208.8586   
      1261:    556230.000000           1          208.8704   
      1262:    556260.000000           1          208.8874   
      1263:    556290.000000           1          208.8944   
      1264:    556320.000000           1          208.9119   
      1265:    556350.000000           1           85.6311   
      1266:    556380.000000           1           85.6377   
      1267:    556410.000000           1           85.6427   
      1268:    556440.000000           1          208.9624   
      1269:    556470.000000           1           85.6653   
      1270:    556500.000000           1           85.6724   
      1271:    556530.000000           1           85.6774   
      1272:    556560.000000           1           85.6843   
      1273:    556590.000000           1           85.6943   
      1274:    556620.000000           1          -87.3988   
      1275:    556650.000000           1          209.0168   
      1276:    556680.000000           1          -55.5700   
      1277:    556710.000000           1          -87.3172   
      1278:    556740.000000           1          -87.3014   
      1279:    556770.000000           1          -87.2867   
      1280:    556800.000000           1          -55.6095   
      1281:    556830.000000           1          -87.2585   
      1282:    556860.000000           1          -87.2502   
      1283:    556890.000000           1          -87.2471   
      1284:    556920.000000           1          -87.2386   
      1285:    556950.000000           1           99.3388   
      1286:    556980.000000           1          -87.2080   
      1287:    557010.000000           1          -87.1992   
      1288:    557040.000000           1          -87.1921   
      1289:    557070.000000           1          -87.1831   
      1290:    557100.000000           1          -87.1766   
      1291:    557130.000000           1          -87.1745   
      1292:    557160.000000           1          -87.1701   
      1293:    557190.000000           1          -87.1616   
      1294:    557220.000000           1          -87.1420   
      1295:    557250.000000           1          -55.5226   
      1296:    557280.000000           1          -55.4867   
      1297:    557310.000000           1           99.4638   
      1298:    557340.000000           1           99.4750   
      1299:    557370.000000           1          -55.4127   
      1300:    557400.000000           1          -55.4120   
      1301:    557430.000000           1          209.2815   
      1302:    557460.000000           1          209.2899   
      1303:    557490.000000           1          209.2949   
      1304:    557520.000000           1          209.3004   
      1305:    557550.000000           1          209.3072   
      1306:    557580.000000           1          -87.0709   
      1307:    557610.000000           1          209.3417   
      1308:    557640.000000           1          209.3488   
      1309:    557670.000000           1          209.3559   
      1310:    557700.000000           1          209.3621   
      1311:    557730.000000           1          209.3698   
      1312:    557760.000000           1          209.3834   
      1313:    557790.000000           1          -55.3226   
      1314:    557820.000000           1          209.4074   
      1315:    557850.000000           1          209.4144   
      1316:    557880.000000           1          -55.2465   
      1317:    557910.000000           1          209.4401   
      1318:    557940.000000           1          209.4488   
      1319:    557970.000000           1          209.4654   
      1320:    558000.000000           1          -86.9546   
      1321:    558030.000000           1          209.4878   
      1322:    558060.000000           1          -86.9318   
      1323:    558090.000000           1          -86.9163   
      1324:    558120.000000           1          -86.8909   
      1325:    558150.000000           1          -86.8779   
      1326:    558180.000000           1          -86.8742   
      1327:    558210.000000           1          -86.8696   
      1328:    558240.000000           1          -86.8617   
      1329:    558270.000000           1          -55.0687   
      1330:    558300.000000           1           99.8216   
      1331:    558330.000000           1          -86.8022   
      1332:    558360.000000           1          -86.7906   
      1333:    558390.000000           1           99.8573   
      1334:    558420.000000           1          -55.1096   
      1335:    558450.000000           1          -55.1117   
      1336:    558480.000000           1           99.8905   
      1337:    558510.000000           1           92.7332   
      1338:    558540.000000           1           99.9183   
      1339:    558570.000000           1           99.9304   
      1340:    558600.000000           1           99.9347   
      1341:    558630.000000           1           92.7725   
      1342:    558660.000000           1           99.9633   
      1343:    558690.000000           1           92.8044   
      1344:    558720.000000           1           99.9855   
      1345:    558750.000000           1           99.9930   
      1346:    558780.000000           1           99.9971   
      1347:    558810.000000           1           72.5984   
      1348:    558840.000000           1          100.0184   
      1349:    558870.000000           1          100.0274   
      1350:    558900.000000           1          100.0394   
      1351:    558930.000000           1          -54.9885   
      1352:    558960.000000           1          100.0679   
      1353:    558990.000000           1          100.0787   
      1354:    559020.000000           1          100.0831   
      1355:    559050.000000           1          100.0898   
      1356:    559080.000000           1          100.0950   
      1357:    559110.000000           1          100.1010   
      1358:    559140.000000           1          100.1064   
      1359:    559170.000000           1           92.9140   
      1360:    559200.000000           1          100.1326   
      1361:    559230.000000           1          -54.9235   
      1362:    559260.000000           1          -54.9196   
      1363:    559290.000000           1          -54.9171   
      1364:    559320.000000           1          -54.9137   
      1365:    559350.000000           1          -54.9115   
      1366:    559380.000000           1          -54.9076   
      1367:    559410.000000           1          -86.4278   
      1368:    559440.000000           1          -86.4182   
      1369:    559470.000000           1          -86.4111   
      1370:    559500.000000           1          -86.4053   
      1371:    559530.000000           1          -86.4106   
      1372:    559560.000000           1          -86.4148   
      1373:    559590.000000           1          -86.4251   
      1374:    559620.000000           1          -86.4313   
      1375:    559650.000000           1          -86.4367   
      1376:    559680.000000           1          -86.4433   
      1377:    559710.000000           1          -86.4486   
      1378:    559740.000000           1          -54.9246   
      1838:    573540.000000           1         -263.4735   
      1839:    573570.000000           1         -263.4633   
      1840:    573600.000000           1         -321.0800   
      1841:    573630.000000           1         -263.4210   
      1842:    573660.000000           1         -263.4103   
      1843:    573690.000000           1         -263.3998   
      1844:    573720.000000           1         -321.0154   
      1845:    573750.000000           1         -263.3585   
      1846:    573780.000000           1         -263.3469   
      1847:    573810.000000           1         -263.3352   
      1848:    573840.000000           1         -263.3251   
      1849:    573870.000000           1          103.9953   
      1850:    573900.000000           1          104.0030   
      1851:    573930.000000           1          104.0123   
      1852:    573960.000000           1          104.0221   
      1853:    573990.000000           1          104.0300   
      1854:    574020.000000           1          104.0498   
      1855:    574050.000000           1          104.0585   
      1856:    574080.000000           1         -263.2181   
      1857:    574110.000000           1          104.0948   
      1858:    574140.000000           1         -263.1786   
      1859:    574170.000000           1         -263.1698   
      1860:    574200.000000           1         -263.1593   
      1861:    574230.000000           1         -263.1489   
      1862:    574260.000000           1          104.1569   
      1863:    574290.000000           1         -263.1008   
      1864:    574320.000000           1         -263.0753   
      1865:    574350.000000           1          104.2133   
      1866:    574380.000000           1          104.2211   
      1867:    574410.000000           1          104.2282   
      1868:    574440.000000           1          104.2358   
      1869:    574470.000000           1          104.2432   
      1870:    574500.000000           1          104.2526   
      1871:    574530.000000           1          104.2603   
      1872:    574560.000000           1          104.2693   
      1873:    574590.000000           1          104.2769   
      1874:    574620.000000           1         -262.9518   
      1875:    574650.000000           1          104.3068   
      1876:    574680.000000           1          104.3138   
      1877:    574710.000000           1         -262.9026   
      1878:    574740.000000           1          104.3431   
      1879:    574770.000000           1           54.4495   
      1880:    574800.000000           1           54.4619   
      1881:    574830.000000           1           54.4736   
      1882:    574860.000000           1           54.4985   
      1883:    574890.000000           1           54.5240   
      1884:    574920.000000           1           54.5361   
      1885:    574950.000000           1           54.5607   
      1886:    574980.000000           1           54.5897   
      1887:    575010.000000           1           54.6148   
      1888:    575040.000000           1          -51.0816   
      1889:    575070.000000           1          -51.0598   
      1890:    575100.000000           1          -51.0384   
      1891:    575130.000000           1          -51.0291   
      1892:    575160.000000           1           54.7426   
      1893:    575190.000000           1          -50.9891   
      1894:    575220.000000           1          -50.9815   
      1895:    575250.000000           1          -50.9617   
      1896:    575280.000000           1          -50.9425   
      1897:    575310.000000           1          -50.9211   
      1898:    575340.000000           1          -50.9041   
      1899:    575370.000000           1          -50.8868   
      1900:    575400.000000           1           54.9032   
      1901:    575430.000000           1          -50.8546   
      1902:    575460.000000           1           54.9474   
      1903:    575490.000000           1          -50.8161   
      1904:    575520.000000           1           54.9954   
      1905:    575550.000000           1          -50.7744   
      1906:    575580.000000           1           55.0453   
      1907:    575610.000000           1          -83.6081   
      1908:    575640.000000           1          -50.7101   
      1909:    575670.000000           1           55.1143   
      1910:    575700.000000           1          -50.6683   
      1911:    575730.000000           1          -50.6450   
      1912:    575760.000000           1          -50.6248   
      1913:    575790.000000           1          -50.6035   
      1914:    575820.000000           1           55.2277   
      1915:    575850.000000           1          -50.5595   
      1916:    575880.000000           1          -50.5495   
      1917:    575910.000000           1           55.2834   
      1918:    575940.000000           1           55.3058   
      1919:    575970.000000           1           55.3271   
      1920:    576000.000000           1          105.0221   
      1921:    576030.000000           1           55.3676   
      1922:    576060.000000           1           55.3783   
      1923:    576090.000000           1          105.0603   
      1924:    576120.000000           1           55.4198   
      1925:    576150.000000           1           55.4425   
      1926:    576180.000000           1           55.4646   
      1927:    576210.000000           1           55.4766   
      1928:    576240.000000           1           55.4859   
      1929:    576270.000000           1           55.4957   
      1930:    576300.000000           1           55.5067   
      1931:    576330.000000           1          105.1649   
      1932:    576360.000000           1           55.5535   
      1933:    576390.000000           1           55.5637   
      1934:    576420.000000           1           55.5721   
      1935:    576450.000000           1           55.5808   
      1936:    576480.000000           1           55.5904   
      1937:    576510.000000           1          -50.8952   
      1938:    576540.000000           1          -50.8790   
      1939:    576570.000000           1          -50.8743   
      1940:    576600.000000           1          -50.8549   
      1941:    576630.000000           1          -50.8400   
      1942:    576660.000000           1          105.2975   
      1943:    576690.000000           1          -50.8090   
      1944:    576720.000000           1          -50.8003   
      1945:    576750.000000           1           55.7704   
      1946:    576780.000000           1           55.7986   
      1947:    576810.000000           1          -50.7226   
      1948:    576840.000000           1          -50.7101   
      1949:    576870.000000           1          -50.6973   
      1950:    576900.000000           1          -50.6845   
      1951:    576930.000000           1          -50.6691   
      1952:    576960.000000           1           55.8978   
      1953:    576990.000000           1          -50.6059   
      1954:    577020.000000           1          -50.5918   
      1955:    577050.000000           1          -50.5797   
      1956:    577080.000000           1           55.9524   
      1957:    577110.000000           1           55.9648   
      1958:    577140.000000           1           55.9776   
      1959:    577170.000000           1           55.9889   
      1960:    577200.000000           1           56.0012   
      1961:    577230.000000           1           56.0126   
      1962:    577260.000000           1          105.5513   
      1963:    577290.000000           1           56.0571   
      1964:    577320.000000           1           56.0667   
      1965:    577350.000000           1           56.0786   
      1966:    577380.000000           1           56.0890   
      1967:    577410.000000           1           56.0993   
      1968:    577440.000000           1          105.6254   
      1969:    577470.000000           1           56.1473   
      1970:    577500.000000           1           56.1588   
      1971:    577530.000000           1           56.1697   
      1972:    577560.000000           1         -261.3475   
      1973:    577590.000000           1          104.6750   
      1974:    577620.000000           1           56.2407   
      1975:    577650.000000           1           56.2520   
      1976:    577680.000000           1           56.2636   
      1977:    577710.000000           1           56.2758   
      1978:    577740.000000           1           56.2867   
      1979:    577770.000000           1          104.6835   
      1980:    577800.000000           1          104.7029   
      1981:    577830.000000           1          104.7109   
      1982:    577860.000000           1          104.7092   
      1983:    577890.000000           1          104.7125   
      1984:    577920.000000           1          104.7161   
      1985:    577950.000000           1          104.7151   
      1986:    577980.000000           1          104.7189   
      1987:    578010.000000           1          104.7226   
      1988:    578040.000000           1          104.7343   
      1989:    578070.000000           1          104.7454   
      1990:    578100.000000           1          104.7521   
      1991:    578130.000000           1         -261.1282   
      1992:    578160.000000           1          104.7750   
      1993:    578190.000000           1          104.7925   
      1994:    578220.000000           1          104.8127   
      1995:    578250.000000           1          104.8372   
      1996:    578280.000000           1          104.8938   
      1997:    578310.000000           1         -261.0348   
      1998:    578340.000000           1          104.9631   
      1999:    578370.000000           1         -260.9936   
      2000:    578400.000000           1          104.9707   
      2001:    578430.000000           1          104.9818   
      2002:    578460.000000           1          104.9995   
      2003:    578490.000000           1          105.0179   
      2004:    578520.000000           1          105.0387   
      2005:    578550.000000           1          105.0557   
      2006:    578580.000000           1          105.0665   
      2007:    578610.000000           1          105.0833   
      2008:    578640.000000           1          105.0996   
      2009:    578670.000000           1          105.1053   
      2010:    578700.000000           1          105.1086   
      2011:    578730.000000           1          105.1131   
      2012:    578760.000000           1          105.1180   
      2013:    578790.000000           1          105.1250   
      2014:    578820.000000           1          105.1358   
      2015:    578850.000000           1          105.1437   
      2016:    578880.000000           1         -318.4801   
      2017:    578910.000000           1         -318.4693   
      2018:    578940.000000           1         -318.4592   
      2019:    578970.000000           1         -318.4484   
      2020:    579000.000000           1         -318.4387   
      2021:    579030.000000           1         -318.4298   
      2022:    579060.000000           1         -176.5610   
      2023:    579090.000000           1         -318.3854   
      2024:    579120.000000           1         -176.5270   
      2025:    579150.000000           1         -190.2924   
      2026:    579180.000000           1         -176.4850   
      2027:    579210.000000           1         -176.4743   
      2028:    579240.000000           1         -190.2361   
      2029:    579270.000000           1         -176.4286   
      2030:    579300.000000           1         -176.4179   
      2031:    579330.000000           1         -318.2456   
      2032:    579360.000000           1         -176.3813   
      2033:    579390.000000           1         -318.2051   
      2034:    579420.000000           1         -176.3413   
      2035:    579450.000000           1         -318.1654   
      2036:    579480.000000           1         -318.1564   
      2037:    579510.000000           1         -176.2960   
      2038:    579540.000000           1         -318.1221   
      2039:    579570.000000           1         -318.1130   
      2040:    579600.000000           1         -176.2529   
      2041:    579630.000000           1         -176.2452   
      2042:    579660.000000           1         -190.0100   
      2043:    579690.000000           1         -190.0010   
      2044:    579720.000000           1         -189.9927   
      2045:    579750.000000           1         -189.9837   
      2046:    579780.000000           1         -189.9746   
      2047:    579810.000000           1         -189.9650   
      2048:    579840.000000           1         -189.9564   
      2049:    579870.000000           1         -189.9459   
      2050:    579900.000000           1         -189.9369   
      2051:    579930.000000           1         -176.1385   
      2052:    579960.000000           1         -176.1298   
      2053:    579990.000000           1         -317.9526   
      2054:    580020.000000           1         -176.0932   
      2055:    580050.000000           1         -317.9151   
      2056:    580080.000000           1         -317.9066   
      2057:    580110.000000           1         -260.2148   
      2058:    580140.000000           1           57.4620   
      2059:    580170.000000           1           95.1961   
      2060:    580200.000000           1           57.4888   
      2061:    580230.000000           1           95.4906   
      2062:    580260.000000           1           57.5227   
      2063:    580290.000000           1           95.6986   
      2064:    580320.000000           1           57.5488   
      2065:    580350.000000           1           95.9077   
      2066:    580380.000000           1           57.5869   
      2067:    580410.000000           1           57.6063   
      2068:    580440.000000           1           57.6271   
      2069:    580470.000000           1           57.6355   
      2070:    580500.000000           1           96.1693   
      2071:    580530.000000           1         -260.0101   
      2072:    580560.000000           1           96.3285   
      2073:    580590.000000           1         -259.9779   
      2074:    580620.000000           1           96.4961   
      2075:    580650.000000           1           96.5278   
      2076:    580680.000000           1           57.7380   
      2077:    580710.000000           1           57.7458   
      2078:    580740.000000           1        -1023.8289   
      2079:    580770.000000           1        -1023.8434   
      2080:    580800.000000           1           57.7708   
      2081:    580830.000000           1           57.7803   
      2082:    580860.000000           1           96.7305   
      2083:    580890.000000           1           57.8177   
      2084:    580920.000000           1           57.8271   
      2085:    580950.000000           1           57.8362   
      2086:    580980.000000           1         -259.8276   
      2087:    581010.000000           1           96.8226   
      2088:    581040.000000           1           96.8327   
      2089:    581070.000000           1           96.8479   
      2090:    581100.000000           1         -259.7739   
      2091:    581130.000000           1           96.9335   
      2092:    581160.000000           1           96.9370   
      2093:    581190.000000           1           96.9365   
      2094:    581220.000000           1           96.9435   
      2095:    581250.000000           1         -259.7103   
      2096:    581280.000000           1           96.9845   
      2097:    581310.000000           1           97.0010   
      2098:    581340.000000           1           97.0291   
      2099:    581370.000000           1           97.0555   
      2100:    581400.000000           1           97.0826   
      2101:    581430.000000           1           97.1099   
      2102:    581460.000000           1           97.1429   
      2103:    581490.000000           1           58.0544   
      2104:    581520.000000           1           58.0633   
      2105:    581550.000000           1           58.0722   
      2106:    581580.000000           1           58.0821   
      2107:    581610.000000           1           58.0907   
      2108:    581640.000000           1           58.1008   
      2109:    581670.000000           1           58.1096   
      2110:    581700.000000           1           58.1195   
      2111:    581730.000000           1           97.4359   
      2112:    581760.000000           1           58.1597   
      2113:    581790.000000           1           58.1784   
      2114:    581820.000000           1           58.1873   
      2115:    581850.000000           1           58.1966   
      2116:    581880.000000           1           58.2044   
      2117:    581910.000000           1          131.0028   
      2118:    581940.000000           1           97.6746   
      2119:    581970.000000           1          131.5806   
      2120:    582000.000000           1           97.7606   
      2121:    582030.000000           1          131.4232   
      2122:    582060.000000           1          131.5574   
      2123:    582090.000000           1           58.3085   
      2124:    582120.000000           1           58.3161   
      2125:    582150.000000           1           58.3246   
      2126:    582180.000000           1           58.3332   
      2127:    582210.000000           1           97.8945   
      2128:    582240.000000           1           97.9342   
      2129:    582270.000000           1           97.9730   
      2130:    582300.000000           1           58.4059   
      2131:    582330.000000           1           98.0393   
      2132:    582360.000000           1           98.0738   
      2133:    582390.000000           1           98.0901   
      2134:    582420.000000           1           98.1080   
      2135:    582450.000000           1           98.1301   
      2136:    582480.000000           1           98.1481   
      2137:    582510.000000           1           98.1681   
      2138:    582540.000000           1           98.1855   
      2139:    582570.000000           1           98.2006   
      2140:    582600.000000           1           98.2164   
      2141:    582630.000000           1           98.2332   
      2142:    582660.000000           1           98.2496   
      2143:    582690.000000           1           98.2663   
      2144:    582720.000000           1           98.2827   
      2145:    582750.000000           1           98.3001   
      2146:    582780.000000           1         -259.1117   
      2147:    582810.000000           1           98.3690   
      2148:    582840.000000           1           98.3813   
      2149:    582870.000000           1           98.3930   
      2150:    582900.000000           1           98.4073   
      2151:    582930.000000           1           98.4236   
      2152:    582960.000000           1           58.6533   
      2153:    582990.000000           1           98.4503   
      2154:    583020.000000           1           98.4659   
      2155:    583050.000000           1           98.4825   
      2156:    583080.000000           1           98.4998   
      2157:    583110.000000           1           98.5137   
      2158:    583140.000000           1           98.5454   
      2159:    583170.000000           1           98.5815   
      2160:    583200.000000           1           98.5965   
      2161:    583230.000000           1           98.6119   
      2162:    583260.000000           1         -316.5958   
      2163:    583290.000000           1         -258.8854   
      2164:    583320.000000           1         -258.8741   
      2165:    583350.000000           1           98.7074   
      2166:    583380.000000           1           98.7209   
      2167:    583410.000000           1           98.7359   
      2168:    583440.000000           1           98.7518   
      2169:    583470.000000           1           98.7674   
      2170:    583500.000000           1           98.7828   
      2171:    583530.000000           1           98.7996   
      2172:    583560.000000           1           58.9184   
      2173:    583590.000000           1           58.9302   
      2174:    583620.000000           1           58.9413   
      2175:    583650.000000           1           58.9514   
      2176:    583680.000000           1           58.9626   
      2177:    583710.000000           1           58.9742   
      2178:    583740.000000           1           98.9436   
      2179:    583770.000000           1           59.0194   
      2180:    583800.000000           1           59.0304   
      2181:    583830.000000           1           59.0404   
      2182:    583860.000000           1           99.0356   
      2183:    583890.000000           1           59.0845   
      2184:    583920.000000           1           59.0964   
      2185:    583950.000000           1           59.1170   
      2186:    583980.000000           1           59.1398   
      2187:    584010.000000           1           59.1512   
      2188:    584040.000000           1           59.1618   
      2189:    584070.000000           1           59.1715   
      2190:    584100.000000           1           59.1821   
      2191:    584130.000000           1           59.1931   
      2192:    584160.000000           1           59.2041   
      2193:    584190.000000           1           59.2151   
      2194:    584220.000000           1           59.2253   
      2195:    584250.000000           1           59.2355   
      2196:    584280.000000           1           99.2770   
      2197:    584310.000000           1           99.2878   
      2198:    584340.000000           1         -258.4103   
      2199:    584370.000000           1           99.3346   
      2200:    584400.000000           1           99.3488   
      2201:    584430.000000           1           99.3724   
      2202:    584460.000000           1           99.3849   
      2203:    584490.000000           1           99.4006   
      2204:    584520.000000           1         -258.3203   
      2205:    584550.000000           1           99.4517   
      2206:    584580.000000           1           99.4635   
      2207:    584610.000000           1           99.4763   
      2208:    584640.000000           1           99.4891   
      2209:    584670.000000           1         -258.2584   
      2210:    584700.000000           1         -258.2484   
      2211:    584730.000000           1         -258.2383   
      2212:    584760.000000           1         -258.2292   
      2213:    584790.000000           1         -258.2095   
      2214:    584820.000000           1         -258.1892   
      2215:    584850.000000           1           99.6079   
      2216:    584880.000000           1         -258.1677   
      2217:    584910.000000           1         -258.1475   
      2218:    584940.000000           1         -258.1370   
      2219:    584970.000000           1         -258.1271   
      2220:    585000.000000           1         -258.1172   
      2221:    585030.000000           1         -258.1070   
      2222:    585060.000000           1         -258.0971   
      2223:    585090.000000           1         -258.0864   
      2224:    585120.000000           1         -258.0754   
      2225:    585150.000000           1         -316.9499   
      2226:    585180.000000           1         -316.9650   
      2227:    585210.000000           1         -316.9666   
      2228:    585240.000000           1         -316.9706   
      2229:    585270.000000           1         -316.9743   
      2230:    585300.000000           1         -316.9673   
      2231:    585330.000000           1         -257.9860   
      2232:    585360.000000           1         -257.9744   
      2233:    585390.000000           1         -257.9637   
      2234:    585420.000000           1         -257.9421   
      2235:    585450.000000           1         -257.9182   
      2236:    585480.000000           1         -257.9072   
      2237:    585510.000000           1         -257.8952   
      2238:    585540.000000           1         -316.8744   
      2239:    585570.000000           1         -316.9341   
      2240:    585600.000000           1         -316.9459   
      2241:    585630.000000           1         -316.9724   
      2242:    585660.000000           1         -187.3895   
      2243:    585690.000000           1         -317.1315   
      2244:    585720.000000           1         -317.1699   
      2245:    585750.000000           1         -187.3266   
      2246:    585780.000000           1         -317.2897   
      2247:    585810.000000           1         -257.6955   
      2248:    585840.000000           1         -257.6833   
      2249:    585870.000000           1         -257.6709   
      2250:    585900.000000           1         -257.6588   
      2251:    585930.000000           1         -257.6452   
      2252:    585960.000000           1         -257.6320   
      2253:    585990.000000           1         -257.6198   
      2254:    586020.000000           1         -257.6073   
      2255:    586050.000000           1         -257.5948   
      2256:    586080.000000           1         -257.5814   
      2257:    586110.000000           1         -257.5546   
      2258:    586140.000000           1         -257.5426   
      2259:    586170.000000           1         -187.0937   
      2260:    586200.000000           1         -197.5108   
      2261:    586230.000000           1         -187.0413   
      2262:    586260.000000           1         -187.0299   
      2263:    586290.000000           1         -187.0182   
      2264:    586320.000000           1         -187.0062   
      2265:    586350.000000           1         -186.9944   
      2266:    586380.000000           1         -186.9810   
      2267:    586410.000000           1         -257.3820   
      2268:    586440.000000           1         -257.3707   
      2269:    586470.000000           1         -257.3589   
      2270:    586500.000000           1         -186.9103   
      2271:    586530.000000           1          100.6435   
      2272:    586560.000000           1          100.6551   
      2273:    586590.000000           1          100.6667   
      2274:    586620.000000           1          100.6787   
      2275:    586650.000000           1          100.6905   
      2276:    586680.000000           1          100.7032   
      2277:    586710.000000           1          113.2855   
      2278:    586740.000000           1          113.3253   
      2279:    586770.000000           1          113.3711   
      2280:    586800.000000           1          100.7841   
      2281:    586830.000000           1          113.5746   
      2282:    586860.000000           1          113.6164   
      2283:    586890.000000           1         -110.3898   
      2284:    586920.000000           1         -110.3608   
      2285:    586950.000000           1          100.8743   
      2286:    586980.000000           1          113.9709   
      2287:    587010.000000           1          114.0209   
      2288:    587040.000000           1         -110.1690   
      2289:    587070.000000           1         -110.1472   
      2290:    587100.000000           1          114.1728   
      2291:    587130.000000           1          134.5280   
      2292:    587160.000000           1          134.5384   
      2293:    587190.000000           1         -110.0124   
      2294:    587220.000000           1          134.5990   
      2295:    587250.000000           1         -109.9565   
      2296:    587280.000000           1          134.6523   
      2297:    587310.000000           1          134.6645   
      2298:    587340.000000           1          134.6772   
      2299:    587370.000000           1          134.6887   
      2300:    587400.000000           1         -109.8556   
      2301:    587430.000000           1          114.5231   
      2302:    587460.000000           1          134.7670   
      2303:    587490.000000           1          134.7799   
      2304:    587520.000000           1          134.7949   
      2305:    587550.000000           1          134.8088   
      2306:    587580.000000           1         -109.7162   
      2307:    587610.000000           1         -109.6888   
